70
-18 -40 1 24 -2 0 -1 -42 23 0 -18 0 0 0 6 -28 44 37 0 -2 0 -39 -48 35 35 0 -17 -32 0 -45 -42 -16 6 0 26 -13 6 23 0 5 0 29 43 -10 27 0 -30 -21 0 -2 -26 34 44 0 0 -15 0 0 -48 0 0 -15 -38 -38 0 -12 48 42 40 -38 
-1 -39 -6 47 -35 -24 0 13 -6 0 20 13 7 -6 -40 5 -9 24 0 0 1 0 -44 33 25 -8 49 0 48 -7 -32 20 -16 0 0 0 45 22 30 0 0 42 -13 27 4 33 0 25 -13 -2 0 25 7 29 -13 12 19 -39 -14 0 30 0 -21 12 38 -44 45 19 -39 0 
-39 -22 0 -25 -9 35 0 0 29 23 21 0 25 -8 30 -13 0 24 9 -21 49 0 0 0 0 0 -3 0 0 -17 -4 0 22 11 44 -29 13 0 -27 32 -16 3 27 -1 -14 -8 38 1 -4 18 -5 14 -26 0 -35 -49 8 0 35 0 11 0 -21 0 43 0 0 21 -30 0 
-6 0 -15 0 -30 -17 0 -31 34 -45 39 0 -46 29 0 36 0 0 33 4 -35 -22 -17 -8 -46 8 0 0 10 -24 11 23 13 5 -26 0 10 0 8 0 16 0 -22 -35 11 24 31 0 0 -30 -30 -38 -18 -39 0 -3 0 0 16 47 -12 37 -22 19 -3 0 2 48 -6 0 
47 -25 0 20 0 -16 0 0 -1 -8 0 0 -16 39 0 -21 2 0 -21 -7 -30 0 0 0 0 -8 -22 0 5 25 37 0 39 -20 35 0 -14 8 -17 0 12 -20 0 -23 0 -34 0 40 -30 0 43 45 -20 -34 5 -6 38 19 0 37 0 20 0 43 0 0 0 24 18 -28 
-35 -9 -30 0 -32 23 -19 9 0 -5 0 0 14 4 0 0 -41 23 -48 20 0 -35 42 -44 -13 -7 20 -11 37 0 -24 -45 32 0 -7 -30 20 16 7 46 -24 0 45 29 -6 0 0 42 -23 -32 41 -23 0 -26 -38 -39 38 25 -19 43 0 -42 47 19 0 -1 31 0 48 31 
-24 35 -17 -16 23 0 11 4 -34 -4 0 1 -12 8 -8 0 -3 -15 -21 -5 12 -14 0 0 -15 -9 -44 -34 24 -21 0 16 -12 -1 0 0 -48 0 0 -37 0 0 10 36 0 0 29 0 0 44 0 37 -6 -5 42 29 0 0 -26 -35 42 0 0 44 0 0 -35 8 13 -41 
0 0 0 0 -19 11 32 -8 -44 -38 -31 0 35 23 33 0 9 29 0 -22 0 -26 0 -19 22 0 -18 46 19 0 -47 4 0 -11 39 -6 0 33 -40 0 -42 -12 -43 3 18 -8 -48 -9 0 31 26 -20 32 0 -43 7 0 -46 -49 0 18 0 41 19 0 4 39 34 0 5 
13 0 -31 0 9 4 -8 -3 4 12 0 -33 30 40 -4 37 -7 -14 0 -48 -4 0 -3 -49 0 26 25 13 36 1 15 -17 -16 19 -20 34 0 47 10 0 -29 0 0 -18 0 -3 -39 0 -13 -6 -33 48 -42 21 3 9 0 -47 0 -18 12 0 -22 0 -14 0 0 -6 0 33 
-6 29 34 -1 0 -34 -44 4 -45 -10 14 21 -24 47 -42 16 0 0 -31 0 -5 36 -9 1 6 0 -43 35 -3 -27 0 -34 -6 -40 38 10 6 -49 36 -39 16 9 0 17 7 48 8 0 0 0 15 3 -42 0 19 -29 46 4 2 0 13 7 -41 20 0 0 2 0 -13 -12 
0 23 -45 -8 -5 -4 -38 12 -10 -16 20 -34 0 48 -39 -11 -26 -12 28 40 -8 -30 14 -30 -39 -48 49 0 0 2 30 10 10 38 4 0 30 -46 18 0 10 0 32 -10 -48 16 0 16 21 0 31 19 15 47 -9 0 -15 -6 -3 0 4 32 -31 0 20 -6 -42 -42 47 17 
20 21 39 0 0 0 -31 0 14 20 -38 -42 -27 -10 -39 0 0 17 0 -8 -32 -14 -49 -2 0 29 -39 30 0 -45 3 -3 -3 20 0 13 43 0 -47 -33 13 0 16 19 0 -41 0 -36 0 0 0 -44 0 47 -31 -46 10 0 32 -41 -4 -20 45 0 -35 0 28 47 0 -34 
13 0 0 0 0 1 0 -33 21 -34 -42 -10 5 0 -34 0 38 0 0 47 -40 0 46 38 0 0 36 41 -36 3 -46 8 -17 -6 -42 -29 -1 0 -1 -39 -42 38 -48 17 -23 17 0 0 0 -49 37 38 -15 0 40 -41 -8 0 21 0 -33 -16 41 17 -38 -5 15 -19 -4 -26 
7 25 -46 -16 14 -12 35 30 -24 0 -27 5 -31 -42 20 -16 -20 -27 -25 16 0 4 -30 0 24 27 -25 0 0 17 45 -22 39 -5 -8 0 0 -23 -2 0 -45 0 41 38 -11 0 7 0 0 -45 20 -22 1 20 -36 14 -29 -33 31 -4 16 -23 0 -14 -35 -23 -37 17 -2 -33 
-6 -8 29 39 4 8 23 40 47 48 -10 0 -42 0 -34 0 29 -2 7 0 24 -33 -45 -8 35 -38 -34 -14 -16 -23 29 0 -36 0 0 -6 10 29 -32 -12 29 0 11 43 40 -34 40 -2 -31 -16 28 9 -9 -19 3 -10 13 30 17 0 0 -39 -23 46 -31 9 -29 36 -35 -36 
-40 30 0 0 0 -8 33 -4 -42 -39 -39 -34 20 -34 21 -22 3 -43 42 0 27 8 44 -31 18 39 -14 -17 -11 -3 -18 -4 26 49 -1 -1 25 14 -35 36 35 27 1 13 49 4 5 0 0 0 18 42 35 -31 0 1 -1 34 -42 -37 40 0 33 31 44 0 23 -49 -25 -6 
5 -13 36 -21 0 0 0 37 16 -11 0 0 -16 0 -22 -46 49 24 -9 -41 -35 0 -8 0 -44 15 -26 -32 -4 0 -18 39 -24 32 -41 -27 20 12 0 -31 31 0 -39 0 0 0 -47 0 0 -20 -32 15 0 3 0 7 -9 0 0 12 -19 25 48 14 0 34 40 -12 42 2 
-9 0 0 2 -41 -3 9 -7 0 -26 0 38 -20 29 3 49 14 33 10 10 25 -33 0 -32 46 38 -40 -6 -42 -4 -15 40 0 0 -45 -8 -38 30 36 0 0 0 -10 0 27 17 48 -46 0 22 32 3 4 0 20 -19 36 0 0 24 0 43 0 46 26 0 19 -27 0 0 
24 24 0 0 23 -15 29 -14 0 -12 17 0 -27 -2 -43 24 33 -18 4 0 -22 -35 -8 -4 -30 -30 -7 0 48 0 15 0 30 0 -15 0 17 0 0 31 36 0 48 -25 9 0 0 0 41 0 6 25 25 0 42 0 37 6 42 37 15 -17 0 0 -29 -6 0 23 1 -16 
0 9 33 -21 -48 -21 0 0 -31 28 0 0 -25 7 42 -9 10 4 -6 19 21 19 0 0 2 -39 0 -28 47 -14 -11 0 0 -6 -28 20 33 0 44 0 0 26 -22 -34 0 17 25 -3 0 26 -31 -25 26 11 0 20 -39 -14 20 -48 0 0 18 -15 -23 41 -30 -5 -12 -2 
0 -21 4 -7 20 -5 -22 -48 0 40 -8 47 16 0 0 -41 10 0 19 -19 -10 34 35 -12 3 -44 -7 10 30 21 -9 0 -36 24 0 0 19 -14 -18 0 5 -37 -9 -20 27 0 -27 0 38 0 0 45 40 45 -35 -44 0 0 -16 0 15 21 49 43 5 -1 -5 0 0 -31 
1 49 -35 -30 0 12 0 -4 -5 -8 -32 -40 0 24 27 -35 25 -22 21 -10 -34 -41 26 -26 38 0 -24 43 -14 8 39 0 17 -21 -26 16 19 0 -8 0 47 -20 18 -7 0 0 38 0 0 19 -34 -44 0 0 -20 38 -47 29 36 38 0 0 0 -18 36 36 -1 0 -10 -7 
0 0 -22 0 -35 -14 -26 0 36 -30 -14 0 4 -33 8 0 -33 -35 19 34 -41 0 0 -49 -39 -12 39 0 0 0 -2 -22 34 -43 32 -7 -23 0 0 -14 0 7 0 -17 -12 0 -21 4 -13 38 0 18 0 34 43 2 33 25 0 4 0 31 0 -32 2 36 -38 8 -20 0 
-44 0 -17 0 42 0 0 -3 -9 14 -49 46 -30 -45 44 -8 0 -8 0 35 26 0 28 46 -36 0 32 -6 -42 11 28 -46 -49 29 0 -46 0 0 0 -43 2 44 7 0 0 0 -34 0 -11 29 -27 39 0 10 0 48 28 0 0 10 0 -15 10 7 0 0 34 -21 -9 -44 
33 0 -8 0 -44 0 -19 -49 1 -30 -2 38 0 -8 -31 0 -32 -4 0 -12 -26 -49 46 -38 20 36 -37 0 0 -4 0 0 3 -24 -35 29 19 39 25 -14 18 28 -46 -4 0 0 28 -46 -6 14 43 0 -38 0 25 22 -26 41 0 0 30 -36 0 -39 3 44 8 0 47 0 
25 0 -46 0 -13 -15 22 0 6 -39 0 0 24 35 18 -44 46 -30 2 3 38 -39 -36 20 -10 17 47 25 37 -13 13 13 0 0 -41 17 46 -10 0 7 47 0 35 1 -14 4 -41 0 -19 -28 0 -5 43 0 0 0 31 0 -31 11 -30 -21 8 0 -30 36 -42 0 0 10 
-8 0 8 -8 -7 -9 0 26 0 -48 29 0 27 -38 39 15 38 -30 -39 -44 0 -12 0 36 17 0 0 0 -38 39 -40 -23 3 41 -35 11 -30 0 0 0 -44 40 -7 32 16 10 12 44 35 44 39 -38 -29 0 -11 0 0 0 0 2 0 -32 44 -8 -5 -20 48 -28 29 -11 
49 -3 0 -22 20 -44 -18 25 -43 49 -39 36 -25 -34 -14 -26 -40 -7 0 -7 -24 39 32 -37 47 0 -13 -23 49 24 0 -21 42 -42 0 0 0 1 -15 0 0 44 -12 -16 3 -13 -36 -1 -37 0 0 12 -42 48 0 31 0 -14 29 0 0 -29 23 -20 32 -24 0 11 0 23 
0 0 0 0 -11 -34 46 13 35 0 30 41 0 -14 -17 -32 -6 0 -28 10 43 0 -6 0 25 0 -23 -39 -18 0 2 -17 0 0 34 16 43 0 0 0 0 28 -17 -38 26 -33 0 -34 -2 46 -2 -3 0 1 0 -25 -43 28 33 21 -27 0 0 -43 48 -41 44 -30 10 9 
48 0 10 5 37 24 19 36 -3 0 0 -36 0 -16 -11 -4 -42 48 47 30 -14 0 -42 0 37 -38 49 -18 0 -23 -18 -9 2 1 0 0 9 -36 0 48 0 25 31 -26 -5 -21 9 25 46 18 19 -31 -29 -38 39 12 21 -29 49 7 -32 0 0 20 -26 8 -47 7 0 0 
-7 -17 -24 25 0 -21 0 1 -27 2 -45 3 17 -23 -3 0 -4 0 -14 21 8 0 11 -4 -13 39 24 0 -23 42 0 16 -30 -14 -30 28 0 0 35 -10 8 0 0 -11 -29 11 26 -8 0 48 4 0 0 -27 -24 15 -48 34 0 41 -2 40 45 0 -13 0 -10 0 9 -9 
-32 -4 11 37 -24 0 -47 15 0 30 3 -46 45 29 -18 -18 -15 15 -11 -9 39 -2 28 0 13 -40 0 2 -18 0 0 0 0 -4 -32 -40 0 19 -10 31 0 -14 -31 2 37 -17 -49 -23 43 -5 -36 -14 -5 0 -12 1 -18 19 -42 -37 0 -5 -21 -49 10 24 0 -9 0 45 
20 0 23 0 -45 16 4 -17 -34 10 -3 8 -22 0 -4 39 40 0 0 0 0 -22 -46 0 13 -23 -21 -17 -9 16 0 -6 -44 -11 13 0 -20 0 -17 0 -32 -41 42 -5 20 47 32 -37 -44 0 -15 49 0 -44 -43 1 0 15 0 -10 2 0 0 -6 0 10 -7 2 3 0 
-16 22 13 39 32 -12 0 -16 -6 10 -3 -17 39 -36 26 -24 0 30 0 -36 17 34 -49 3 0 3 42 0 2 -30 0 -44 26 -18 28 32 -1 0 -23 -10 0 -39 -19 0 -6 -27 0 -43 0 0 19 13 -13 -16 7 -27 -42 -17 0 0 11 36 15 0 0 35 -3 -11 38 -32 
0 11 5 -20 0 -1 -11 19 -40 38 20 -6 -5 0 49 32 0 0 -6 24 -21 -43 29 -24 0 41 -42 0 1 -14 -4 -11 -18 49 45 -14 29 0 31 18 -22 0 -7 0 37 7 -46 45 33 36 8 31 35 0 0 -30 35 43 47 0 8 -7 -37 37 -12 -19 0 -37 0 -40 
0 44 -26 35 -7 0 39 -20 38 4 0 -42 -8 0 -1 -41 -45 -15 -28 0 -26 32 0 -35 -41 -35 0 34 0 -30 -32 13 28 45 0 20 -9 39 -24 43 46 44 0 -9 14 29 0 -37 0 32 -1 7 -28 18 8 -37 -48 38 0 -15 49 0 11 -33 -3 -19 -7 -20 -2 -15 
0 -29 0 0 -30 0 -6 34 10 0 13 -29 0 -6 -1 -27 -8 0 20 0 16 -7 -46 29 17 11 0 16 0 28 -40 0 32 -14 20 -32 -31 33 45 -34 -44 -11 18 -25 -23 0 0 13 42 -33 9 -38 -39 0 0 5 -32 0 -9 -41 5 5 0 -21 12 -1 47 -24 -35 -46 
45 13 10 -14 20 -48 0 0 6 30 43 -1 0 10 25 20 -38 17 33 19 19 -23 0 19 46 -30 0 43 9 0 0 -20 -1 29 -9 -31 37 -45 -2 0 -20 0 40 0 0 0 -31 -36 0 0 -42 -29 26 -28 34 0 24 -9 -42 -3 -47 41 21 49 30 0 0 -39 -39 -8 
22 0 0 8 16 0 33 47 -49 -46 0 0 -23 29 14 12 30 0 0 -14 0 0 0 39 -10 0 1 0 -36 0 19 0 0 0 39 33 -45 -11 -1 0 0 0 23 0 8 44 0 30 -21 30 43 0 0 -44 -42 0 13 -17 36 38 0 14 -6 -11 -26 0 20 47 -35 -17 
30 -27 8 -17 7 0 -40 10 36 18 -47 -1 -2 -32 -35 0 36 0 44 -18 -8 0 0 25 0 0 -15 0 0 35 -10 -17 -23 31 -24 45 -2 -1 -19 0 0 0 10 -18 31 0 6 0 0 0 0 21 -14 0 0 43 0 -10 30 0 15 0 -24 35 6 0 0 -23 -24 -23 
0 32 0 0 46 -37 0 0 -39 0 -33 -39 0 -12 36 -31 0 31 0 0 0 -14 -43 -14 7 0 0 0 48 -10 31 0 -10 18 43 -34 0 0 0 33 -16 30 0 41 43 0 -13 38 0 -12 0 -34 -20 38 18 -22 0 44 15 -31 20 33 -20 40 -30 -48 -22 0 44 12 
0 -16 16 12 -24 0 -42 -29 16 10 13 -42 -45 29 35 31 0 36 0 5 47 0 2 18 47 -44 0 0 0 8 0 -32 0 -22 46 -44 -20 0 0 -16 0 -23 0 0 49 -19 -11 41 0 -46 -48 0 17 0 0 6 24 0 -36 -44 0 0 -9 -10 -41 8 36 40 0 -30 
42 3 0 -20 0 0 -12 0 9 0 0 38 0 0 27 0 0 0 26 -37 -20 7 44 28 0 40 44 28 25 0 -14 -41 -39 0 44 -11 0 0 0 30 -23 0 0 0 0 0 -8 -5 -1 0 1 11 -49 0 0 32 38 43 8 -26 0 -5 -3 -42 33 0 24 43 0 -34 
-13 27 -22 0 45 10 -43 0 0 32 16 -48 41 11 1 -39 -10 48 -22 -9 18 0 7 -46 35 -7 -12 -17 31 0 -31 42 -19 -7 0 18 40 23 10 0 0 0 6 0 -36 27 -44 -41 0 0 0 -46 -6 26 -13 -19 39 0 -32 0 0 -32 35 20 33 -39 0 31 0 15 
27 -1 -35 -23 29 36 3 -18 17 -10 19 17 38 43 13 0 0 -25 -34 -20 -7 -17 0 -4 1 32 -16 -38 -26 -11 2 -5 0 0 -9 -25 0 0 -18 41 0 0 0 -20 -2 0 13 -3 -47 26 0 0 -26 7 9 3 12 0 13 15 2 -22 0 0 -49 -9 39 -41 -44 41 
4 -14 11 0 -6 0 18 0 7 -48 0 -23 -11 40 49 0 27 9 0 27 0 -12 0 0 -14 16 3 26 -5 -29 37 20 -6 37 14 -23 0 8 31 43 49 0 -36 -2 0 0 47 49 23 6 -14 -34 13 45 41 0 -46 -43 44 0 0 0 23 -40 24 0 -31 31 -45 43 
33 -8 24 -34 0 0 -8 -3 48 16 -41 17 0 -34 4 0 17 0 17 0 0 0 0 0 4 10 -13 -33 -21 11 -17 47 -27 7 29 0 0 44 0 0 -19 0 27 0 0 -38 0 0 -31 -3 0 -19 -43 32 -16 43 49 0 35 19 -23 -2 21 -16 0 -18 0 -1 0 -7 
0 38 31 0 0 29 -48 -39 8 0 0 0 7 40 5 -47 48 0 25 -27 38 -21 -34 28 -41 12 -36 0 9 26 -49 32 0 -46 0 0 -31 0 6 -13 -11 -8 -44 13 47 0 7 40 -16 0 0 0 36 5 46 45 -47 0 10 0 -4 -20 -49 0 6 30 -4 0 28 -27 
25 1 0 40 42 0 -9 0 0 16 -36 0 0 -2 0 0 -46 0 -3 0 0 4 0 -46 0 44 -1 -34 25 -8 -23 -37 -43 45 -37 13 -36 30 0 38 41 -5 -41 -3 49 0 40 25 9 48 17 0 3 32 -18 -49 0 -32 28 -33 10 0 -26 21 -32 7 0 0 -19 0 
-13 -4 0 -30 -23 0 0 -13 0 21 0 0 0 -31 0 0 0 41 0 38 0 -13 -11 -6 -19 35 -37 -2 46 0 43 -44 0 33 0 42 0 -21 0 0 0 -1 0 -47 23 -31 -16 9 6 0 -33 45 43 5 22 -24 45 0 10 -32 -32 0 0 1 29 0 13 36 0 0 
-2 18 -30 0 -32 44 31 -6 0 0 0 -49 -45 -16 0 -20 22 0 26 0 19 38 29 14 -28 44 0 46 18 48 -5 0 0 36 32 -33 0 30 0 -12 -46 0 0 26 6 -3 0 48 0 -10 17 28 0 -14 31 32 -14 38 38 32 -42 -11 41 -48 35 0 -22 0 40 9 
0 -5 -30 43 41 0 26 -33 15 31 0 37 20 28 18 -32 32 6 -31 0 -34 0 -27 43 0 39 0 -2 19 4 -36 -15 19 8 -1 9 -42 43 0 0 -48 1 0 0 -14 0 0 17 -33 17 0 33 15 -32 46 41 0 40 -27 -19 0 -21 -4 -21 0 0 -16 0 46 -48 
25 14 -38 45 -23 37 -20 48 3 19 -44 38 -22 9 42 15 3 25 -25 45 -44 18 39 0 -5 -38 12 -3 -31 0 -14 49 13 31 7 -38 -29 0 21 -34 0 11 -46 0 -34 -19 0 0 45 28 33 0 0 -40 2 -25 -31 3 0 -29 -5 -31 0 38 -19 -21 0 -26 41 -44 
7 -26 -18 -20 0 -6 32 -42 -42 15 0 -15 1 -9 35 0 4 25 26 40 0 0 0 -38 43 -29 -42 0 -29 0 -5 0 -13 35 -28 -39 26 0 -14 -20 17 -49 -6 -26 13 -43 36 3 43 0 15 0 -45 14 -10 49 -38 0 -22 31 -9 -3 0 -14 23 0 0 -3 0 38 
29 0 -39 -34 -26 -5 0 21 0 47 47 0 20 -19 -31 3 0 0 11 45 0 34 10 0 0 0 48 1 -38 -27 0 -44 -16 0 18 0 -28 -44 0 38 0 0 26 7 45 32 5 32 5 -14 -32 -40 14 0 0 -49 9 -14 -11 0 0 0 -49 2 -5 -43 0 -38 0 0 
-13 -35 0 5 -38 42 -43 3 19 -9 -31 40 -36 3 0 0 20 42 0 -35 -20 43 0 25 0 -11 0 0 39 -24 -12 -43 7 0 8 0 34 -42 0 18 0 0 -13 9 41 -16 46 -18 22 31 46 2 -10 0 14 27 34 2 -40 0 0 -22 12 0 -18 0 28 -32 -14 0 
12 -49 -3 -6 -39 29 7 9 -29 0 -46 -41 14 -10 1 7 -19 0 20 -44 38 2 48 22 0 0 31 -25 12 15 1 1 -27 -30 -37 5 0 0 43 -22 6 32 -19 3 0 43 45 -49 -24 32 41 -25 49 -49 27 -40 33 36 0 -27 -41 46 -2 -27 -29 17 -10 -45 31 0 
19 8 0 38 38 0 0 0 46 -15 10 -8 -29 13 -1 -9 36 37 -39 0 -47 33 28 -26 31 0 0 -43 21 -48 -18 0 -42 35 -48 -32 24 13 0 0 24 38 39 12 -46 49 -47 0 45 -14 0 -31 -38 9 34 33 -22 15 12 16 -43 -24 0 13 1 0 -29 -23 -14 0 
-39 0 0 19 25 0 -46 -47 4 -6 0 0 -33 30 34 0 0 6 -14 0 29 25 0 41 0 0 -14 28 -29 34 19 15 -17 43 38 0 -9 -17 -10 44 0 43 0 0 -43 0 0 -32 0 38 40 3 0 -14 2 36 15 0 39 7 3 0 -28 -43 -44 36 -23 34 0 0 
-14 35 16 0 -19 -26 -49 0 2 -3 32 21 31 17 -42 0 0 42 20 -16 36 0 0 0 -31 0 29 33 49 0 -42 0 0 47 0 -9 -42 36 30 15 -36 8 -32 13 44 35 10 28 10 38 -27 0 -22 -11 -40 0 12 39 29 35 23 14 0 14 43 20 -31 -13 -30 0 
0 0 47 37 43 -35 0 -18 0 0 -41 0 -4 0 -37 12 24 37 -48 0 38 4 10 0 11 2 0 21 7 41 -37 -10 0 0 -15 -41 -3 38 0 -31 -44 -26 0 15 0 19 0 -33 -32 32 -19 -29 31 0 0 -27 16 7 35 -48 8 21 0 37 25 -10 0 0 0 29 
30 11 -12 0 0 42 18 12 13 4 -4 -33 16 0 40 -19 0 15 0 15 0 0 0 30 -30 0 0 -27 -32 -2 0 2 11 8 49 5 -47 0 15 20 0 0 0 2 0 -23 -4 10 -32 -42 0 -5 -9 0 0 -41 -43 3 23 8 12 8 0 10 -39 0 -36 23 22 0 
0 0 37 20 -42 0 0 0 7 32 -20 -16 -23 -39 0 25 43 -17 0 21 0 31 -15 -36 -21 -32 -29 0 0 40 -5 0 36 -7 0 5 41 14 0 33 0 -5 -32 -22 0 -2 -20 0 0 -11 -21 -31 -3 0 -22 46 -24 0 14 21 8 1 28 20 -40 -21 -48 0 9 12 
-21 -21 -22 0 47 0 41 -22 -41 -31 45 41 0 -23 33 48 0 0 18 49 0 0 10 0 8 44 23 0 0 45 -21 0 15 -37 11 0 21 -6 -24 -20 -9 -3 35 0 23 21 -49 -26 0 41 -4 0 0 -49 12 -2 0 -28 0 0 0 28 -46 0 17 11 35 24 20 0 
12 0 19 43 19 44 19 0 20 0 0 17 -14 46 31 14 46 0 -15 43 -18 -32 7 -39 0 -8 -20 -43 20 0 -49 -6 0 37 -33 -21 49 -11 35 40 -10 -42 20 0 -40 -16 0 21 1 -48 -21 38 -14 2 0 -27 13 -43 14 37 10 20 0 0 -47 29 36 0 -44 -21 
38 43 -3 0 0 0 0 -14 0 20 -35 -38 -35 -31 44 0 26 -29 -23 5 36 2 0 3 -30 -5 32 48 -26 -13 10 0 0 -12 -3 12 30 -26 6 -30 -41 33 33 -49 24 0 6 -32 29 35 0 -19 23 -5 -18 -29 1 -44 43 25 -39 -40 17 -47 23 -1 0 23 -42 -12 
-44 0 0 0 -1 0 4 0 0 -6 0 -5 -23 9 0 34 0 -6 41 -1 36 36 0 44 36 -20 -24 -41 8 0 24 10 35 -19 -19 -1 0 0 0 -48 8 0 -39 -9 0 -18 30 7 0 0 0 -21 0 -43 0 17 0 36 20 -10 0 -21 11 29 -1 0 -33 -4 0 -5 
45 0 2 0 31 -35 39 0 2 -42 28 15 -37 -29 23 40 19 0 -30 -5 -1 -38 34 8 -42 48 0 44 -47 -10 0 -7 -3 0 -7 47 0 20 0 -22 36 24 0 39 -31 0 -4 0 13 -22 -16 0 0 0 28 -10 -29 -23 -31 0 -36 -48 35 36 0 -33 0 0 -26 43 
19 21 48 24 0 8 34 -6 0 -42 47 -19 17 36 -49 -12 -27 23 -5 0 0 8 -21 0 0 -28 11 -30 7 0 -9 2 -11 -37 -20 -24 -39 47 -23 0 40 43 31 -41 31 -1 0 0 36 0 0 -26 -3 -38 -32 -45 -23 34 -13 0 23 0 24 0 23 -4 0 0 0 0 
-39 -30 -6 18 48 13 0 0 -13 47 0 -4 -2 -35 -25 42 0 1 -12 0 -10 -20 -9 47 0 29 0 10 0 9 0 3 38 0 -2 -35 -39 -35 -24 44 0 0 0 -44 -45 0 28 -19 0 40 46 41 0 0 -14 31 -14 0 -30 0 22 9 20 -44 -42 0 -26 0 42 0 
0 0 0 -28 31 -41 5 33 -12 17 -34 -26 -33 -36 -6 2 0 -16 -2 -31 -7 0 -44 0 10 -11 23 9 0 -9 45 0 -32 -40 -15 -46 -8 -17 -23 12 -30 -34 15 41 43 -7 -27 0 0 9 -48 -44 38 0 0 0 0 0 0 29 0 12 0 -21 -12 -5 43 0 0 -26 
