90
0 0 -11 0 0 -27 0 0 0 -49 0 0 0 0 0 0 0 -41 0 0 -13 0 0 0 0 27 0 0 0 0 10 0 0 0 0 0 0 0 0 0 0 0 0 0 -36 0 0 0 0 0 0 0 17 0 -49 0 0 0 35 -34 0 0 0 0 0 0 0 0 0 0 0 0 0 -5 48 0 -38 0 0 46 0 0 0 -35 0 0 0 4 38 0 
0 -32 0 25 0 0 -18 0 0 0 0 -20 6 0 0 0 0 -45 0 0 0 0 0 0 0 0 0 0 -28 0 0 42 0 0 0 0 -49 -6 1 0 0 0 0 0 0 -16 0 -41 0 0 0 0 0 0 0 0 0 -41 0 0 0 23 0 -41 -7 0 -41 0 0 0 1 0 0 0 3 -12 0 1 0 0 0 43 0 0 0 0 23 0 0 0 
-32 0 0 0 -25 18 0 0 0 0 0 -10 0 46 -41 0 0 0 0 21 0 0 0 0 -20 0 0 0 0 5 0 0 0 0 0 -6 0 0 0 0 0 0 0 0 0 0 0 0 0 0 0 -48 0 0 0 0 0 0 0 0 0 0 0 -41 0 0 0 0 -3 0 38 0 0 0 0 0 0 0 0 0 -9 0 0 0 0 0 0 0 0 12 
0 0 0 0 0 0 0 17 0 0 22 -8 0 -16 0 36 0 0 0 0 0 0 0 0 0 -1 18 0 0 0 0 32 32 0 0 36 0 -45 0 0 0 0 0 0 -32 0 0 0 0 0 0 0 0 0 0 0 0 0 -30 0 0 0 -33 0 0 0 0 0 0 0 0 0 0 7 0 0 -41 0 0 0 0 0 0 0 0 0 0 0 0 0 
25 0 0 -27 0 0 0 25 0 0 0 -31 0 34 0 -18 0 0 0 16 -43 0 28 -8 0 0 0 0 0 0 0 0 0 1 0 0 0 -48 -14 7 0 1 0 0 0 0 0 0 0 -43 0 0 0 0 0 5 36 0 41 41 0 0 0 0 0 0 0 0 0 -25 0 0 0 9 14 0 0 13 0 0 0 0 -21 35 0 -8 0 0 0 0 
0 -25 0 0 34 -16 0 42 8 0 0 0 0 0 -35 0 0 0 0 0 0 0 0 0 0 0 0 0 25 -42 0 0 5 0 0 0 33 0 0 0 -31 0 18 0 -25 0 -7 -47 -45 0 0 0 0 0 0 0 0 0 -13 0 39 19 0 0 0 0 0 0 0 0 0 0 0 -28 0 0 0 0 -38 3 0 0 0 0 0 0 0 0 0 -45 
0 18 0 0 -16 0 0 0 0 0 0 0 4 0 20 43 0 0 0 0 0 0 12 -7 -49 0 0 0 0 0 0 0 0 0 -41 0 -44 0 0 0 0 0 0 0 0 0 0 0 -18 0 0 -2 0 39 0 0 0 0 45 0 0 0 0 41 0 0 -28 0 42 0 0 0 0 0 0 0 -46 0 0 0 0 0 0 0 0 -6 0 0 0 0 
-18 0 0 0 0 0 0 0 0 0 0 -25 -36 39 0 0 0 0 0 47 0 -43 0 0 0 0 0 0 25 -4 0 0 0 -5 0 0 0 -21 0 10 3 -37 0 0 0 0 0 0 0 5 0 0 0 0 -29 0 -17 0 -27 0 0 0 0 35 0 0 0 0 0 0 0 0 1 0 45 0 0 0 0 0 0 0 -2 35 0 0 0 -27 0 -8 
0 0 17 25 42 0 0 4 0 0 0 0 0 0 -15 0 0 -7 -49 0 0 0 -43 0 0 0 0 0 43 0 -47 0 0 0 0 34 -43 0 0 0 -5 0 -18 0 0 0 0 0 44 0 0 9 0 8 0 25 0 0 0 0 0 0 0 0 0 0 0 0 0 0 -43 0 0 0 0 0 0 0 0 0 0 17 0 0 0 -6 0 -49 0 0 
0 0 0 0 8 0 0 0 0 0 0 0 0 34 47 0 0 0 0 0 0 0 0 0 -9 0 0 0 0 -1 -25 11 0 0 -37 0 0 0 0 0 0 0 20 -31 0 0 0 -40 0 -24 0 0 0 0 0 0 -31 0 25 0 0 0 -13 1 0 0 0 0 0 0 -19 0 0 0 -42 -23 -8 0 3 -16 20 -19 0 0 0 0 0 0 0 0 
0 0 0 0 0 0 0 0 0 0 0 0 0 0 -16 0 0 0 0 0 0 0 0 -29 0 0 0 0 0 -22 0 0 0 0 0 0 33 -1 0 0 35 0 0 0 0 0 0 0 0 0 0 0 0 19 0 -41 0 0 0 -14 0 0 0 0 3 26 25 19 0 0 0 0 0 0 17 0 0 0 0 0 0 0 0 0 -49 0 48 0 -27 0 
0 0 22 0 0 0 0 0 0 0 0 0 0 0 0 12 0 -20 0 0 -24 0 0 0 0 0 0 0 0 0 0 0 0 0 2 0 0 -4 -15 0 0 0 24 0 0 0 9 0 0 0 0 -45 0 0 22 0 1 0 0 0 0 0 47 0 0 0 0 0 0 0 0 0 0 -39 -46 0 2 0 0 0 0 0 0 -13 0 0 -2 0 0 0 
-20 -10 -8 -31 0 0 -25 0 0 0 0 0 -25 14 -10 0 0 0 0 0 0 0 -47 12 -40 0 0 47 0 24 40 0 33 0 35 0 0 25 -37 0 0 34 33 0 0 35 5 40 0 0 0 0 0 -17 0 0 0 -38 -24 0 0 0 0 28 -24 0 0 0 0 0 0 0 9 0 0 5 -46 0 0 0 0 0 -35 0 0 0 0 0 0 0 
6 0 0 0 0 4 -36 0 0 0 0 -25 0 -40 0 0 0 0 0 0 -43 0 0 -46 0 0 0 -39 0 0 0 0 0 0 -43 0 0 10 0 0 0 0 0 0 0 47 -46 0 0 -9 0 0 0 35 0 0 0 0 0 0 0 0 0 -41 12 0 0 0 29 17 0 -7 0 0 0 -4 0 0 35 0 0 0 -36 0 0 34 -49 0 0 0 
0 46 -16 34 0 0 39 0 34 0 0 14 -40 0 9 -7 0 0 0 -41 0 -14 0 0 -46 -30 0 -7 0 0 0 4 -11 0 -7 0 0 20 0 -23 -26 0 0 0 0 0 0 0 0 0 0 0 0 0 0 0 0 0 0 0 0 0 0 0 0 12 9 0 0 0 0 0 14 0 0 0 0 0 0 -35 0 0 0 46 0 -25 9 0 -22 0 
0 -41 0 0 -35 20 0 -15 47 -16 0 -10 0 9 0 0 0 0 0 0 0 1 0 0 0 -46 0 27 0 0 -44 0 0 0 0 0 0 -44 15 0 -14 0 0 0 0 0 -39 0 0 0 0 0 0 -14 0 0 0 0 0 28 0 35 0 0 0 -41 0 0 0 0 0 0 0 0 0 0 0 0 0 -34 0 0 -48 0 0 -5 0 0 0 26 
0 0 36 -18 0 43 0 0 0 0 12 0 0 -7 0 0 32 8 0 0 0 0 0 0 0 0 0 0 0 0 0 0 0 0 -47 0 0 0 0 0 0 0 0 0 0 0 0 0 27 0 0 0 0 43 0 0 0 0 -39 46 0 37 0 0 0 0 0 0 0 0 0 0 0 0 0 0 0 0 0 -46 0 0 0 0 0 0 0 0 0 0 
0 0 0 0 0 0 0 0 0 0 0 0 0 0 0 32 0 0 8 0 -34 0 -12 0 0 0 38 0 0 0 0 0 0 34 0 47 0 0 0 0 -45 0 0 0 0 0 0 0 0 0 -13 0 -23 0 0 0 0 0 36 -32 0 0 0 0 15 0 -1 0 0 0 0 0 -11 0 0 0 0 0 0 0 0 0 0 0 10 0 0 16 0 0 
-45 0 0 0 0 0 0 -7 0 0 -20 0 0 0 0 8 0 9 0 0 0 0 0 0 29 0 0 0 0 -49 0 0 0 0 0 0 -10 0 0 2 0 0 46 0 0 0 -41 0 0 0 0 0 -5 0 0 23 0 37 0 0 0 0 0 0 0 0 0 0 0 0 7 0 0 0 -27 -45 28 0 0 0 0 -43 0 -20 0 11 0 0 0 0 
0 0 0 0 0 0 0 -49 0 0 0 0 0 0 0 0 8 0 11 0 0 0 0 0 0 0 0 0 0 12 0 0 0 26 -16 0 -40 -17 0 0 0 0 -9 0 -30 0 0 0 9 47 0 0 45 0 0 0 0 0 0 0 0 22 0 0 0 0 0 0 0 0 0 0 0 49 0 0 -14 0 0 0 0 -21 -28 -37 0 21 0 0 0 0 
0 21 0 16 0 0 47 0 0 0 0 0 0 -41 0 0 0 0 0 0 -41 -39 0 0 0 -4 0 0 0 0 0 -8 0 0 -18 -32 0 0 0 0 0 11 0 14 0 0 0 0 -23 0 44 0 0 0 21 0 -23 0 -21 -30 0 0 24 0 0 0 0 43 0 0 0 -24 0 0 0 0 0 -15 3 0 8 33 -6 -16 0 0 0 0 0 0 
0 0 0 -43 0 0 0 0 0 0 -24 0 -43 0 0 0 -34 0 0 -41 0 0 0 0 -35 0 0 -2 0 0 44 0 0 0 0 0 0 0 0 -19 0 -41 0 0 0 0 0 0 0 0 0 0 0 -34 -4 0 0 -21 0 0 0 0 0 0 0 0 0 0 0 0 0 0 -30 0 0 0 0 0 0 0 0 -2 0 0 -12 0 0 0 0 0 
0 0 0 0 0 0 -43 0 0 0 0 0 0 -14 1 0 0 0 0 -39 0 0 0 0 0 0 0 0 0 0 0 -27 25 0 0 0 0 0 0 0 30 0 30 -21 0 0 0 0 0 0 0 0 0 0 0 0 0 37 0 7 0 0 0 0 0 0 0 0 0 0 0 0 -15 2 0 -27 0 0 0 0 0 -12 0 0 0 0 -5 0 -43 0 
0 0 0 28 0 12 0 -43 0 0 0 -47 0 0 0 0 -12 0 0 0 0 0 0 0 -25 0 -38 36 0 0 0 0 -41 0 -6 11 0 40 29 -6 0 0 0 0 -17 0 0 0 0 0 0 0 0 0 0 37 0 0 0 0 0 0 8 48 -31 0 46 0 0 0 0 0 0 -9 0 0 26 0 0 0 0 0 0 0 0 0 0 0 0 28 
0 0 0 -8 0 -7 0 0 0 -29 0 12 -46 0 0 0 0 0 0 0 0 0 0 0 0 27 0 -44 0 0 0 0 0 -5 0 0 0 0 0 0 0 -37 0 0 0 0 0 0 0 0 0 0 0 0 21 0 48 -36 0 0 37 0 0 0 0 -40 0 0 -27 0 0 0 0 0 0 0 0 0 0 -26 0 20 48 0 0 28 0 8 0 0 
0 -20 0 0 0 -49 0 0 -9 0 0 -40 0 -46 0 0 0 29 0 0 -35 0 -25 0 0 0 15 0 0 0 0 0 0 0 0 -41 0 0 -39 0 0 0 28 0 0 0 0 0 0 0 0 0 -36 11 0 0 0 14 0 0 0 0 0 36 -17 0 0 0 0 0 0 0 0 0 0 0 0 -13 0 0 31 0 0 0 0 0 -31 48 0 0 
0 0 -1 0 0 0 0 0 0 0 0 0 0 -30 -46 0 0 0 0 -4 0 0 0 27 0 0 0 0 0 0 39 0 0 0 0 9 0 0 34 0 0 0 8 0 0 0 0 0 0 0 0 0 0 0 0 -12 0 47 0 -14 15 0 -22 0 0 -29 37 0 0 0 0 30 0 0 0 0 0 0 -29 0 0 0 13 0 8 0 0 43 0 0 
0 0 18 0 0 0 0 0 0 0 0 0 0 0 0 0 38 0 0 0 0 0 -38 0 15 0 12 0 -48 -12 0 0 0 -16 0 36 0 21 0 0 0 0 39 0 0 0 0 0 -42 0 0 -8 26 0 0 0 0 0 0 0 11 -25 13 0 0 -3 3 0 4 0 0 0 30 0 0 0 -23 0 0 0 0 0 0 0 0 0 0 0 0 0 
0 0 0 0 0 0 0 0 0 0 0 47 -39 -7 27 0 0 0 0 0 -2 0 36 -44 0 0 0 0 0 0 0 0 0 21 1 0 0 -13 0 0 0 0 0 0 0 0 29 0 0 -11 -12 0 11 0 0 -5 0 0 35 0 0 -36 -2 0 3 0 0 0 0 0 0 0 0 0 0 0 31 0 0 0 0 0 13 0 0 0 8 -14 0 0 
-28 0 0 0 25 0 25 43 0 0 0 0 0 0 0 0 0 0 0 0 0 0 0 0 0 0 -48 0 0 0 0 -31 0 0 0 37 0 0 22 36 0 0 0 0 0 0 0 0 0 0 0 0 -18 0 0 0 0 0 0 0 37 9 -45 0 0 0 0 0 0 0 0 0 0 0 0 0 0 0 0 0 0 0 0 42 0 0 0 0 0 48 
0 5 0 0 -42 0 -4 0 -1 -22 0 24 0 0 0 0 0 -49 12 0 0 0 0 0 0 0 -12 0 0 -5 0 49 0 3 0 0 0 0 0 -23 0 0 0 0 0 0 0 0 0 0 0 -36 0 0 0 0 0 -11 16 0 31 0 0 -15 0 0 12 0 0 0 0 0 45 0 7 0 0 -44 0 0 0 -45 10 0 0 0 -11 45 0 0 
0 0 0 0 0 0 0 -47 -25 0 0 40 0 0 -44 0 0 0 0 0 44 0 0 0 0 39 0 0 0 0 -42 49 34 0 16 0 -10 23 -21 0 0 -9 0 -42 0 0 0 0 0 0 0 0 0 0 0 0 0 -15 0 -21 0 0 0 0 0 37 -48 -11 8 0 0 19 0 0 0 0 0 0 0 0 0 24 0 0 0 0 0 0 0 -29 
42 0 32 0 0 0 0 0 11 0 0 0 0 4 0 0 0 0 0 -8 0 -27 0 0 0 0 0 0 -31 49 49 -41 0 49 0 0 16 0 37 0 0 0 -3 0 12 0 0 0 10 0 0 0 0 0 0 0 0 0 0 -22 0 -22 0 0 0 0 0 0 0 0 0 0 0 0 44 0 0 0 0 0 0 -44 -16 0 0 0 -31 0 0 0 
0 0 32 0 5 0 0 0 0 0 0 33 0 -11 0 0 0 0 0 0 0 25 -41 0 0 0 0 0 0 0 34 0 0 0 0 0 0 0 0 1 -5 0 0 0 0 0 27 0 0 0 0 0 0 -13 0 0 0 0 0 0 8 0 0 0 0 0 0 -38 0 0 0 0 -6 0 -15 -10 0 -16 0 0 0 0 0 12 -2 0 -21 0 0 41 
0 0 0 1 0 0 -5 0 0 0 0 0 0 0 0 0 34 0 26 0 0 0 0 -5 0 0 -16 21 0 3 0 49 0 0 0 31 0 -2 -33 0 0 0 0 0 -1 0 0 0 0 0 44 0 0 0 0 -8 0 14 0 0 -2 0 0 10 0 0 0 -34 0 0 0 0 0 -42 -2 0 0 0 0 0 0 0 0 0 0 0 0 18 0 0 
0 0 0 0 0 -41 0 0 -37 0 2 35 -43 -7 0 -47 0 0 -16 -18 0 0 -6 0 0 0 0 1 0 0 16 0 0 0 0 -6 0 0 0 0 0 -28 0 0 0 0 0 0 0 0 0 0 0 0 0 -28 -5 -16 0 -4 0 0 0 0 0 0 26 0 44 0 0 0 36 0 0 -6 -25 0 0 0 0 0 0 28 0 0 0 0 0 0 
0 -6 36 0 0 0 0 34 0 0 0 0 0 0 0 0 47 0 0 -32 0 0 11 0 -41 9 36 0 37 0 0 0 0 31 -6 0 0 0 0 0 0 0 0 0 0 0 0 0 0 0 0 0 -12 0 0 0 8 0 0 0 0 0 0 0 0 0 -47 0 0 0 0 0 0 0 0 0 7 0 41 2 -11 0 24 0 0 0 0 0 0 0 
-49 0 0 0 33 -44 0 -43 0 33 0 0 0 0 0 0 0 -10 -40 0 0 0 0 0 0 0 0 0 0 0 -10 16 0 0 0 0 0 0 0 0 -49 -6 -12 45 0 0 0 0 -42 0 0 37 0 0 0 0 0 -19 0 47 0 0 0 0 0 0 -34 0 0 0 0 0 0 31 0 41 0 0 0 0 0 0 0 -6 0 0 0 0 37 0 
-6 0 -45 -48 0 0 -21 0 0 -1 -4 25 10 20 -44 0 0 0 -17 0 0 0 40 0 0 0 21 -13 0 0 23 0 0 -2 0 0 0 0 46 0 -4 0 0 0 0 0 0 20 0 0 0 0 -35 0 0 0 0 42 0 0 0 0 0 9 0 28 0 45 0 0 0 0 0 0 -34 0 0 0 0 0 0 0 0 -19 -31 0 0 0 0 0 
1 0 0 -14 0 0 0 0 0 0 -15 -37 0 0 15 0 0 0 0 0 0 0 29 0 -39 34 0 0 22 0 -21 37 0 -33 0 0 0 46 0 14 8 0 0 -3 0 0 0 30 0 41 0 11 0 14 30 39 49 -19 -3 0 0 -19 0 0 -42 0 0 0 0 0 0 0 0 0 0 6 0 0 0 0 45 0 0 0 0 0 0 0 22 0 
0 0 0 7 0 0 10 0 0 0 0 0 0 -23 0 0 0 2 0 0 -19 0 -6 0 0 0 0 0 36 -23 0 0 1 0 0 0 0 0 14 36 0 -15 11 17 0 -33 -30 0 13 0 0 -15 23 0 0 0 0 -1 0 0 -33 0 0 0 0 0 0 7 0 2 -17 0 -16 0 0 0 49 -33 0 -11 0 0 0 0 0 -6 -9 0 40 -8 
0 0 0 0 -31 0 3 -5 0 35 0 0 0 -26 -14 0 -45 0 0 0 0 30 0 0 0 0 0 0 0 0 0 0 -5 0 0 0 -49 -4 8 0 0 0 43 0 41 0 0 25 0 30 -39 0 2 44 3 10 -18 0 0 0 0 -28 0 0 0 0 0 0 0 0 0 0 0 0 0 0 0 0 0 0 0 0 0 -32 0 18 -46 0 -39 0 
0 0 0 1 0 0 -37 0 0 0 0 34 0 0 0 0 0 0 0 11 -41 0 0 -37 0 0 0 0 0 0 -9 0 0 0 -28 0 -6 0 0 -15 0 0 0 0 0 7 0 35 0 10 0 0 0 0 0 0 0 0 0 -36 0 0 0 22 0 0 0 0 0 0 0 0 0 0 -47 0 -48 0 15 0 0 0 0 0 48 44 0 -12 -12 0 
0 0 0 0 18 0 0 -18 20 0 24 33 0 0 0 0 0 46 -9 0 0 30 0 0 28 8 39 0 0 0 0 -3 0 0 0 0 -12 0 0 11 43 0 0 -14 0 0 -36 0 45 0 0 0 0 6 -9 0 0 0 0 0 29 0 0 0 25 0 -21 18 0 0 0 0 0 0 44 0 0 0 0 0 0 0 0 0 25 0 0 0 0 0 
0 0 0 0 0 0 0 0 -31 0 0 0 0 0 0 0 0 0 0 14 0 -21 0 0 0 0 0 0 0 0 -42 0 0 0 0 0 45 0 -3 17 0 0 -14 0 0 0 0 0 39 0 0 0 0 0 0 0 0 0 29 0 0 0 0 0 0 -27 0 0 0 0 0 0 0 5 0 0 -19 0 0 0 0 0 0 0 0 0 0 -12 0 0 
0 0 -32 0 -25 0 0 0 0 0 0 0 0 0 0 0 0 0 -30 0 0 0 -17 0 0 0 0 0 0 0 0 12 0 -1 0 0 0 0 0 0 41 0 0 0 0 0 -21 -36 -43 0 0 0 0 0 46 0 0 0 0 2 0 0 -24 0 0 0 0 0 0 0 -46 0 0 0 0 0 0 0 28 0 0 0 -47 0 -36 49 0 0 0 0 
-16 0 0 0 0 0 0 0 0 0 0 35 47 0 0 0 0 0 0 0 0 0 0 0 0 0 0 0 0 0 0 0 0 0 0 0 0 0 0 -33 0 7 0 0 0 0 0 0 0 0 0 0 0 0 0 0 0 -49 0 0 0 0 0 0 0 -42 0 0 -13 21 0 0 0 49 0 0 0 0 0 0 6 0 0 0 0 0 0 0 0 0 
0 0 0 0 -7 0 0 0 0 0 9 5 -46 0 -39 0 0 -41 0 0 0 0 0 0 0 0 0 29 0 0 0 0 27 0 0 0 0 0 0 -30 0 0 -36 0 -21 0 0 0 0 0 0 0 32 0 0 0 0 0 0 0 0 -29 0 0 -36 0 0 -14 0 -48 0 0 0 0 0 0 0 0 0 0 34 31 -37 23 0 0 0 0 0 25 
-41 0 0 0 -47 0 0 0 -40 0 0 40 0 0 0 0 0 0 0 0 0 0 0 0 0 0 0 0 0 0 0 0 0 0 0 0 0 20 30 0 25 35 0 0 -36 0 0 0 0 0 -48 0 0 0 0 0 0 0 0 0 0 0 0 0 0 0 -40 0 13 38 0 0 0 0 0 -15 0 0 -21 0 0 0 33 0 -13 0 -27 0 2 0 
0 0 0 0 -45 -18 0 44 0 0 0 0 0 0 0 27 0 0 9 -23 0 0 0 0 0 0 -42 0 0 0 0 10 0 0 0 0 -42 0 0 13 0 0 45 39 -43 0 0 0 0 0 0 0 0 -8 -43 0 0 0 0 41 0 0 0 0 1 0 0 -1 0 0 0 0 -48 0 0 0 0 -32 14 -47 0 0 -38 0 0 0 -35 -2 0 0 
0 0 0 -43 0 0 5 0 -24 0 0 0 -9 0 0 0 0 0 47 0 0 0 0 0 0 0 0 -11 0 0 0 0 0 0 0 0 0 0 41 0 30 10 0 0 0 0 0 0 0 0 0 0 0 0 0 0 44 0 0 0 0 0 0 46 0 0 0 -48 -29 0 -16 0 0 -31 0 0 0 0 0 -23 -21 22 7 0 0 0 0 0 0 0 
0 0 0 0 0 0 0 0 0 0 0 0 0 0 0 0 -13 0 0 44 0 0 0 0 0 0 0 -12 0 0 0 0 0 44 0 0 0 0 0 0 -39 0 0 0 0 0 0 -48 0 0 0 0 -10 0 0 0 0 0 0 -24 0 0 0 0 -29 -36 33 0 0 -26 0 -45 0 0 0 17 0 0 0 0 0 0 42 0 0 0 0 6 0 0 
0 -48 0 0 0 -2 0 9 0 0 -45 0 0 0 0 0 0 0 0 0 0 0 0 0 0 0 -8 0 0 -36 0 0 0 0 0 0 37 0 11 -15 0 0 0 0 0 0 0 0 0 0 0 0 0 0 0 0 0 0 0 14 29 0 0 0 0 0 27 0 0 0 0 -43 0 -37 0 0 8 0 0 35 0 0 1 0 0 0 0 0 0 0 
0 0 0 0 0 0 0 0 0 0 0 0 0 0 0 0 -23 -5 45 0 0 0 0 0 -36 0 26 11 -18 0 0 0 0 0 0 -12 0 -35 0 23 2 0 0 0 0 0 32 0 0 0 -10 0 0 -46 0 4 0 0 15 -12 0 0 0 0 -8 0 -19 0 25 0 40 0 42 0 -34 0 0 0 0 0 0 0 0 0 0 0 0 0 0 30 
0 0 0 0 0 39 0 8 0 19 0 -17 35 0 -14 43 0 0 0 0 -34 0 0 0 11 0 0 0 0 0 0 0 -13 0 0 0 0 0 14 0 44 0 6 0 0 0 0 0 -8 0 0 0 -46 -24 -16 0 0 0 18 0 0 0 24 -8 0 0 0 0 0 0 0 0 0 0 0 0 0 7 0 0 0 0 0 0 0 0 0 0 0 0 
0 0 0 0 0 0 -29 0 0 0 22 0 0 0 0 0 0 0 0 21 -4 0 0 21 0 0 0 0 0 0 0 0 0 0 0 0 0 0 30 0 3 0 -9 0 46 0 0 0 -43 0 0 0 0 -16 0 0 0 0 0 0 0 0 0 0 0 0 0 32 -39 0 0 0 0 0 -41 5 0 0 3 0 0 27 0 0 28 0 0 -33 -48 0 
0 0 0 5 0 0 0 25 0 -41 0 0 0 0 0 0 0 23 0 0 0 0 37 0 0 -12 0 -5 0 0 0 0 0 -8 -28 0 0 0 39 0 10 0 0 0 0 0 0 0 0 0 0 0 4 0 0 0 18 26 0 0 -2 49 0 0 0 -30 -22 -7 5 0 0 0 0 -23 22 0 0 0 0 0 0 0 0 0 -28 -2 0 0 36 0 
0 0 0 36 0 0 -17 0 -31 0 1 0 0 0 0 0 0 0 0 -23 0 0 0 48 0 0 0 0 0 0 0 0 0 0 -5 8 0 0 49 0 -18 0 0 0 0 0 0 0 0 44 0 0 0 0 0 18 0 0 0 0 0 14 48 0 0 0 0 0 0 0 -19 0 0 0 0 0 -8 0 38 0 34 2 0 41 0 -15 0 21 0 0 
-41 0 0 0 0 0 0 0 0 0 0 -38 0 0 0 0 0 37 0 0 -21 37 0 -36 14 47 0 0 0 -11 -15 0 0 14 -16 0 -19 42 -19 -1 0 0 0 0 0 -49 0 0 0 0 0 0 0 0 0 26 0 0 17 0 0 0 0 35 0 17 29 21 0 39 0 -47 0 0 13 -11 0 0 -22 0 0 0 -20 0 0 0 0 0 0 0 
0 0 -30 41 -13 45 -27 0 25 0 0 -24 0 0 0 -39 36 0 0 -21 0 0 0 0 0 0 0 35 0 16 0 0 0 0 0 0 0 0 -3 0 0 0 0 29 0 0 0 0 0 0 0 0 15 18 0 0 0 17 0 0 0 0 35 49 12 0 0 0 0 0 -8 0 0 0 0 0 0 8 0 0 28 -14 0 0 0 0 0 -30 0 0 
0 0 0 41 0 0 0 0 0 -14 0 0 0 0 28 46 -32 0 0 -30 0 7 0 0 0 -14 0 0 0 0 -21 -22 0 0 -4 0 47 0 0 0 0 -36 0 0 2 0 0 0 41 0 -24 14 -12 0 0 0 0 0 0 15 0 32 40 48 0 0 7 0 0 0 0 0 2 0 0 0 27 -30 0 0 0 0 0 0 0 0 0 0 0 0 
0 0 0 0 39 0 0 0 0 0 0 0 0 0 0 0 0 0 0 0 0 0 0 37 0 15 11 0 37 31 0 0 8 -2 0 0 0 0 0 -33 0 0 29 0 0 0 0 0 0 0 0 29 0 0 0 -2 0 0 0 0 0 0 -6 0 -27 0 0 0 0 0 0 0 0 0 0 0 33 0 0 20 0 0 0 0 0 0 0 33 0 0 
23 0 0 0 19 0 0 0 0 0 0 0 0 0 35 37 0 0 22 0 0 0 0 0 0 0 -25 -36 9 0 0 -22 0 0 0 0 0 0 -19 0 -28 0 0 0 0 0 -29 0 0 0 0 0 0 0 0 49 14 0 0 32 0 -43 0 0 0 -36 0 0 0 0 0 0 0 0 0 24 0 0 0 32 0 0 0 0 0 0 0 0 0 -24 
0 0 -33 0 0 0 0 0 -13 0 47 0 0 0 0 0 0 0 0 24 0 0 8 0 0 -22 13 -2 -45 0 0 0 0 0 0 0 0 0 0 0 0 0 0 0 -24 0 0 0 0 0 0 0 0 24 0 0 48 0 35 40 -6 0 0 0 0 0 0 26 0 0 49 0 0 0 0 0 0 48 0 0 0 0 13 0 20 -14 0 0 -14 16 
-41 -41 0 0 0 41 35 0 1 0 0 28 -41 0 0 0 0 0 0 0 0 0 48 0 36 0 0 0 0 -15 0 0 0 10 0 0 0 9 0 0 0 22 0 0 0 0 0 0 0 46 0 0 0 -8 0 0 0 35 49 48 0 0 0 0 0 -32 0 0 0 -26 0 -19 0 0 23 39 0 0 0 6 27 0 3 0 29 0 0 0 0 -48 
-7 0 0 0 0 0 0 0 0 3 0 -24 12 0 0 0 15 0 0 0 0 0 -31 0 -17 0 0 3 0 0 0 0 0 0 0 0 0 0 -42 0 0 0 25 0 0 0 -36 0 1 0 -29 0 -8 0 0 0 0 0 12 0 -27 0 0 0 0 -10 0 0 0 0 0 0 0 26 0 0 0 0 -30 0 -13 0 0 -29 0 0 -45 0 0 0 
0 0 0 0 0 0 0 0 0 26 0 0 0 12 -41 0 0 0 0 0 0 0 0 -40 0 -29 -3 0 0 0 37 0 0 0 0 0 0 28 0 0 0 0 0 -27 0 -42 0 0 0 0 -36 0 0 0 0 -30 0 17 0 0 0 -36 0 -32 -10 32 -24 0 0 0 0 0 37 0 1 0 0 0 -27 0 0 7 0 0 28 0 0 0 0 0 
-41 0 0 0 0 -28 0 0 0 25 0 0 0 9 0 0 -1 0 0 0 0 0 46 0 0 37 3 0 0 12 -48 0 0 0 26 -47 -34 0 0 0 0 0 -21 0 0 0 0 -40 0 0 33 27 -19 0 0 -22 0 29 0 7 0 0 0 0 0 -24 0 -37 27 0 0 0 0 0 0 47 3 0 0 0 0 0 0 0 -15 0 0 0 -2 30 
0 0 0 0 0 0 0 0 0 19 0 0 0 0 0 0 0 0 0 43 0 0 0 0 0 0 0 0 0 0 -11 0 -38 -34 0 0 0 45 0 7 0 0 18 0 0 0 -14 0 -1 -48 0 0 0 0 32 -7 0 21 0 0 0 0 26 0 0 0 -37 0 0 0 0 -39 0 8 -21 0 -31 0 35 48 1 0 -18 0 0 0 0 0 0 0 
0 -3 0 0 0 42 0 0 0 0 0 0 29 0 0 0 0 0 0 0 0 0 0 -27 0 0 4 0 0 0 8 0 0 0 44 0 0 0 0 0 0 0 0 0 0 -13 0 13 0 -29 0 0 25 0 -39 5 0 0 0 0 0 0 0 0 0 0 27 0 31 4 31 0 0 0 0 32 0 0 0 0 0 0 0 0 0 0 0 0 0 0 
0 0 0 -25 0 0 0 0 0 0 0 0 17 0 0 0 0 0 0 0 0 0 0 0 0 0 0 0 0 0 0 0 0 0 0 0 0 0 0 2 0 0 0 0 0 21 -48 38 0 0 -26 0 0 0 0 0 0 39 0 0 0 0 0 -26 0 0 0 0 4 0 0 19 47 -5 47 0 0 0 0 0 34 0 0 0 0 0 0 49 21 0 
1 38 0 0 0 0 0 -43 -19 0 0 0 0 0 0 0 0 7 0 0 0 0 0 0 0 0 0 0 0 0 0 0 0 0 0 0 0 0 0 -17 0 0 0 0 -46 0 0 0 0 -16 0 0 40 0 0 0 -19 0 -8 0 0 0 49 0 0 0 0 0 31 0 0 -16 0 0 0 0 0 0 33 19 0 0 0 -23 0 0 21 -24 43 0 
0 0 0 0 0 0 0 0 0 0 0 0 -7 0 0 0 0 0 0 -24 0 0 0 0 0 30 0 0 0 0 19 0 0 0 0 0 0 0 0 0 0 0 0 0 0 0 0 0 0 0 -45 -43 0 0 0 0 0 -47 0 0 0 0 0 -19 0 0 0 -39 0 19 -16 -10 12 0 36 0 0 0 -15 0 14 0 0 10 0 30 0 0 0 0 
0 0 0 0 0 0 1 0 0 0 0 9 0 14 0 0 -11 0 0 0 -30 -15 0 0 0 0 30 0 0 45 0 0 -6 0 36 0 0 0 0 -16 0 0 0 0 0 0 0 0 -48 0 0 0 42 0 0 0 0 0 0 2 0 0 0 0 0 37 0 0 0 47 0 12 -30 0 0 0 0 0 15 0 0 0 0 12 0 -32 0 -22 -36 0 
0 0 7 9 -28 0 0 0 0 0 -39 0 0 0 0 0 0 0 49 0 0 2 -9 0 0 0 0 0 0 0 0 0 0 -42 0 0 31 0 0 0 0 0 0 5 0 49 0 0 0 -31 0 -37 0 0 0 -23 0 0 0 0 0 0 0 0 26 0 0 8 0 -5 0 0 0 -38 0 0 0 0 7 0 17 0 0 0 0 0 0 0 -20 42 
3 0 0 14 0 0 45 0 -42 17 -46 0 0 0 0 0 0 -27 0 0 0 0 0 0 0 0 0 0 0 7 0 44 -15 -2 0 0 0 -34 0 0 0 -47 44 0 0 0 0 0 0 0 0 0 -34 0 -41 22 0 13 0 0 0 0 0 23 0 1 0 -21 0 47 0 36 0 0 0 0 0 0 49 0 0 0 0 0 0 0 0 0 0 0 
-12 0 0 0 0 0 0 0 -23 0 0 5 -4 0 0 0 0 -45 0 0 0 -27 0 0 0 0 0 0 0 0 0 0 -10 0 -6 0 41 0 6 0 0 0 0 0 0 0 0 -15 0 0 17 0 0 0 5 0 0 -11 0 0 0 24 0 39 0 0 47 0 32 0 0 0 0 0 0 0 11 35 0 0 0 0 0 20 0 0 0 0 0 0 
0 0 -41 0 0 -46 0 0 -8 0 2 -46 0 0 0 0 0 28 -14 0 0 0 26 0 0 0 -23 31 0 0 0 0 0 0 -25 7 0 0 0 49 0 -48 0 -19 0 0 0 0 0 0 0 8 0 0 0 0 -8 0 0 27 33 0 0 0 0 0 3 -31 0 0 0 0 0 0 0 11 0 0 0 0 0 0 0 0 0 0 -20 0 0 0 
1 0 0 13 0 0 0 0 0 0 0 0 0 0 0 0 0 0 0 -15 0 0 0 0 -13 0 0 0 0 -44 0 0 -16 0 0 0 0 0 0 -33 0 0 0 0 0 0 0 0 -32 0 0 0 0 7 0 0 0 0 8 -30 0 0 48 0 0 0 0 0 0 0 0 0 0 0 0 35 0 -33 0 0 0 0 0 0 0 0 36 0 0 -4 
0 0 0 0 -38 0 0 0 3 0 0 0 35 0 0 0 0 0 0 3 0 0 0 0 0 -29 0 0 0 0 0 0 0 0 0 41 0 0 0 0 0 15 0 0 28 0 0 -21 14 0 0 0 0 0 3 0 38 -22 0 0 0 0 0 0 -30 -27 0 35 0 0 33 -15 15 7 49 0 0 0 0 0 0 0 13 0 -33 0 0 0 0 0 
0 0 0 0 3 0 0 0 -16 0 0 0 0 -35 -34 -46 0 0 0 0 0 0 0 -26 0 0 0 0 0 0 0 0 0 0 0 2 0 0 0 -11 0 0 0 0 0 0 0 0 -47 -23 0 35 0 0 0 0 0 0 0 0 20 32 0 6 0 0 0 48 0 0 19 0 0 0 0 0 0 0 0 0 -36 0 0 38 2 0 0 0 0 0 
0 -9 0 0 0 0 0 0 20 0 0 0 0 0 0 0 0 0 0 8 0 0 0 0 31 0 0 0 0 0 0 0 0 0 0 -11 0 0 45 0 0 0 0 0 0 6 34 0 0 -21 0 0 0 0 0 0 34 0 28 0 0 0 0 27 -13 0 0 1 0 34 0 14 0 17 0 0 0 0 0 -36 0 -40 0 0 0 -16 -46 0 0 0 
43 0 0 0 0 0 0 17 -19 0 0 0 0 0 0 0 0 -43 -21 33 -2 -12 0 20 0 0 0 0 0 -45 24 -44 0 0 0 0 0 0 0 0 0 0 0 0 0 0 31 0 0 22 0 0 0 0 27 0 2 0 -14 0 0 0 0 0 0 7 0 0 0 0 0 0 0 0 0 0 0 0 0 0 -40 0 0 0 -38 0 32 0 -9 -41 
0 0 0 -21 0 0 -2 0 0 0 0 -35 -36 0 -48 0 0 0 -28 -6 0 0 0 48 0 13 0 13 0 10 0 -16 0 0 0 24 0 0 0 0 0 0 0 0 -47 0 -37 33 -38 7 42 1 0 0 0 0 0 -20 0 0 0 0 13 3 0 0 0 -18 0 0 0 0 0 0 0 0 0 0 13 0 0 0 0 0 0 0 0 -1 49 -18 
0 0 0 35 0 0 35 0 0 0 -13 0 0 46 0 0 0 -20 -37 -16 0 0 0 0 0 0 0 0 42 0 0 0 12 0 28 0 -6 -19 0 0 -32 0 0 0 0 0 23 0 0 0 0 0 0 0 0 0 41 0 0 0 0 0 0 0 -29 0 0 0 0 0 -23 10 12 0 0 20 0 0 0 38 0 0 0 0 0 0 0 0 0 0 
0 0 0 0 0 0 0 0 0 -49 0 0 0 0 0 0 10 0 0 0 -12 0 0 0 0 8 0 0 0 0 0 0 -2 0 0 0 0 -31 0 0 0 48 25 0 -36 0 0 -13 0 0 0 0 0 0 28 -28 0 0 0 0 0 0 20 29 0 28 -15 0 0 0 0 0 0 0 0 0 0 0 -33 2 0 -38 0 0 0 0 0 0 0 0 
0 0 0 -8 0 -6 0 -6 0 0 0 0 34 -25 -5 0 0 11 21 0 0 0 0 28 0 0 0 0 0 0 0 0 0 0 0 0 0 0 0 -6 18 44 0 0 49 0 0 0 0 0 0 0 0 0 0 -2 -15 0 0 0 0 0 -14 0 0 0 0 0 0 0 0 30 -32 0 0 0 0 0 0 0 -16 0 0 0 0 0 0 0 0 0 
23 0 0 0 0 0 0 0 0 48 -2 0 -49 9 0 0 0 0 0 0 0 -5 0 0 -31 0 0 8 0 -11 0 -31 -21 0 0 0 0 0 0 -9 -46 0 0 0 0 0 0 -27 -35 0 0 0 0 0 0 0 0 0 0 0 0 0 0 0 -45 0 0 0 0 0 21 0 0 0 0 0 -20 36 0 0 -46 32 0 0 0 0 0 0 -23 16 
0 0 0 0 0 0 -27 -49 0 0 0 0 0 0 0 0 16 0 0 0 0 0 0 8 48 43 0 -14 0 45 0 0 0 18 0 0 0 0 0 0 0 -12 0 -12 0 0 0 0 -2 0 6 0 0 0 -33 0 21 0 -30 0 33 0 0 0 0 0 0 0 0 49 -24 0 -22 0 0 0 0 0 0 0 0 0 -1 0 0 0 0 0 -19 22 
0 0 0 0 0 0 0 0 0 -27 0 0 0 -22 0 0 0 0 0 0 0 -43 0 0 0 0 0 0 0 0 0 0 0 0 0 0 37 0 22 40 -39 -12 0 0 0 0 0 2 0 0 0 0 0 0 -48 36 0 0 0 0 0 0 -14 0 0 0 -2 0 0 21 43 0 -36 -20 0 0 0 0 0 0 0 -9 49 0 0 0 -23 -19 0 43 
0 12 0 0 -45 0 -8 0 0 0 0 0 0 0 26 0 0 0 0 0 0 0 28 0 0 0 0 0 48 0 -29 0 41 0 0 0 0 0 0 -8 0 0 0 0 0 0 25 0 0 0 0 0 30 0 0 0 0 0 0 0 0 -24 16 -48 0 0 30 0 0 0 0 0 0 42 0 0 0 -4 0 0 0 -41 -18 0 0 0 16 22 43 0 
