80
0 40 22 0 0 24 -2 0 -1 -42 23 0 0 0 4 0 6 -28 44 37 0 0 22 -39 -48 0 -36 -41 -17 -32 0 -45 -42 -16 0 27 26 0 -47 0 48 0 0 5 0 29 0 0 0 -10 27 0 0 31 0 0 0 -2 0 0 0 34 0 0 -20 0 0 0 0 0 -48 0 0 -15 0 0 0 -38 0 0 
18 11 15 18 0 0 -1 -39 -6 47 0 -1 0 -21 0 -7 0 0 20 13 7 -6 -40 5 0 0 0 -44 1 0 -44 33 25 0 0 0 0 -41 0 20 0 0 -32 20 0 0 0 0 0 0 45 22 30 0 0 42 -13 27 4 33 0 25 -13 0 43 25 7 0 0 7 0 12 19 -39 0 0 0 0 0 0 
11 0 0 -21 12 38 -44 0 -12 0 -37 29 0 -31 -13 0 0 0 -40 0 29 0 0 0 21 0 0 -12 0 -2 0 -13 0 0 0 0 9 -21 49 0 0 0 0 0 0 0 -23 -17 0 0 0 0 22 0 0 0 0 8 0 28 35 -12 0 -37 6 0 0 -23 -49 0 35 12 42 0 -4 18 -5 0 0 1 
15 0 -27 0 39 24 39 0 0 0 0 0 -8 -41 43 0 0 0 -31 0 0 0 -15 0 0 37 -18 0 -27 0 27 0 39 0 -46 29 0 36 0 0 33 4 0 0 0 -22 0 0 0 0 0 49 0 0 22 0 10 -24 11 23 13 5 -26 0 10 0 8 0 16 0 0 0 0 0 -11 0 -12 0 0 -12 
18 -21 0 0 -30 -30 -38 -18 -39 0 -3 0 0 16 0 0 0 0 42 -24 0 4 3 -17 0 -38 0 0 41 20 0 -16 0 0 -1 0 44 47 0 2 -40 -21 2 0 -21 -7 -30 0 0 0 0 0 47 0 0 0 5 25 37 0 39 -20 0 -37 -14 8 -17 0 0 11 0 15 -43 -34 0 40 0 0 -32 -22 
0 12 39 -30 -10 15 26 -14 40 35 -18 37 0 0 38 43 0 0 0 24 18 -28 -32 23 -19 9 0 0 -30 11 14 4 0 0 -41 0 -36 0 34 -36 -29 0 0 0 23 -40 -44 40 -39 0 0 0 -24 -45 32 0 -7 -30 0 0 0 16 7 0 32 27 6 -22 0 -49 35 42 -23 0 0 0 41 0 0 0 
0 38 24 -30 15 0 -26 0 0 33 -4 0 0 -44 0 24 0 0 -42 0 -37 -18 -1 31 0 48 31 0 11 0 0 0 -34 -4 0 0 0 -13 0 8 0 0 -39 -38 -47 -23 -45 0 0 -14 0 0 0 -30 -38 0 0 -34 0 7 0 0 0 16 -12 0 0 0 0 0 0 0 0 0 0 -37 0 0 0 0 
-1 -44 39 -38 26 -26 0 36 0 0 29 0 0 44 0 0 -16 16 0 2 -28 -38 -26 -35 42 0 0 44 0 0 -35 0 44 0 11 -4 17 43 0 0 0 7 -3 -36 -27 0 0 0 0 0 0 0 -5 -22 0 -26 0 -19 0 30 -18 46 19 0 -47 4 0 0 -37 0 17 -44 0 33 0 0 -42 -12 -43 0 
-39 0 0 -18 -14 0 36 -14 43 42 0 0 -9 0 31 26 -20 0 33 -43 0 0 0 0 -46 -49 0 18 0 0 0 -46 8 14 0 0 34 0 5 -3 0 3 21 -33 30 40 -4 37 -7 0 0 0 0 -48 0 0 38 0 -11 -43 0 0 25 0 -26 0 2 0 15 0 0 0 -16 19 -20 34 0 0 0 0 
-6 -12 0 -39 40 0 0 43 10 0 -29 0 0 -18 0 -3 -39 0 -13 -6 -33 48 -42 0 0 -32 0 0 0 0 0 -47 0 -18 12 0 0 0 0 0 0 33 0 -6 0 33 0 -7 0 0 14 21 0 22 0 0 -42 16 0 0 -31 0 -5 36 0 -48 0 0 0 0 0 0 -43 35 0 0 11 -44 15 0 
47 0 0 0 35 33 0 42 0 -33 44 0 0 19 0 13 0 36 -39 16 9 0 17 7 48 0 7 0 0 15 3 0 0 0 0 19 -29 0 5 0 0 2 0 0 0 0 0 0 0 0 -7 34 0 0 34 0 0 0 -12 -16 20 -34 0 48 -39 -11 -26 0 28 26 29 0 0 -30 14 -30 0 -5 0 0 
0 -37 0 -3 -18 -4 29 0 -29 44 49 0 0 2 30 0 10 0 0 0 6 35 30 -46 18 0 0 44 32 0 40 0 0 16 0 16 21 0 0 0 0 19 0 0 -34 0 0 0 0 0 -15 -6 -3 0 4 0 44 0 0 0 20 0 0 43 0 -42 47 17 -38 -42 0 0 0 -10 -39 0 0 0 -1 -8 
-1 29 0 0 37 0 0 0 0 0 0 -32 0 17 -7 0 29 -39 30 0 -45 0 0 3 -37 2 3 0 30 11 -2 -33 -22 16 0 0 0 0 -41 0 0 14 0 0 -44 0 0 -37 0 0 0 44 0 36 25 0 0 -4 -20 45 0 -35 0 28 47 0 -34 -10 5 0 0 11 38 0 0 47 0 49 0 0 
0 0 -8 0 0 0 0 -9 0 0 0 0 0 38 0 0 36 0 0 0 -36 0 -49 0 4 0 -17 0 0 -31 0 0 -21 0 0 0 -1 0 -44 43 44 41 0 -17 0 17 0 0 0 -49 37 38 -15 0 0 10 -2 33 21 0 0 0 1 0 0 0 0 0 -38 -5 15 -19 -4 0 0 -37 37 0 20 -16 
-21 -31 -41 16 0 -44 44 0 -18 19 2 17 38 -20 -27 0 -28 48 0 0 1 0 0 0 0 0 27 0 -49 0 17 45 -22 0 0 19 0 -8 0 0 0 0 45 26 0 0 0 41 38 0 0 -17 0 7 0 0 0 0 0 20 -22 1 0 41 0 0 0 0 1 3 0 31 -4 16 -23 0 0 0 -17 19 
0 -13 43 0 38 0 0 31 0 0 30 -7 0 -27 -9 10 0 -2 0 -13 -34 0 29 0 0 2 -39 0 0 -33 0 -19 0 0 35 -38 -34 -14 0 18 0 0 29 0 -36 0 0 -6 10 29 -32 -12 29 0 11 43 40 -34 40 0 0 37 0 -16 28 0 0 -33 -23 0 3 -10 0 0 -24 -14 0 0 0 0 
-7 0 0 0 43 24 0 26 -3 13 0 0 0 0 10 -45 0 0 46 -31 9 -29 0 0 0 -35 -36 0 -23 0 16 -29 28 0 -40 32 38 0 -2 0 0 0 0 -39 -21 0 0 -48 27 0 22 0 49 -1 0 -23 0 -8 0 0 -18 23 0 -14 -2 -34 0 49 0 0 0 5 0 0 0 0 0 0 0 0 
0 0 0 0 0 0 -16 -20 -39 0 10 29 36 -28 0 0 0 35 -31 0 0 0 -31 8 0 0 0 0 -37 40 0 0 0 0 31 44 0 23 0 0 0 -25 0 0 0 -46 0 0 0 0 0 0 -9 0 0 -27 0 0 -8 0 0 24 -25 18 0 0 0 23 0 0 -18 39 -24 0 0 0 -41 0 0 -12 
0 0 0 0 0 0 16 0 0 36 0 -39 0 48 -2 0 35 -30 -33 -6 0 0 0 0 0 0 0 0 0 -47 0 0 -20 -32 0 0 42 0 0 0 7 -9 0 0 0 30 0 -4 0 0 19 0 15 0 32 0 -12 42 0 0 16 0 33 10 10 0 -5 0 -14 0 0 46 0 39 6 0 -11 -49 13 40 
20 -40 -31 42 0 -42 0 33 -13 -39 0 30 0 0 0 46 -31 -33 -31 0 0 0 0 49 10 0 -44 0 0 0 0 -10 0 27 17 0 30 0 0 0 22 0 27 -24 25 20 -19 36 0 0 0 0 0 0 0 0 0 0 46 26 0 0 -12 0 47 0 0 0 4 0 0 19 -43 23 0 0 0 0 0 0 
13 0 0 -24 24 0 2 -43 -6 16 0 0 0 0 -13 -31 0 -6 0 24 -1 48 0 15 0 0 18 0 0 0 0 0 0 17 0 0 31 36 0 48 0 -26 0 0 0 0 0 41 0 6 25 25 0 0 0 0 0 0 40 -10 0 15 0 -28 0 0 -22 30 0 0 0 0 0 0 0 0 0 -6 19 21 
7 29 0 0 18 -37 -28 0 -33 9 6 -45 -36 1 -34 9 0 0 0 -1 0 -40 0 0 0 -33 15 40 0 3 0 -11 0 0 0 5 38 0 0 0 0 -16 28 0 0 0 -7 -23 34 -29 -35 0 0 0 0 0 -11 -29 0 26 11 0 0 0 0 -39 -14 0 15 0 -48 18 -15 0 -45 -9 8 0 0 -12 
-6 0 0 4 -28 -18 -38 0 48 0 35 0 0 0 0 -29 0 0 0 48 -40 0 14 -13 13 0 0 0 0 0 -12 0 0 -43 -1 -14 0 30 21 -9 0 -36 0 47 0 19 -14 0 43 0 0 -7 -45 -49 -16 -16 0 6 0 -7 45 0 46 0 0 -35 0 0 48 0 0 -5 -34 0 0 0 -10 -7 0 0 
-40 0 -15 3 -32 -1 -26 0 -42 17 30 0 -49 0 29 0 -31 0 0 0 0 14 0 -44 -29 0 -31 -34 -41 26 -26 0 1 0 0 0 43 0 31 0 -48 0 0 17 0 0 0 0 46 18 0 0 0 -8 0 47 -20 18 -7 0 0 38 0 0 0 -32 0 0 -44 0 0 0 9 14 0 34 22 38 -21 0 
5 0 0 -17 23 31 -35 0 0 7 -46 3 0 0 0 0 8 0 49 15 0 -13 -44 -18 36 36 0 -20 0 0 0 -7 0 0 -49 -39 0 25 -43 0 0 -2 0 22 10 0 -12 0 -7 -23 0 0 -14 0 7 0 -17 -12 0 -21 0 0 0 -13 38 0 0 9 34 0 0 0 2 0 -39 0 0 0 4 0 
0 21 0 0 -19 0 42 -46 0 48 18 -37 4 0 0 0 0 0 10 0 0 13 -29 36 0 0 0 0 -32 0 33 0 0 -38 8 0 1 0 0 0 0 0 -39 0 0 32 -6 0 0 42 0 0 23 0 0 0 0 0 29 0 -46 0 0 0 -43 0 14 14 0 0 0 0 0 -34 0 -11 0 -45 -36 0 
0 0 37 -38 9 48 0 -49 -32 0 0 2 0 0 2 -35 0 0 0 0 -33 0 0 36 0 10 0 48 28 0 0 10 0 -15 10 7 0 0 34 -21 0 -35 25 0 -22 -18 35 0 0 0 -4 0 0 3 0 8 -43 -18 0 -20 40 0 0 0 22 -26 -27 25 33 28 -46 -6 0 39 -14 -38 0 25 0 2 
0 0 -18 0 0 31 0 0 0 7 0 3 -17 27 -39 -36 0 0 -44 18 15 0 -31 0 0 0 0 -4 0 0 0 30 -36 0 -39 3 0 47 23 47 0 0 0 -16 -38 0 0 0 0 37 -13 13 13 0 0 -41 0 0 42 0 -10 0 7 47 0 35 1 -14 4 -41 0 -19 -28 0 0 0 22 0 0 0 
-44 -12 0 0 0 0 44 18 0 0 44 0 0 0 0 0 0 0 0 0 40 0 -34 -20 0 48 -4 0 31 0 -31 11 0 0 0 0 0 -10 41 30 4 1 0 10 0 0 0 0 0 -38 39 0 0 -25 32 0 0 -30 -34 -24 49 0 0 0 21 10 0 23 28 0 0 12 44 0 -47 0 0 0 0 0 
1 0 -27 41 -30 11 0 0 0 0 32 30 0 -49 0 -23 -37 0 0 0 0 0 -41 0 -32 28 0 31 0 0 -25 28 0 0 0 0 0 0 2 0 -32 0 36 0 0 -5 -20 48 0 18 0 0 -11 0 0 0 -23 49 24 0 -21 42 -42 0 0 0 1 -15 0 0 44 0 0 0 -16 3 -13 0 45 -45 
0 -2 0 20 11 0 0 0 0 15 0 11 -31 0 -33 0 40 -47 0 0 3 0 26 0 0 0 0 0 0 -37 0 12 -42 48 0 31 0 0 0 0 29 0 0 -29 23 -20 32 -24 0 0 0 0 0 23 -39 -18 0 0 0 -7 15 0 28 20 -39 0 0 0 28 0 -30 0 0 0 16 0 0 0 0 0 
-44 0 27 0 14 0 -35 0 0 3 40 -2 0 17 0 16 0 0 0 0 0 -12 -26 0 33 0 0 -31 -25 0 0 -2 0 47 3 0 0 0 1 0 -25 0 0 -2 -4 0 21 0 -36 0 -43 48 -41 44 0 26 28 0 0 0 -23 0 0 -43 26 0 0 0 0 0 0 0 0 9 0 0 0 0 48 0 
33 -13 0 -16 4 0 0 -46 -47 0 0 -33 0 45 -19 -29 0 0 -10 0 -11 0 0 -7 0 10 30 11 28 12 -2 25 31 -26 0 -7 0 0 9 25 46 18 19 -31 -29 -38 39 12 21 -29 0 -43 -13 0 0 0 0 20 -26 0 13 -25 0 -11 42 0 16 0 0 0 -14 -30 28 0 0 35 -10 8 0 0 
25 0 39 0 0 -34 44 8 0 0 0 -22 -21 -22 0 28 0 -20 0 0 0 0 1 0 0 0 -36 0 0 -42 0 31 0 -37 -37 -37 0 0 -8 0 0 1 37 0 0 0 0 -24 15 -48 0 0 0 0 41 0 48 49 -3 -13 0 -10 0 9 -9 0 0 0 0 28 0 0 -40 0 0 -20 35 -18 0 18 
0 0 0 0 0 -4 0 14 -18 0 16 16 0 0 0 0 0 -32 27 17 0 -43 0 0 -38 -15 0 0 0 48 47 -26 -37 -7 0 44 0 0 0 33 23 26 0 0 -43 0 0 0 28 0 -22 0 0 0 0 0 -18 0 0 -9 0 -37 0 0 0 0 45 0 10 24 0 0 0 -47 0 0 0 0 -15 27 
0 0 -46 -1 -41 0 11 0 12 0 0 0 0 0 35 -40 31 0 17 0 0 -1 0 -49 8 10 -39 0 0 0 3 0 -37 0 0 13 0 -20 0 0 -5 -32 0 -2 0 -39 0 0 0 -12 26 -37 8 -15 49 0 -44 -43 1 0 0 0 -46 0 28 39 0 18 0 37 -41 0 28 -43 8 4 0 0 0 0 
0 0 29 0 0 0 -4 0 0 19 16 0 0 19 -38 32 44 0 0 0 5 -14 0 -39 0 7 3 0 0 31 0 -7 -37 44 13 33 0 0 -23 0 0 0 0 -39 -19 0 -6 0 -12 -43 0 0 19 13 0 0 0 -16 7 0 -23 0 0 0 -7 0 11 36 0 0 0 0 0 35 -3 0 -3 0 0 -32 
0 9 0 44 -36 0 17 34 0 -29 21 0 -1 0 -34 38 0 42 30 31 38 0 43 0 1 0 0 0 0 0 0 0 0 0 0 0 0 -17 0 0 -14 29 0 31 0 23 2 -7 0 37 0 0 0 -46 45 33 0 8 0 0 -22 -5 -30 0 0 0 0 0 -8 5 39 -27 -35 -18 0 -29 42 45 -5 13 
-41 -21 36 47 0 -13 43 0 0 0 0 0 0 -8 -14 0 23 0 0 36 0 30 0 25 0 0 47 -10 0 0 0 0 0 0 -20 0 -17 0 0 21 0 39 -24 0 -38 0 0 44 0 -9 0 0 0 29 0 -37 0 32 0 -26 -21 0 0 18 0 37 -13 30 0 0 0 0 0 0 49 0 11 -33 -3 0 
0 49 0 0 34 0 0 5 0 5 0 -41 -44 0 0 -2 0 0 0 0 0 21 31 -43 0 34 23 41 2 0 1 9 -8 0 0 -23 0 0 0 17 0 -20 0 0 0 0 0 -23 49 0 33 45 0 29 0 13 0 18 -25 0 -48 0 13 42 0 0 0 9 -38 -39 0 0 5 -32 0 0 0 0 -41 0 
20 0 0 2 -36 8 0 -3 0 0 0 0 43 0 18 0 0 0 0 48 0 -9 0 0 0 -21 47 30 0 0 0 25 0 33 0 0 0 21 17 -26 0 0 0 -21 12 -1 47 0 5 0 0 -46 37 -45 -2 0 0 44 0 0 -33 0 -31 -36 0 0 -42 0 -33 20 0 0 0 39 24 0 0 -39 0 0 
0 0 33 -40 -29 0 0 0 0 0 0 0 44 0 0 0 0 7 22 0 0 0 -48 0 0 0 0 4 -32 29 -25 46 0 23 -5 0 -14 0 0 0 -39 -35 0 6 0 0 -15 0 32 -39 -39 -8 -11 -1 0 0 0 23 0 0 0 2 -18 0 0 -21 30 43 0 0 0 0 0 15 0 0 0 13 0 -30 
0 0 4 -21 0 0 7 3 33 2 19 14 41 0 0 0 -25 -9 0 -26 -16 -36 0 -2 0 -35 0 1 0 0 0 18 1 26 -32 0 29 39 -20 0 -35 2 25 14 -6 0 0 0 0 35 20 47 -35 -17 0 0 0 0 0 0 10 0 0 0 31 0 6 0 0 0 0 21 -14 0 0 43 0 -10 0 44 
-32 0 0 2 0 -39 -3 21 0 0 0 0 0 45 29 0 0 0 27 0 28 0 0 0 -39 25 0 0 36 0 0 19 37 0 0 0 0 -24 0 0 0 25 15 0 -24 35 6 0 0 -23 0 14 -26 0 0 -16 30 0 41 43 0 -13 38 0 0 0 -9 37 0 0 38 0 8 49 44 15 -31 0 0 0 
20 0 0 0 0 -38 -36 -33 -6 0 0 0 -17 26 0 -39 0 0 -24 0 0 47 17 22 0 0 -16 10 0 -29 -2 -31 0 0 -2 -39 31 0 0 -21 6 14 0 49 10 0 0 40 0 0 28 0 0 12 0 -23 0 0 49 -19 0 0 0 41 0 -46 0 29 0 0 8 6 0 0 -8 0 -45 8 -2 -45 
0 0 0 -21 23 -47 -27 30 0 0 -34 -44 0 0 -36 -21 0 0 25 0 0 0 0 10 0 -22 -38 0 0 23 -4 -29 0 -43 0 -19 0 -38 0 12 0 -6 -24 10 11 0 0 8 36 40 0 -30 0 0 0 0 0 -8 -5 -1 0 1 0 -27 -5 0 32 0 0 0 43 8 -26 0 -5 -3 0 33 0 0 
0 0 -22 -7 -40 -23 0 40 33 0 0 0 17 0 0 0 -46 30 20 0 0 19 0 0 32 -18 0 0 -5 -20 0 -38 0 0 -39 0 23 0 0 -1 0 0 35 0 0 0 0 0 0 43 0 0 0 0 6 0 0 0 26 0 -44 -41 0 0 0 -46 -6 0 0 0 -13 0 -17 0 -22 44 0 -32 35 20 
0 -23 0 -30 -44 -45 0 -4 0 0 0 0 0 0 0 0 0 0 -19 0 -7 -14 0 -12 -6 35 0 0 -20 32 21 39 0 0 0 -6 2 0 0 47 -15 0 6 0 0 0 0 -39 0 39 -46 0 -24 0 9 24 0 0 -3 0 -15 0 8 -26 7 9 0 0 0 0 0 0 0 0 0 0 0 2 -22 0 
0 -17 0 0 40 0 0 37 -7 0 0 -37 0 41 -6 -48 0 -4 36 41 -23 0 0 0 0 0 0 0 48 -24 0 12 -24 0 0 0 -7 44 -23 0 0 0 0 40 8 0 -39 0 -49 0 0 0 39 -41 -44 41 0 0 0 0 -26 0 23 6 -14 -34 13 0 0 -34 0 0 0 0 0 -43 44 0 0 0 
0 0 0 0 -39 0 0 -7 0 0 0 0 0 38 10 27 0 0 0 0 34 43 46 -7 0 0 0 0 0 0 -36 21 15 28 0 -12 0 0 49 5 32 0 0 0 36 0 0 -49 23 0 2 15 -31 31 0 0 0 43 -38 0 0 -31 -3 0 0 0 45 0 32 -16 43 49 0 0 0 -24 0 -23 -2 0 
0 0 0 0 0 -14 0 0 0 0 0 0 -49 0 29 0 0 0 0 6 -29 0 18 -23 42 0 37 -38 18 0 0 -29 -48 0 -12 -43 37 -9 0 0 -39 35 -23 0 40 43 39 0 0 -24 17 41 0 -8 -6 0 -30 -6 0 0 0 27 0 0 36 5 46 45 -47 0 0 47 0 38 19 0 6 30 -4 0 
45 0 0 0 0 0 0 0 14 -7 -15 0 37 0 -32 22 0 19 0 25 -35 0 0 0 0 -4 -13 39 0 0 -43 0 0 -22 26 0 0 0 33 0 -39 20 0 28 0 0 -46 0 2 17 28 -27 25 9 0 0 0 0 -12 0 0 0 32 0 0 13 0 0 -32 28 -33 10 0 0 12 0 0 -32 7 0 
22 0 49 0 0 0 0 0 21 34 -6 44 38 -17 -12 0 0 0 0 25 0 -7 0 0 0 0 13 0 0 0 48 -43 0 0 -37 0 0 0 45 -46 -8 47 14 0 -30 0 0 0 15 41 -27 0 -19 0 6 0 -33 0 0 28 40 -26 -41 -16 -7 0 0 -32 -32 0 0 1 0 0 0 0 13 0 32 0 
30 22 0 47 -24 0 -5 0 0 0 -3 0 -15 0 29 49 -9 15 0 0 0 -45 0 -14 23 0 13 0 -11 0 -41 -13 0 0 8 19 0 0 0 37 -11 -35 -26 0 0 0 -24 39 -31 0 25 -19 -10 17 28 0 0 13 -31 45 3 0 0 38 32 -42 -11 41 -48 0 0 40 0 0 0 40 0 -9 33 0 
0 0 0 0 -45 -30 -22 -48 22 0 0 36 0 7 0 -1 0 0 0 0 0 -49 -8 0 0 3 0 -25 0 23 44 0 0 0 -15 13 -46 29 29 -45 -1 -17 0 12 0 0 0 -41 31 -8 9 0 17 0 0 0 8 0 0 0 0 0 41 0 0 -19 0 0 0 0 0 20 0 0 0 0 -16 0 46 -48 
0 0 22 0 32 -38 0 0 0 34 4 25 0 0 11 0 0 32 0 0 0 -16 0 7 0 0 0 32 0 -39 0 0 41 0 49 0 45 0 0 -2 0 0 0 0 0 6 9 -44 0 -6 0 6 28 0 0 0 -40 0 0 0 -25 0 0 0 0 0 -29 0 -44 0 -11 1 0 0 -21 0 0 12 -43 48 
42 0 0 0 0 0 -26 0 0 0 0 0 10 0 43 -23 -27 0 0 0 0 -16 47 0 0 8 -41 0 0 -18 26 0 0 0 0 0 33 -37 13 0 0 0 -16 -23 0 0 24 41 0 0 0 0 0 0 0 -9 25 38 0 0 -38 21 -8 0 43 -22 0 -44 0 0 0 -21 0 41 42 0 0 0 -49 9 
-13 0 10 5 -7 0 0 38 -42 0 44 0 -2 0 40 0 0 -12 0 0 -11 0 -20 -17 0 -43 0 0 -23 0 28 0 48 -18 -44 0 0 0 0 0 0 0 30 0 0 0 0 0 0 -30 0 -33 0 8 -40 25 0 5 -19 0 0 -49 2 -5 -43 0 -38 0 0 0 23 0 0 34 0 35 0 0 0 0 
27 8 -24 25 -30 -34 -19 0 16 0 0 -4 33 0 -34 -8 0 42 0 0 -29 6 18 -12 0 -18 0 -30 49 0 0 20 49 0 -43 -16 8 32 18 44 23 0 0 0 -8 0 0 0 43 -6 0 0 13 0 0 38 5 41 0 0 12 0 0 0 0 0 0 0 9 0 -14 0 -40 0 -2 0 -9 0 0 -41 
4 0 11 37 0 0 0 -11 0 -12 0 -20 21 0 40 0 -8 0 46 40 0 0 -7 0 29 0 42 -34 24 0 0 -26 -3 0 1 7 0 0 -25 0 0 0 41 49 -5 26 -3 0 -38 0 -12 0 -31 0 0 0 -19 0 46 -2 0 0 21 0 17 0 36 0 34 -43 0 0 15 12 16 -43 0 0 0 0 
33 28 23 0 0 7 30 -43 0 -16 0 45 0 20 0 0 0 0 26 -10 26 -7 0 -21 0 -20 0 -24 0 -7 0 0 -13 -9 0 0 0 -26 0 0 0 0 43 -19 -1 0 0 0 0 0 0 28 45 0 0 0 0 0 -2 0 -28 -43 -29 0 -21 0 0 0 0 39 7 3 0 -28 -43 -44 36 -23 34 0 
0 35 13 39 0 0 -18 0 -31 20 20 0 0 -22 0 -18 0 16 0 0 11 45 0 0 -46 40 -10 49 -21 15 -23 13 0 0 0 -23 -22 -21 -48 -33 0 10 0 0 0 -44 -15 -26 0 0 0 40 3 0 -25 -38 0 12 0 -28 0 0 0 0 35 23 14 0 0 0 0 43 0 21 0 19 47 23 0 -46 
25 -12 5 -20 16 0 46 0 0 -34 0 -35 0 1 37 23 24 0 0 15 0 0 38 0 0 0 0 0 42 0 0 -25 -10 -37 0 0 -5 0 0 0 2 0 -13 0 1 -41 0 0 -31 27 0 -26 0 0 0 21 -49 0 0 -43 0 -20 36 -37 -49 19 0 0 29 12 0 20 10 -39 0 -36 0 -32 6 1 
-13 0 -26 0 7 0 19 25 -5 0 0 0 1 0 0 0 -25 33 -12 0 0 46 0 0 0 0 7 0 -42 28 0 0 0 0 -46 0 -30 0 13 -31 -18 0 38 0 0 0 8 23 -3 0 32 -41 0 41 0 -8 2 0 21 -29 0 36 28 0 37 0 -43 5 0 0 9 12 0 0 0 0 0 -27 0 36 
0 -37 0 -37 0 16 0 0 36 48 43 28 0 41 -16 -14 18 10 0 -28 0 0 0 -13 0 0 47 0 0 20 -43 -11 9 0 0 0 0 18 42 -36 0 0 0 41 -27 0 -26 6 0 0 0 -16 38 0 0 0 -5 0 0 0 0 -37 0 0 24 20 0 0 0 -45 -6 0 36 0 -44 0 -29 0 0 -1 
43 6 10 -14 32 -12 -47 -26 0 -39 0 47 0 0 28 -2 0 10 47 0 0 0 0 38 -43 22 0 21 0 -39 26 42 -9 0 28 -7 0 0 0 0 0 31 0 0 -5 0 7 -14 0 36 0 -7 32 0 0 43 -43 0 17 -21 35 -49 37 24 0 0 -6 32 27 0 -23 0 0 0 -5 0 0 0 0 0 
25 0 0 8 27 0 4 0 -48 -11 -42 0 0 0 0 -34 0 0 0 0 -39 -35 -32 0 0 -26 35 10 0 0 0 0 0 0 39 0 0 37 0 0 -21 0 0 -46 0 -46 9 -34 0 5 13 0 -42 -19 0 -22 0 0 0 0 23 19 0 20 0 43 0 0 0 0 42 -26 -5 39 -45 -18 14 0 29 0 
7 0 8 -17 6 0 0 2 0 -26 47 -34 0 0 0 0 0 -5 0 -22 -14 0 0 0 14 -27 1 0 1 0 0 16 0 45 0 11 0 -13 0 -42 30 6 -9 0 32 -6 0 13 45 46 0 0 -11 0 -29 0 -38 0 36 0 14 0 -43 0 -6 0 -12 6 0 0 39 0 0 0 0 -13 29 0 25 2 
0 -23 0 0 -22 0 0 0 0 0 17 -10 0 0 -33 49 23 0 0 30 0 0 0 9 14 25 -14 23 -15 0 0 0 0 0 18 36 0 30 9 0 43 0 37 29 0 0 0 0 0 45 0 -32 41 0 0 -44 0 0 0 0 0 0 5 0 32 0 6 0 0 -47 17 31 20 0 -38 3 -32 -33 19 0 
0 -49 16 0 0 0 -37 15 0 28 -38 5 -38 1 -23 0 0 -14 4 0 15 48 -44 34 0 33 4 28 0 28 0 0 0 10 0 0 -8 0 -38 -33 0 0 0 0 0 0 0 0 32 -47 -32 -32 -48 0 -44 0 0 9 34 0 0 29 0 0 27 0 0 0 0 25 36 0 0 0 0 0 0 0 26 0 
7 0 0 11 -49 0 0 0 0 26 -42 0 -5 3 0 0 0 0 0 0 0 0 0 0 0 28 -41 0 0 0 0 0 28 24 37 0 5 0 -39 20 0 0 0 0 0 0 0 -34 -16 0 28 0 0 0 0 0 0 0 -43 39 0 12 0 -45 0 0 0 -47 25 30 0 0 9 -19 43 19 0 -47 0 -49 
0 35 0 0 35 0 17 0 0 29 0 0 15 0 3 0 -18 0 0 0 -48 0 0 0 0 -46 0 0 44 -30 0 -14 0 0 -41 0 39 0 0 0 0 0 38 8 43 -13 0 0 43 0 -33 0 0 0 -11 0 23 -14 0 7 0 0 9 -6 -23 42 39 17 36 0 0 0 0 0 0 47 16 0 0 0 
12 12 0 15 42 0 -44 0 0 0 0 11 -19 31 -10 5 39 46 19 0 18 -5 0 0 0 -6 -19 12 0 0 0 -30 0 0 0 0 -27 0 0 0 0 21 0 6 8 0 0 0 49 47 10 1 40 20 1 -21 0 0 0 3 43 20 12 0 0 -26 0 31 0 0 0 -47 40 0 0 9 0 0 0 0 
19 42 0 -43 -23 0 0 -16 -43 0 0 38 -4 -4 0 0 -24 0 -43 0 -15 -34 9 2 0 0 -28 44 0 0 0 28 -40 0 28 0 -35 0 5 0 0 -14 8 0 -26 -17 0 0 0 0 0 0 0 0 0 0 0 -40 15 0 0 10 0 36 0 -5 0 20 0 9 0 40 0 0 0 19 0 0 0 0 
-39 0 0 -34 0 0 33 19 35 -30 -10 0 0 16 0 0 0 39 23 0 0 0 14 0 -34 39 0 0 0 0 9 0 0 -47 -43 35 -18 0 -32 39 15 0 49 0 0 0 0 0 0 38 0 0 0 0 0 41 34 0 12 -28 21 -39 0 0 0 39 0 0 0 -19 0 0 0 35 0 -24 5 43 24 3 
0 -4 -11 0 0 0 0 -20 0 14 -39 0 0 -23 -24 0 0 6 0 0 -45 0 0 -39 0 -14 0 -47 -16 16 0 0 0 0 8 -3 0 49 0 24 0 0 44 -8 -5 -22 0 0 0 19 12 0 0 0 -21 42 0 -2 16 -43 0 0 0 -44 -5 -45 0 -38 0 43 0 0 0 0 0 0 0 0 45 0 
0 18 0 40 0 -37 0 34 0 -30 0 47 -37 0 -14 0 0 0 0 0 -9 0 34 0 -11 -38 0 0 3 0 0 35 -20 0 4 0 -29 0 0 0 0 43 15 0 -3 44 0 -43 -24 0 0 0 40 0 0 0 35 0 -43 -44 19 -36 0 0 0 -18 -13 3 0 19 47 9 19 -24 0 0 -11 -48 0 0 
0 -5 -12 0 41 0 -42 0 11 0 0 0 37 0 0 0 -41 -11 0 0 8 -10 22 0 0 0 22 0 -13 0 0 -10 35 0 0 -3 42 11 0 0 0 0 -31 -45 0 0 0 44 0 6 0 13 0 -16 0 0 0 -9 0 36 47 0 0 -29 0 14 29 -32 0 0 16 0 0 5 0 -11 0 0 0 0 
0 0 0 0 0 0 -12 0 -44 -5 0 49 0 0 0 0 0 -49 0 -6 0 -7 38 0 -45 25 0 0 0 0 0 8 -18 0 0 0 45 -33 0 -39 13 -10 0 8 33 -32 2 0 -23 30 -32 0 -9 0 12 0 0 0 0 -23 23 -32 -27 0 0 0 0 -33 0 -47 0 0 0 43 0 -48 0 0 41 15 
0 0 0 -32 0 0 -43 0 15 0 -1 0 20 -17 0 0 0 13 0 19 0 0 -21 4 -36 0 0 0 45 0 48 0 0 -15 0 0 -5 -3 -41 0 0 0 0 -2 0 35 -22 0 -2 -4 7 32 33 46 -43 -49 0 0 0 34 0 6 0 0 0 29 25 19 26 0 0 0 0 24 45 0 0 41 21 35 
0 1 -12 -22 0 0 0 0 0 0 -8 0 -16 19 0 0 -12 40 0 21 -12 0 0 0 0 2 0 0 -45 0 0 0 18 27 0 -32 13 0 0 0 -30 44 0 -45 0 20 0 0 0 0 0 0 0 -48 48 9 0 -41 0 0 -46 1 36 -1 0 0 2 0 0 -49 0 0 0 3 0 0 0 15 35 0 
