100
0 -15 0 42 -12 0 -13 0 0 0 11 -29 12 -35 0 0 0 -17 11 0 0 0 -34 24 13 -30 0 20 -5 0 0 0 -46 0 0 0 0 45 0 0 43 -8 38 -1 -32 0 0 0 26 0 0 0 34 0 -47 -42 0 -30 -15 19 -31 0 0 0 0 -27 47 15 -19 0 -32 0 -20 0 0 0 0 0 -18 1 -29 0 41 0 0 14 43 -15 0 0 -37 -7 0 0 -29 0 0 0 43 0 
0 0 0 0 0 0 0 40 0 38 0 -46 -20 0 -22 0 5 36 0 14 -5 0 0 28 -46 22 5 0 28 0 0 26 0 0 0 8 -12 36 0 0 0 21 -31 -44 -49 0 0 0 -13 0 0 0 0 40 26 0 -45 -18 48 -9 0 37 0 0 21 -49 39 0 0 0 27 0 0 24 -46 34 22 -35 -40 0 0 40 0 -31 0 0 0 4 -23 0 -10 0 43 0 -4 -4 -44 6 -42 39 
0 0 0 0 8 3 0 0 0 17 29 38 -40 -13 -42 0 0 25 0 -36 0 -10 27 0 2 -49 0 28 0 0 0 0 -1 0 0 0 0 0 29 0 0 -43 0 38 0 -17 45 29 0 0 -19 11 0 0 -11 0 0 0 0 -27 0 24 0 0 0 0 0 0 46 0 0 0 0 -46 -20 0 0 -7 0 0 5 0 0 0 0 -39 -41 0 -38 20 0 0 0 0 -37 -17 0 -23 0 0 
0 0 -33 0 0 0 0 0 38 0 0 -7 0 0 49 -19 0 0 -47 0 0 42 -15 0 0 0 0 -31 -40 48 0 0 0 31 0 0 0 18 12 -27 4 0 0 -7 -11 36 5 -44 -34 -5 -18 0 -32 0 0 43 0 -36 -24 -29 0 0 0 0 32 0 35 -3 -28 0 0 17 -5 0 4 0 0 0 -23 0 0 -35 -39 17 -27 -15 0 0 0 11 0 29 0 0 0 0 0 0 0 48 
0 0 0 -47 23 0 47 35 4 0 40 -12 0 -48 0 0 4 -7 0 -26 1 -33 -28 -20 0 48 48 0 0 -9 16 -39 9 -14 -26 -23 0 0 0 0 0 4 -13 0 0 -3 0 31 -46 22 0 0 0 0 0 0 0 0 0 -49 -33 0 0 0 -32 -16 32 -36 40 0 16 0 0 39 0 0 0 43 0 0 -10 25 37 22 0 -47 19 -49 0 -48 43 26 31 -49 0 17 -18 0 0 0 
0 8 0 23 -16 0 8 0 0 0 24 0 -47 27 -43 0 0 -9 -4 22 2 32 -4 0 0 -14 -41 0 -9 -30 40 0 15 0 0 0 0 -12 0 0 -14 4 -29 38 0 6 49 -14 0 -39 -2 -40 0 -23 0 45 0 -48 0 0 0 0 0 33 21 -40 -11 0 25 0 9 0 19 0 33 0 0 6 -16 -12 0 0 31 7 33 0 0 0 -12 -47 41 24 -35 -30 -48 0 0 -30 0 0 
0 3 0 0 0 26 -40 0 0 0 -31 5 0 0 0 0 0 0 0 0 43 0 0 0 0 0 -32 0 -30 0 -29 0 -1 0 30 -49 0 0 -34 -22 0 -19 0 0 0 -9 3 -5 -49 0 0 0 0 0 0 37 -10 0 0 -7 0 42 0 -43 -28 0 45 0 0 -39 0 0 44 0 -42 0 -20 0 4 -33 0 31 -15 19 -22 0 -9 0 21 0 -22 0 -16 0 33 49 18 0 39 0 
0 0 0 47 8 -40 40 13 7 0 0 0 25 21 34 -6 0 46 -33 -25 39 0 0 0 -44 0 0 0 42 29 0 -45 -41 0 0 0 0 -33 9 39 0 0 -6 0 0 -1 -4 0 0 0 -41 -34 -19 -28 0 0 -31 0 -39 38 30 0 0 13 0 5 0 0 0 0 28 0 0 47 36 0 0 0 0 -35 -48 0 -6 0 0 28 0 0 -10 0 -47 0 0 -49 -34 0 0 -15 26 0 
40 0 0 35 0 0 13 0 0 9 0 0 -28 0 -26 36 0 8 25 0 0 0 18 49 8 3 32 -10 -46 46 0 0 0 11 -37 31 29 -43 0 -8 20 0 0 0 0 -37 40 0 -39 0 0 -4 0 -23 -1 0 -18 0 -49 -14 0 7 -40 0 -7 0 -31 21 0 34 0 0 0 0 0 0 7 -29 42 0 -35 18 0 0 0 0 3 20 0 -33 0 0 0 0 -28 0 27 13 0 0 
0 0 38 4 0 0 7 0 17 0 0 0 -3 0 18 0 0 0 0 0 0 0 0 0 0 0 0 0 -46 0 12 0 -4 0 -31 -1 0 0 49 0 0 -40 -23 20 2 7 25 -8 0 0 0 0 0 0 -48 0 0 0 32 33 27 0 -19 0 24 0 1 0 -40 0 0 0 0 0 48 0 0 0 -19 39 35 42 -7 0 0 -35 0 0 0 0 -25 0 0 30 -20 0 42 22 -8 8 
38 17 0 0 0 0 0 9 0 45 37 0 0 0 0 0 0 0 40 0 6 0 0 28 -38 -47 0 0 -14 23 15 0 -49 0 36 42 23 0 0 0 10 0 -47 0 -39 -6 0 0 28 -16 -11 0 0 -6 -16 0 17 0 0 -27 35 -46 -12 0 17 0 0 0 0 0 1 0 0 -11 0 0 0 0 0 0 0 20 0 11 0 -14 0 2 -32 27 -40 -10 0 0 -2 -49 -13 -16 0 9 
0 29 0 40 24 -31 0 0 0 37 0 0 0 0 0 34 35 0 0 0 0 28 0 -8 0 19 -5 42 0 -45 0 0 -7 8 10 0 0 0 0 33 4 0 0 -45 0 0 10 -42 -12 0 -12 46 0 0 -41 0 -40 0 0 8 0 45 0 -14 -24 0 0 -43 1 0 0 6 0 0 0 34 0 32 0 0 -40 16 -4 0 18 -43 -1 0 -41 -47 0 0 0 -42 0 0 -14 0 5 0 
-46 38 -7 -12 0 5 0 0 0 0 0 0 0 0 9 10 0 -25 0 0 0 0 0 0 0 0 0 -46 3 -46 0 0 -8 36 0 0 30 -7 28 0 3 -22 2 0 0 2 0 0 23 0 0 0 -10 19 0 -6 0 0 0 0 -18 0 0 0 0 22 -29 30 0 37 0 28 0 0 0 15 -48 0 0 -10 0 -44 5 0 39 49 -42 0 8 0 14 0 0 0 10 0 0 0 49 0 
-20 -40 0 0 -47 0 25 -28 -3 0 0 0 0 -11 0 0 17 -33 0 -39 0 -30 -49 -14 34 0 0 11 0 0 0 0 0 44 0 0 -8 0 0 0 -17 0 30 0 35 0 -2 0 0 -24 0 -2 0 -41 0 0 0 11 0 -2 0 0 38 42 0 0 0 -46 0 0 13 -4 10 -32 0 21 0 -39 -34 22 0 19 0 7 0 -15 0 -27 -30 31 20 0 29 24 0 0 0 22 47 0 
0 -13 0 -48 27 0 21 0 0 0 0 0 -11 0 -9 20 5 29 42 0 0 0 0 19 0 0 0 0 0 -26 21 26 26 0 22 0 -49 0 -8 8 30 0 -22 44 0 0 -49 0 26 0 0 0 8 18 0 20 14 39 0 -15 0 35 14 0 0 -33 33 16 0 -21 -37 43 -10 20 0 -11 17 0 0 43 0 -7 30 17 0 -42 0 0 44 0 -17 -34 -43 0 0 0 0 -42 37 -6 
-22 -42 49 0 -43 0 34 -26 18 0 0 9 0 -9 48 4 9 -26 12 7 11 27 -21 0 0 10 0 -13 -11 0 42 0 39 0 25 27 30 0 0 44 0 0 0 46 -12 -4 0 37 29 33 37 0 9 9 0 -7 8 33 0 2 26 0 0 -16 0 0 0 0 17 -38 0 -23 0 -43 7 10 0 26 -42 0 -21 0 0 0 -30 0 -13 0 0 -28 0 -29 0 21 0 -29 -8 0 0 3 
0 0 -19 0 0 0 -6 36 0 0 34 10 0 20 4 42 0 -12 0 -17 26 0 0 0 0 0 0 0 -46 44 0 3 0 0 4 41 10 0 33 0 0 -44 0 0 -47 0 0 33 -38 -42 -35 0 -38 0 0 7 2 0 0 40 38 -40 0 0 0 0 -41 0 -23 0 2 10 27 0 40 30 -21 0 -19 0 0 4 -33 0 0 0 0 4 0 38 0 0 0 -8 0 0 0 -28 0 0 
5 0 0 4 0 0 0 0 0 0 35 0 17 5 9 0 0 8 0 35 -31 0 0 29 27 0 0 0 0 0 0 0 0 0 -6 -39 8 0 0 -30 0 0 0 -18 -27 -44 0 1 0 -34 25 0 9 0 0 -24 0 0 0 16 0 11 0 0 -47 0 0 0 0 7 0 -8 0 -12 16 -40 -41 -38 5 0 0 0 0 -17 0 -15 8 0 -41 -31 -40 0 0 -41 0 36 0 0 0 23 
36 25 0 -7 -9 0 46 8 0 0 0 -25 -33 29 -26 -12 8 0 0 -37 0 0 0 45 -25 -46 0 0 0 -23 -39 0 -41 0 5 1 0 -40 0 -42 -39 46 -20 11 -38 0 -19 -29 -49 16 0 0 0 49 0 22 0 -11 -18 0 37 0 0 -46 0 0 -16 -27 -26 22 -38 0 26 26 0 0 0 0 0 12 32 0 0 0 0 18 0 0 -4 47 8 0 0 1 0 0 0 43 0 48 
0 0 -47 0 -4 0 -33 25 0 40 0 0 0 42 12 0 0 0 48 -48 26 -28 0 13 0 -1 0 0 12 40 0 0 0 0 -39 0 0 0 0 0 -47 0 -23 1 0 46 0 -16 -34 0 0 0 0 -42 0 0 7 11 -2 46 -43 -12 3 4 -44 29 0 -8 -22 -24 0 0 0 0 46 49 0 47 0 36 0 32 0 14 0 40 3 4 0 0 37 0 0 -39 0 42 0 0 0 -19 
14 -36 0 -26 22 0 -25 0 0 0 0 0 -39 0 7 -17 35 -37 -48 33 24 38 0 0 2 0 32 0 0 -20 0 41 -21 0 0 46 -5 -7 0 -36 0 0 0 -12 0 0 0 15 8 0 -33 -9 11 -45 31 -46 8 0 0 0 -10 -20 47 0 0 0 1 0 45 -29 25 35 -30 0 0 0 -13 -10 0 0 -7 -9 -35 41 0 -38 0 -13 0 -15 49 -6 1 47 38 8 0 -27 0 0 
-5 0 0 1 2 43 39 0 0 6 0 0 0 0 11 26 -31 0 26 24 -48 -6 24 -3 0 -27 -26 14 0 10 0 0 0 14 0 0 -21 -45 -1 20 -40 -38 0 0 43 0 0 16 0 0 0 0 49 0 -40 0 25 -15 0 0 46 -39 23 20 0 0 0 -37 -38 0 -34 0 45 0 -19 0 37 0 0 44 0 -38 0 0 -25 0 0 -13 -44 -46 0 0 21 -30 -26 -30 -25 0 -35 0 
0 -10 42 -33 32 0 0 0 0 0 28 0 -30 0 27 0 0 0 -28 38 -6 22 0 -14 0 0 0 -24 0 0 0 0 -17 0 0 15 0 30 0 -16 41 0 35 0 0 0 -22 32 0 32 0 18 0 0 0 0 -34 -28 0 14 -5 29 0 0 -45 36 7 7 0 -22 0 30 0 0 0 0 0 -40 0 0 -27 -37 0 0 -40 -27 1 3 0 9 0 0 -27 -20 8 35 0 29 -9 0 
0 27 -15 -28 -4 0 0 18 0 0 0 0 -49 0 -21 0 0 0 0 0 24 0 19 0 28 0 0 -7 -7 -5 0 -31 0 0 -40 0 -7 0 0 0 10 4 -11 0 -45 0 12 0 0 0 0 0 0 -23 32 -40 0 0 0 0 0 27 0 0 0 0 4 -39 0 0 0 0 -27 0 0 0 0 0 0 0 0 -29 0 0 25 14 14 -48 -4 33 0 -34 -23 0 0 -39 0 -18 -32 0 
28 0 0 -20 0 0 0 49 0 28 -8 0 -14 19 0 0 29 45 13 0 -3 -14 0 0 -29 0 0 0 46 33 -27 37 27 -23 -25 0 0 0 0 -19 37 0 -31 -15 49 12 0 0 0 0 42 -36 -29 0 -4 22 49 -21 15 0 -44 34 -2 -24 0 0 -22 -43 -45 14 34 -17 17 36 41 0 -4 28 -21 0 43 32 0 0 0 0 21 -39 0 0 0 0 10 0 20 0 -31 26 0 3 
-46 2 0 0 0 0 -44 8 0 -38 0 0 34 0 0 0 27 -25 0 2 0 0 28 -29 -44 -17 0 -9 0 6 48 0 0 32 -28 26 0 37 45 0 -3 24 -33 0 0 -46 0 0 0 0 36 0 3 -29 0 37 -44 0 0 0 -18 23 0 0 0 -46 0 -44 11 -3 0 0 0 -39 -7 27 3 -42 0 0 0 15 0 -34 0 -14 10 0 0 32 10 0 -12 -31 0 0 0 0 45 -20 
22 -49 0 48 -14 0 0 3 0 -47 19 0 0 0 10 0 0 -46 -1 0 -27 0 0 0 -17 36 0 0 21 -6 0 0 0 31 -40 0 0 -3 1 0 0 -11 0 0 10 0 -37 -5 -38 0 0 0 19 0 19 -18 29 39 23 12 -20 0 0 0 0 -17 0 10 -14 -42 31 0 0 0 0 6 0 0 0 25 0 27 37 0 0 0 0 0 13 -46 -28 5 0 0 -49 0 0 4 -49 -5 
5 0 0 48 -41 -32 0 32 0 0 -5 0 0 0 0 0 0 0 0 32 -26 0 0 0 0 0 -26 -39 0 0 -39 0 0 -22 0 -28 -15 0 0 0 -32 0 15 -32 1 -40 46 25 -3 18 49 -31 44 -5 -3 -4 -18 0 10 -15 0 0 0 0 0 -38 0 0 -14 0 -10 0 0 -44 0 -46 0 -5 40 0 0 -47 0 -18 -31 -41 -40 0 0 0 -27 37 0 15 0 -31 0 0 0 0 
0 28 -31 0 0 0 0 -10 0 0 42 -46 11 0 -13 0 0 0 0 0 14 -24 -7 0 -9 0 -39 -7 17 -17 -17 0 -26 -14 34 0 0 -45 0 0 0 -27 0 0 -5 0 0 0 0 0 0 -14 0 27 35 9 0 22 0 -26 0 0 20 0 -7 0 0 0 -29 46 0 0 0 -4 0 0 0 -28 31 4 37 0 0 -25 0 34 0 0 0 -29 0 0 -36 0 0 38 0 30 -28 19 
28 0 -40 0 -9 -30 42 -46 -46 -14 0 3 0 0 -11 -46 0 0 12 0 0 0 -7 46 0 21 0 17 42 9 -7 0 0 -25 -23 0 -36 -30 -12 0 0 0 0 0 -32 0 0 -23 0 9 0 11 -12 18 -43 24 0 43 0 0 0 9 -19 6 0 0 0 32 2 0 0 0 -20 0 0 43 -26 0 0 27 0 0 47 0 0 -30 -15 -5 0 17 0 0 -31 40 17 -5 0 0 0 0 
0 0 48 -9 -30 0 29 46 0 23 -45 -46 0 -26 0 44 0 -23 40 -20 10 0 -5 33 6 -6 0 -17 9 14 31 0 6 0 -3 -46 19 17 -38 -9 -7 0 22 0 0 28 0 -42 -38 0 -1 -20 -43 28 0 0 0 34 0 -46 0 48 0 0 -21 0 41 0 0 -40 0 0 0 -31 -17 -3 27 0 0 0 0 -14 0 -28 10 0 0 0 28 -26 -36 44 0 -44 0 0 0 0 0 0 
0 0 0 16 40 -29 0 0 12 15 0 0 0 21 42 0 0 -39 0 0 0 0 0 -27 48 0 -39 -17 -7 31 0 27 -15 -46 -11 0 0 0 0 0 0 0 0 0 39 10 0 14 -43 0 0 -3 27 29 -19 0 49 0 36 0 -26 0 0 0 -13 -17 0 -23 -2 23 28 0 20 0 0 0 0 -33 -40 0 20 23 0 0 0 0 12 40 0 -49 23 0 0 0 43 0 -18 -8 49 0 
26 0 0 -39 0 0 -45 0 0 0 0 0 0 26 0 3 0 0 0 41 0 0 -31 37 0 0 0 0 0 0 27 -35 33 0 37 38 0 36 -31 -43 0 0 0 0 0 0 26 -40 47 0 24 0 8 0 34 0 0 0 30 0 2 0 -24 -16 47 0 0 0 0 0 0 0 0 0 13 -20 0 -28 0 -40 0 -4 27 -36 -19 0 14 0 -45 0 -30 -42 34 0 0 22 -41 0 -49 22 
0 -1 0 9 15 -1 -41 0 -4 -49 -7 -8 0 26 39 0 0 -41 0 -21 0 -17 0 27 0 0 0 -26 0 6 -15 33 0 0 0 0 0 0 33 -7 0 -11 -34 -37 0 33 0 -10 27 -22 19 -14 7 -32 0 0 0 25 8 0 0 -20 0 0 -41 0 0 0 -48 0 -18 0 0 0 43 0 -23 0 39 -18 0 0 0 0 0 0 0 13 22 0 39 -32 0 -14 0 -42 12 12 0 0 
0 0 31 -14 0 0 0 11 0 0 8 36 44 0 0 0 0 0 0 0 14 0 0 -23 32 31 -22 -14 -25 0 -46 0 0 0 0 0 -13 35 26 0 23 -40 23 -41 41 31 41 0 7 -43 0 -48 -29 0 35 40 0 0 0 0 3 -23 43 0 0 -3 -6 49 -15 24 24 -9 -35 17 0 0 -40 0 14 0 35 0 0 -39 0 2 -11 0 0 -43 0 0 0 0 -48 -12 32 0 -48 -26 
0 0 0 -26 0 30 0 -37 -31 36 10 0 0 22 25 4 -6 5 -39 0 0 0 -40 -25 -28 -40 0 34 -23 -3 -11 37 0 0 -30 0 0 -45 0 0 -15 0 0 0 0 25 0 -12 0 -48 27 0 0 0 1 -44 0 0 0 23 0 -2 -5 -3 -4 0 0 0 -40 0 0 0 0 36 -36 0 0 0 0 2 -30 -40 -49 32 0 0 0 46 0 -35 -14 0 0 -27 -38 0 0 0 -26 -30 
8 0 0 -23 0 -49 0 31 -1 42 0 0 0 0 27 41 -39 1 0 46 0 15 0 0 26 0 -28 0 0 -46 0 38 0 0 0 25 17 47 -22 -17 22 -13 0 0 46 0 0 -3 0 1 -41 16 16 0 -15 -20 0 0 29 2 0 -17 -18 9 0 -47 0 44 7 0 0 41 38 0 28 0 38 0 0 43 -40 43 0 -20 0 29 15 0 -29 46 31 25 48 0 39 0 0 0 -15 0 
-12 0 0 0 0 0 0 29 0 23 0 30 -8 -49 30 10 8 0 0 -5 -21 0 -7 0 0 0 -15 0 -36 19 0 0 0 -13 0 17 30 11 0 42 0 15 0 17 -34 0 0 0 34 -1 -35 0 0 24 0 0 -39 8 0 27 0 0 0 12 8 0 42 -3 0 -36 -7 -46 -32 0 0 0 -12 0 4 0 0 0 30 0 -10 -25 -29 -42 0 -17 0 0 0 4 13 -25 0 6 5 -2 
36 0 18 0 -12 0 -33 -43 0 0 0 -7 0 0 0 0 0 -40 0 -7 -45 30 0 0 37 -3 0 -45 -30 17 0 36 0 35 -45 47 11 0 26 0 0 -30 0 0 -45 0 0 0 -47 31 0 0 16 18 0 32 -32 -18 7 49 0 -5 -38 46 -10 -16 0 -46 -11 -28 39 47 0 0 0 23 20 -35 33 29 0 35 -26 0 8 0 -22 12 13 0 28 25 -37 0 0 -26 0 -33 14 0 
0 29 12 0 0 -34 9 0 49 0 0 28 0 -8 0 33 0 0 0 0 -1 0 0 0 45 1 0 0 -12 -38 0 -31 33 26 0 -22 0 26 0 0 0 -42 20 48 0 -7 0 0 0 46 -12 10 44 -15 0 -22 -9 0 0 0 -24 0 0 -8 -9 0 -4 48 0 0 19 0 -3 -31 -34 0 10 0 -48 0 1 0 0 0 10 3 0 0 -28 0 12 -36 0 0 47 12 -23 0 -17 11 
0 0 -27 0 0 -22 39 -8 0 0 33 0 0 8 44 0 -30 -42 0 -36 20 -16 0 -19 0 0 0 0 0 -9 0 -43 -7 0 0 -17 42 0 0 10 0 0 -47 0 -20 0 -8 1 45 0 0 0 0 25 0 0 0 -26 0 -40 0 36 0 49 10 45 46 0 49 0 0 10 -35 0 0 -2 21 -41 0 0 0 -17 -41 0 0 22 35 20 1 0 4 -12 0 0 0 40 1 43 15 0 
0 0 4 0 -14 0 0 20 0 10 4 3 -17 30 0 0 0 -39 -47 0 -40 41 10 37 -3 0 -32 0 0 -7 0 0 0 23 -15 22 0 0 0 0 0 0 0 4 -3 0 -37 0 0 0 0 0 -43 45 38 0 0 -28 31 0 -6 3 0 12 0 0 -26 -10 10 0 0 0 0 -5 38 0 0 -44 0 0 0 0 0 0 46 -2 0 0 37 37 -44 0 0 0 -28 -30 39 0 0 0 
21 -43 0 4 4 -19 0 0 -40 0 0 -22 0 0 0 -44 0 46 0 0 -38 0 4 0 24 -11 0 -27 0 0 0 0 -11 -40 0 -13 15 -30 -42 0 0 0 0 0 0 0 0 -40 0 -27 0 0 0 6 0 6 0 44 0 44 -3 0 0 28 30 0 0 -42 0 0 0 28 23 0 0 -5 3 0 -2 0 -25 6 -28 0 2 -11 0 -24 32 0 -38 0 0 -41 9 0 0 -32 0 0 
-31 0 0 -13 -29 0 -6 0 -23 -47 0 2 30 -22 0 0 0 -20 -23 0 0 35 -11 -31 -33 0 15 0 0 22 0 0 -34 23 0 0 0 0 20 -47 0 0 4 0 0 0 0 0 0 -20 0 -37 -30 7 -35 40 0 0 7 11 44 0 0 45 0 -46 0 16 0 0 0 47 -14 22 0 -32 0 13 0 0 1 23 -39 10 10 0 36 0 0 34 -16 0 0 0 10 0 0 -44 0 0 
-44 38 -7 0 38 0 0 0 20 0 -45 0 0 44 46 0 -18 11 1 -12 0 0 0 -15 0 0 -32 0 0 0 0 0 -37 -41 0 0 17 0 48 0 4 0 0 35 0 0 0 -21 -20 -6 0 0 0 38 0 5 -19 21 0 0 0 39 0 47 -5 0 -33 -40 5 0 0 0 -26 33 39 -17 -14 0 0 49 42 41 -35 18 0 0 0 26 0 7 -25 0 0 0 0 35 28 0 0 0 
-49 0 -11 0 0 0 0 0 2 -39 0 0 35 0 -12 -47 -27 -38 0 0 43 0 -45 49 0 10 1 -5 -32 0 39 0 0 41 0 46 -34 -45 0 -20 -3 0 0 0 0 0 38 40 32 -42 -17 -16 0 -16 14 0 0 0 20 0 0 0 0 -13 -48 43 0 0 0 0 -38 0 0 -45 0 0 14 0 0 -29 0 0 0 43 0 47 0 0 14 -45 43 0 0 -1 0 0 0 -32 36 4 
0 -17 36 -3 6 -9 -1 -37 7 -6 0 2 0 0 -4 0 -44 0 46 0 0 0 0 12 -46 0 -40 0 0 28 10 0 33 31 25 0 0 0 -7 0 0 0 0 0 0 0 0 -40 0 0 0 0 0 0 47 -34 -37 0 28 0 8 0 0 0 0 0 -15 0 -16 -26 35 21 0 0 20 47 0 0 -1 0 -19 -33 35 0 0 9 0 0 23 -43 -42 0 0 41 0 0 0 -41 0 0 
0 45 5 0 49 3 -4 40 25 0 10 0 -2 -49 0 0 0 -19 0 0 0 -22 12 0 0 -37 46 0 0 0 0 26 0 41 0 0 0 0 0 -8 -37 0 0 0 38 0 0 0 -19 0 9 0 0 -36 0 -22 -10 0 0 -32 26 -17 0 -29 -14 0 0 0 0 0 -30 -5 22 -45 0 0 -34 45 -24 -38 0 0 0 0 22 0 -36 0 47 -30 0 0 31 -32 9 17 42 16 0 0 
0 29 -44 31 -14 -5 0 0 -8 0 -42 0 0 0 37 33 1 -29 -16 15 16 32 0 0 0 -5 25 0 -23 -42 14 -40 -10 0 -12 -3 0 0 0 1 0 -40 0 -21 40 -40 0 -22 20 -2 42 -8 0 0 -20 0 34 29 0 4 26 48 0 -31 -43 0 -14 0 32 18 0 0 -10 0 0 0 -6 0 0 0 0 0 0 0 -30 46 0 0 0 -11 21 0 47 0 -41 31 0 7 16 0 
-13 0 -34 -46 0 -49 0 -39 0 28 -12 23 0 26 29 -38 0 -49 -34 8 0 0 0 0 0 -38 -3 0 0 -38 -43 47 27 7 0 0 34 -47 0 45 0 0 0 -20 32 0 -19 20 0 -43 0 -49 -31 0 0 0 -22 16 47 22 0 1 0 0 0 -32 34 0 -8 27 1 0 0 -28 0 45 0 0 0 35 0 23 47 -8 0 -15 0 6 0 35 0 -35 31 0 -23 0 45 0 0 46 
0 0 -5 22 -39 0 0 0 0 -16 0 0 -24 0 33 -42 -34 16 0 0 0 32 0 0 0 0 18 0 9 0 0 0 -22 -43 -48 1 -1 31 46 0 0 -27 -20 -6 -42 0 0 -2 -43 0 -10 0 0 0 3 40 0 0 -6 0 0 0 0 0 22 0 0 11 0 0 11 0 0 12 0 34 0 44 -44 0 0 0 -38 0 14 41 0 13 0 0 0 30 1 0 0 0 0 -4 0 0 
0 -19 -18 0 -2 0 -41 0 0 -11 -12 0 0 0 37 -35 25 0 0 -33 0 0 0 42 36 0 49 0 0 -1 0 24 19 0 27 -41 -35 0 -12 0 0 0 0 0 -17 0 9 42 0 -10 -37 0 0 0 45 -1 0 2 32 0 0 0 35 0 0 0 0 -23 0 -5 0 0 0 0 0 -8 -13 0 -36 0 0 0 -44 0 0 0 43 0 -12 27 16 0 0 0 0 0 0 -5 0 -31 
0 11 0 0 -40 0 -34 -4 0 0 46 0 -2 0 0 0 0 0 0 -9 0 18 0 -36 0 0 -31 -14 11 -20 -3 0 -14 -48 0 16 0 0 10 0 0 0 -37 0 -16 0 0 -8 -49 0 0 -46 0 8 0 0 24 0 0 0 -8 44 0 0 -31 14 0 22 31 16 0 0 47 15 0 0 0 -33 0 -31 0 0 0 0 0 17 0 46 0 0 27 0 0 -22 0 0 0 0 -25 22 
0 0 -32 0 0 0 -19 0 0 0 0 -10 0 8 9 -38 9 0 0 11 49 0 0 -29 3 19 44 0 -12 -43 27 8 7 -29 0 16 0 16 44 0 -43 0 -30 0 0 0 0 0 -31 0 0 0 0 0 0 23 14 44 0 0 0 0 0 49 0 -5 0 0 0 18 21 0 -18 0 0 -44 -16 0 0 0 26 0 -49 -22 -42 0 -34 0 0 -37 33 0 0 -39 0 0 39 0 -46 -36 
40 0 0 0 -23 0 -28 -23 0 -6 0 19 -41 18 9 0 0 49 -42 -45 0 0 -23 0 -29 0 -5 27 18 28 29 0 -32 0 0 0 24 18 -15 25 45 6 7 38 -16 0 -36 0 0 0 0 8 0 -27 0 -48 0 0 0 28 0 0 16 11 3 0 0 -47 -48 0 0 0 0 41 -32 0 0 11 -5 24 0 -26 0 0 21 -37 19 17 22 0 -38 0 -29 -24 0 25 -42 -27 3 23 
26 -11 0 0 0 0 0 -1 -48 -16 -41 0 0 0 0 0 0 0 0 31 -40 0 32 -4 0 19 -3 35 -43 0 -19 34 0 35 1 -15 0 0 0 0 38 0 -35 0 14 47 0 -20 0 3 45 0 0 0 -26 -35 -30 11 0 0 -17 49 0 21 0 0 0 -29 0 32 0 38 0 46 0 0 -32 0 -36 0 0 0 -30 33 0 -44 32 28 -24 41 -28 0 -46 31 0 0 19 0 0 0 
0 0 43 0 45 37 0 0 0 0 0 -6 0 20 -7 7 -24 22 0 -46 0 0 -40 22 37 -18 -4 9 24 0 0 0 0 40 -44 -20 0 32 -22 0 0 6 40 5 0 -34 -22 0 0 40 -1 0 23 -48 -35 36 0 -4 0 0 0 0 0 0 31 0 -21 -7 26 -12 -49 0 7 0 24 17 43 0 30 -36 0 0 -35 0 0 7 37 0 0 30 0 0 -40 0 11 0 3 -21 8 0 
-45 0 0 0 0 -10 -31 -18 0 17 -40 0 0 14 8 2 0 0 7 8 25 -34 0 49 -44 29 -18 0 0 0 49 0 0 0 0 0 -39 -32 -9 0 0 0 0 -19 0 -37 -10 34 -22 0 0 24 14 0 -30 0 0 0 34 42 0 0 0 0 36 -21 0 0 -17 0 16 0 7 0 35 0 -2 -27 -1 21 0 -34 0 -42 0 -9 26 0 0 0 0 -14 0 44 0 0 0 0 -13 0 
-18 0 -36 0 -48 0 0 0 0 0 0 0 11 39 33 0 0 -11 11 0 -15 -28 0 -21 0 39 0 22 43 34 0 0 25 0 0 0 8 -18 0 -26 -28 44 0 21 0 0 0 29 16 0 2 0 44 0 11 -4 0 0 -28 0 14 0 -45 0 11 -25 15 -35 18 0 -12 42 47 -7 0 0 0 0 0 -3 0 15 0 -46 0 -22 -17 5 -8 25 0 0 10 10 26 0 0 0 0 0 
48 0 -24 0 0 0 -39 -49 32 0 0 0 0 0 0 0 0 -18 -2 0 0 0 0 15 0 23 10 0 0 0 36 30 8 0 0 29 0 7 0 0 31 0 7 0 20 28 0 0 47 -6 32 0 0 0 0 0 34 -28 7 -27 0 0 0 0 17 23 0 0 0 -28 10 -25 0 15 0 -20 0 0 0 0 24 -42 34 0 -23 0 -17 34 0 0 0 0 19 -43 -39 0 9 -30 10 0 
-9 -27 -29 -49 0 -7 38 -14 33 -27 8 0 -2 -15 2 40 16 0 46 0 0 14 0 0 0 12 -15 -26 0 -46 0 0 0 0 23 2 27 49 0 -40 0 44 11 0 0 0 -32 4 22 0 0 0 0 28 0 0 42 0 -27 0 19 0 0 0 -33 -25 0 0 0 0 36 0 29 0 28 7 0 4 0 33 0 3 0 6 0 -6 -1 0 0 46 47 15 -48 -17 37 -7 0 0 7 19 
0 0 0 -33 0 0 30 0 27 35 0 -18 0 0 26 38 0 37 -43 -10 46 -5 0 -44 -18 -20 0 0 0 0 -26 2 0 3 0 0 0 0 -24 0 -6 -3 44 0 0 8 26 26 0 0 0 -8 0 0 -17 0 0 14 0 19 0 0 -6 6 21 0 0 0 38 -28 35 49 0 0 0 0 22 -28 -36 0 -10 -25 -27 0 0 0 -10 37 0 -40 -19 0 -6 -8 -39 0 0 0 -14 0 
37 24 0 0 0 42 0 7 0 -46 45 0 0 35 0 -40 11 0 -12 -20 -39 29 27 34 23 0 0 0 9 48 0 0 -20 -23 -2 -17 0 -5 0 36 3 0 0 39 0 0 -17 48 1 0 0 44 0 0 49 0 0 0 0 0 0 -42 0 0 -22 15 0 49 7 0 -32 0 -10 0 0 -30 0 -39 44 0 0 0 -36 27 8 0 -16 0 0 0 -43 0 0 0 7 4 7 -45 23 0 
0 0 0 0 0 0 0 -40 -19 -12 0 0 38 14 0 0 0 0 3 47 23 0 0 -2 0 0 0 20 -19 0 0 -24 0 43 -5 -18 0 -38 0 0 0 0 0 0 0 0 0 0 0 0 35 0 0 16 0 0 0 -45 0 0 -6 0 0 0 -26 0 0 -31 -3 -1 -23 0 0 38 0 0 0 8 0 41 0 49 32 0 0 -38 -15 0 0 0 -34 0 35 17 8 -24 0 0 -28 4 
0 0 0 0 33 -43 13 0 0 0 -14 0 42 0 -16 0 0 -46 4 0 20 0 0 -24 0 0 0 0 6 0 0 -16 0 0 -3 9 12 46 -8 49 12 28 45 47 -13 0 -29 -31 0 0 0 0 49 11 21 0 0 0 0 0 6 0 0 -11 -4 -23 -35 30 -32 -7 0 -8 39 -43 0 9 27 0 38 1 -32 -24 0 29 0 0 -32 0 33 0 0 0 0 -39 -12 17 0 0 0 0 
21 0 32 -32 21 -28 0 -7 24 17 -24 0 0 0 0 0 -47 0 -44 0 0 -45 0 0 0 0 0 -7 0 -21 -13 47 -41 0 -4 0 8 -10 -9 10 0 30 0 -5 -48 0 -14 -43 0 22 0 -31 0 3 0 31 36 11 17 -33 21 -22 -26 -4 0 -20 0 -38 -10 -42 0 12 -12 0 0 -45 -25 -47 0 -21 11 -21 0 0 49 -30 0 9 0 0 -45 -11 0 0 0 0 31 0 10 -26 
-49 0 0 -16 -40 0 5 0 0 0 0 22 0 -33 0 0 0 0 29 0 0 36 0 0 -46 -17 -38 0 0 0 -17 0 0 -3 0 -47 0 -16 0 45 0 0 -46 0 43 0 0 0 -32 0 0 14 -5 0 0 0 -21 -25 23 -25 0 15 0 -23 -20 0 22 23 -42 -15 0 0 -47 0 33 -39 0 0 0 0 -14 0 0 4 0 -38 0 0 -27 0 -2 0 -48 0 0 37 -18 2 0 0 
39 0 35 32 -11 45 0 -31 1 0 0 -29 0 33 0 -41 0 -16 0 1 0 7 4 -22 0 0 0 0 0 41 0 0 0 -6 0 0 42 0 -4 46 -26 0 0 -33 0 -15 0 -14 34 0 0 0 0 0 0 -21 0 15 0 0 0 0 0 -35 0 22 1 23 0 39 0 0 0 0 0 23 0 49 0 -30 -29 -32 0 -47 -11 23 0 0 0 0 -45 0 -22 39 0 -37 19 28 37 -35 
0 0 -3 -36 0 0 0 21 0 0 -43 30 -46 16 0 0 0 -27 -8 0 -37 7 -39 -43 -44 10 0 0 32 0 -23 0 0 49 0 44 -3 -46 48 0 -10 -42 16 -40 0 0 0 0 0 11 -23 22 0 -47 -29 -7 0 -35 0 0 0 49 -31 30 -38 23 23 -47 0 0 0 0 12 -39 0 0 0 0 0 -42 -32 -36 0 7 -4 -27 -22 0 -46 0 0 0 0 39 0 45 32 40 -47 22 
0 46 -28 40 25 0 0 0 -40 0 1 0 0 0 17 -23 0 -26 -22 45 -38 0 0 -45 11 -14 -14 -29 2 0 -2 0 -48 -15 -40 7 0 -11 0 49 10 0 0 5 0 -16 0 32 -8 0 0 31 0 -48 0 26 -17 18 0 0 38 7 -3 -32 -10 -42 0 0 -14 29 0 0 0 0 0 -5 0 -21 3 0 0 -46 0 37 -18 0 25 38 -26 0 0 0 0 0 25 -24 -22 0 0 45 
0 0 0 0 0 -39 0 34 0 0 0 37 0 -21 -38 0 7 22 -24 -29 0 -22 0 14 -3 -42 0 46 0 -40 23 0 0 24 0 0 -36 -28 0 0 0 0 0 0 0 -26 0 18 27 0 -5 16 18 0 32 -12 0 0 -28 0 -28 0 -1 -7 -42 -15 39 0 29 0 0 0 18 0 49 20 0 16 44 18 0 6 48 -8 0 15 0 0 -6 0 0 0 0 0 12 -40 29 0 0 38 
27 0 0 16 9 0 28 0 0 1 0 0 13 -37 0 2 0 -38 0 25 -34 0 0 34 0 31 -10 0 0 0 28 0 -18 24 0 0 -7 39 19 0 0 0 0 0 -38 35 -30 0 1 11 0 0 21 0 0 -49 16 -12 10 36 35 -32 -23 0 0 0 0 0 0 0 0 0 25 17 0 0 46 0 14 29 -19 0 -40 -44 29 -7 -24 -33 0 32 30 -46 -4 0 34 11 0 9 -34 -43 
0 0 17 0 0 0 0 0 0 0 6 28 -4 43 -23 10 -8 0 0 35 0 30 0 -17 0 0 0 0 0 0 0 0 0 -9 0 41 -46 47 0 10 0 28 47 0 0 21 -5 0 0 0 0 0 0 0 38 0 0 42 -25 0 49 0 0 -8 12 0 0 0 0 0 0 0 44 17 -18 0 -15 -11 0 0 0 0 0 0 0 0 -8 1 -1 0 0 17 0 0 0 47 -8 9 0 4 
0 0 -5 0 19 44 0 0 0 0 0 0 10 -10 0 27 0 26 0 -30 45 0 -27 17 0 0 0 0 -20 0 20 0 0 -35 0 38 -32 0 -3 -35 0 23 -14 -26 0 0 22 -10 0 0 0 47 -18 0 0 7 7 47 0 29 0 -10 0 39 -12 -47 0 12 0 18 25 44 0 0 -29 17 0 22 41 -22 -21 32 -43 23 2 -31 1 0 -21 13 0 -27 0 -48 0 -36 0 0 -48 0 
24 -46 0 39 0 0 47 0 0 -11 0 0 -32 20 -43 0 -12 26 0 0 0 0 0 36 -39 0 -44 -4 0 -31 0 0 0 17 36 0 0 0 -31 0 -5 0 22 33 -45 0 -45 0 -28 12 0 15 0 41 46 0 0 -7 15 0 0 0 38 -43 0 0 0 -39 0 0 17 17 0 0 -21 0 0 -4 -14 0 0 0 0 0 14 -36 0 21 -19 0 0 0 -14 0 0 36 0 -15 0 0 
-46 -20 4 0 33 -42 36 0 48 0 0 0 0 0 7 40 16 0 46 0 -19 0 0 41 -7 0 0 0 0 -17 0 13 43 0 -36 28 0 0 -34 0 38 0 0 39 0 20 0 0 0 0 0 0 0 -32 0 24 35 0 0 28 0 0 0 0 0 33 0 0 0 49 0 -18 -29 -21 39 0 38 0 22 41 41 7 0 -15 -44 0 -34 25 0 0 -33 -5 0 40 0 14 -36 0 25 0 
34 0 0 0 0 0 0 0 0 0 34 15 21 -11 10 30 -40 0 49 0 0 0 0 0 27 6 -46 0 43 -3 0 -20 0 0 0 0 0 23 0 -2 0 -5 -32 -17 0 47 0 0 45 34 -8 0 -44 0 0 17 0 0 -20 7 0 -30 0 9 -45 -39 23 0 -5 20 0 0 17 0 0 24 0 0 14 0 31 -16 0 0 0 0 0 0 -6 0 28 -23 20 -23 -20 0 -27 13 0 0 
22 0 0 0 0 -20 0 7 0 0 0 -48 0 17 0 -21 -41 0 0 -13 37 0 0 -4 3 0 0 0 -26 27 0 0 -23 -40 0 38 -12 20 10 21 0 3 0 -14 14 0 -34 -6 0 0 -13 0 -16 0 -32 43 -2 0 0 0 22 0 0 27 -25 0 0 0 0 0 46 -15 0 0 38 0 47 5 6 0 0 -32 -48 9 -2 31 0 33 0 0 0 8 0 0 -30 0 -26 0 0 21 
-35 -7 0 43 6 0 0 -29 0 0 32 0 -39 0 26 0 -38 0 47 -10 0 -40 0 28 -42 0 -5 -28 0 0 -33 -28 0 0 0 0 0 -35 0 -41 -44 0 13 0 0 0 45 0 0 44 0 -33 0 11 0 0 -27 0 0 4 -28 -39 8 0 -47 0 49 0 -21 16 0 -11 22 -4 0 0 5 0 38 0 -29 0 -16 -4 0 -40 0 0 0 25 -28 -1 0 -46 -18 0 22 0 -26 0 
-40 0 -23 0 -16 4 0 42 -19 0 0 0 -34 0 -42 -19 5 0 0 0 0 0 0 -21 0 0 40 31 0 0 -40 0 39 14 0 0 4 33 -48 0 0 -2 0 0 0 -1 -24 0 0 -44 -36 0 0 -5 -36 30 -1 0 0 0 -36 44 0 38 0 0 0 0 3 44 14 0 41 -14 22 14 6 38 0 0 0 0 0 0 8 0 -20 39 0 2 0 0 43 22 0 0 0 0 -37 28 
0 0 0 0 -12 -33 -35 0 39 0 0 -10 22 43 0 0 0 12 36 0 44 0 0 0 0 25 0 4 27 0 0 -40 -18 0 2 43 0 29 0 0 0 0 0 49 -29 0 -38 0 35 0 0 -31 0 24 0 -36 21 -3 0 33 0 0 41 1 -21 0 -30 -42 0 18 29 0 -22 0 41 0 0 0 0 49 0 -17 1 0 0 0 45 19 0 -26 13 0 0 0 0 -38 -7 0 17 0 
0 5 0 -10 0 0 -48 -35 35 0 -40 0 0 0 -21 0 0 32 0 -7 0 -27 0 43 0 0 0 37 0 0 20 0 0 35 -30 -40 0 0 1 0 0 -25 1 42 0 -19 0 0 0 0 0 0 26 0 0 0 0 0 24 0 -10 0 0 -32 11 -14 -29 -32 0 0 -19 0 -21 0 41 31 0 -29 0 0 -6 0 0 48 27 0 47 14 0 21 0 42 0 -26 -21 18 16 0 -3 0 
40 0 -35 25 0 31 0 18 42 20 16 -44 19 -7 0 4 0 0 32 -9 -38 -37 -29 32 15 27 -47 0 0 -14 23 -4 0 0 -40 43 0 35 0 -17 0 6 23 41 0 -33 0 0 23 0 0 0 0 -26 0 0 -34 15 -42 3 -25 0 49 -24 -21 0 -32 -36 -46 6 0 0 32 0 7 -16 -32 0 0 -17 0 16 25 0 -42 0 47 18 3 0 0 0 -30 6 12 0 0 0 0 3 
0 0 -39 37 31 -15 -6 0 -7 0 -4 5 0 30 0 -33 0 0 0 -35 0 0 0 0 0 37 0 0 47 0 0 27 0 0 -49 0 30 -26 0 -41 0 -28 -39 -35 0 35 0 0 47 -38 -44 0 -49 0 -30 -35 0 0 34 0 -27 -36 32 0 0 0 0 0 0 48 -40 0 -43 0 0 0 -48 -16 0 1 0 25 0 -5 0 -41 3 -2 -9 -21 36 15 0 0 -10 7 -4 19 0 0 
-31 0 17 22 7 19 0 0 0 11 0 0 7 17 0 0 -17 0 14 41 0 0 0 0 -34 0 -18 -25 0 -28 0 -36 0 -39 32 -20 0 0 0 0 0 0 10 18 43 0 0 0 -8 0 0 0 -22 0 33 0 -42 -46 0 6 0 27 0 29 0 4 -47 7 37 -8 -44 0 23 0 -15 0 9 -4 0 0 48 0 -5 0 0 41 40 6 11 -19 0 0 -10 0 -43 -14 1 0 0 12 
0 0 -27 0 33 -22 0 0 0 0 18 39 0 0 -30 0 0 0 0 0 -25 -40 25 0 0 0 -31 0 0 10 0 -19 0 0 0 0 -10 8 10 0 46 2 10 0 0 0 22 -30 0 14 0 0 -42 21 0 0 0 0 -23 0 0 8 0 0 49 0 -11 -4 -18 0 29 0 2 14 -44 0 -2 0 8 0 27 -42 0 0 49 0 0 0 -49 0 -8 24 -8 0 0 0 0 -16 0 3 
0 -39 -15 -47 0 0 28 0 -35 -14 -43 49 -15 -42 0 0 -15 18 40 -38 0 -27 14 0 -14 0 -41 34 -30 0 0 0 0 2 0 29 -25 0 3 22 -2 -11 0 0 47 9 0 46 -15 41 0 17 0 -37 -44 7 -9 -22 0 -6 0 0 -38 0 -30 -38 23 -27 0 15 -7 0 -31 -36 0 0 31 -40 0 0 0 0 -41 41 0 0 25 0 -11 -32 42 0 0 0 0 0 14 0 0 0 
0 -41 0 19 0 -9 0 3 0 0 -1 -42 0 0 -13 0 8 0 3 0 0 1 14 21 10 0 -40 0 -15 0 12 14 0 -11 0 15 -29 -22 0 35 0 0 36 0 0 0 -36 0 0 0 43 0 -34 19 32 37 26 -17 -17 -1 -10 -16 -15 -32 0 0 0 -22 25 0 -24 -8 1 0 -34 0 0 0 -20 45 47 47 3 40 0 25 0 -11 22 -49 -5 0 0 -3 -41 0 0 -31 0 0 
4 0 0 -49 0 0 0 20 0 2 0 0 -27 0 0 4 0 0 4 -13 -13 3 -48 -39 0 0 0 0 -5 0 40 0 13 0 46 0 -42 12 0 20 0 -24 0 26 0 0 0 0 6 13 0 46 0 17 28 0 0 5 34 0 37 0 0 0 9 0 0 0 38 0 -33 1 0 21 25 0 33 0 39 19 14 18 -2 6 0 0 -11 0 0 17 0 -49 0 13 0 0 -34 38 -31 19 
-23 -38 0 0 -12 21 -10 0 0 -32 -41 8 -30 44 0 0 -41 -4 0 0 -44 0 -4 0 0 13 0 0 0 28 0 -45 22 0 0 -29 0 13 -28 1 37 32 0 0 14 23 47 0 0 0 -12 0 0 22 -24 0 0 -8 0 0 0 0 0 33 0 -27 0 -46 -26 -6 0 -1 -21 -19 0 -6 0 0 0 0 0 3 -9 11 -49 -11 22 0 -18 0 -33 0 18 0 47 41 0 0 0 0 
0 20 11 -48 -47 0 0 -33 0 27 -47 0 31 0 -28 38 -31 47 0 -15 -46 9 33 0 32 -46 0 -29 17 -26 -49 0 0 -43 -35 46 -17 0 0 0 37 0 34 7 -45 -43 -30 -11 35 0 27 0 -37 0 41 30 0 25 0 46 -40 0 0 0 0 0 0 0 0 0 32 0 13 0 0 0 0 25 2 -26 21 0 -21 -19 0 -32 -49 17 0 0 -41 48 -3 0 46 0 0 23 -38 -49 
-10 0 0 43 41 -22 -47 0 -25 -40 0 14 20 -17 0 0 -40 8 37 49 0 0 0 0 10 -28 -27 0 0 -36 23 -30 39 0 -14 31 0 28 12 4 -44 -38 -16 -25 43 -42 0 21 0 0 16 27 33 -38 -28 0 0 0 0 47 -19 -43 -34 0 -45 -2 -45 0 0 0 30 0 0 0 -33 28 0 -28 0 13 0 0 36 0 -8 42 -5 0 -33 -41 0 40 -41 35 0 0 31 -5 0 0 
0 0 29 26 24 0 0 0 0 -10 0 0 0 -34 -29 0 0 0 0 -6 0 0 -34 0 0 5 37 0 0 44 0 -42 -32 0 0 25 0 25 -36 -12 0 0 0 0 0 0 0 0 -35 30 0 0 0 0 0 0 -14 0 0 15 0 0 0 0 -11 0 0 0 0 0 -46 17 -27 0 -5 -23 8 -1 0 0 42 0 15 0 24 0 0 -49 0 48 40 26 -20 0 0 0 -20 0 5 48 
43 0 0 31 -35 -16 0 0 0 0 0 0 29 -43 0 0 0 0 0 1 21 -27 -23 10 -12 0 0 -36 -31 0 0 34 0 0 0 48 0 -37 0 0 0 0 0 0 0 0 31 47 31 1 0 0 0 -29 -46 -40 0 10 19 -48 -6 0 35 0 0 -48 -22 0 0 0 -4 0 0 -14 0 20 0 0 43 0 0 -30 0 -10 -8 0 0 0 18 -3 -41 -20 0 -24 0 10 0 -8 0 -3 
0 0 0 -49 -30 0 -49 0 30 0 -42 0 24 0 21 -8 -41 1 -39 47 -30 -20 0 0 -31 0 15 0 40 -44 0 0 -14 0 -27 0 4 0 0 0 0 -41 0 0 -1 41 -32 0 0 0 0 -22 -39 -24 31 0 44 10 -43 -17 -8 0 17 -39 0 0 39 39 0 0 0 0 -48 0 40 -23 0 -46 22 0 -26 6 0 0 0 0 -3 13 0 0 35 0 -24 -8 -49 -23 -30 0 -32 0 
-4 -37 0 0 -48 33 -34 -28 -20 -2 0 10 0 0 0 0 0 0 0 38 -26 8 0 20 0 -49 0 0 17 0 43 0 0 -48 -38 39 13 0 47 0 -28 9 10 0 0 0 9 -41 -23 0 0 0 0 0 0 11 0 26 -39 37 -39 7 8 -12 0 0 0 0 25 12 34 0 0 0 0 -20 -30 -18 0 0 -21 12 -10 -43 0 0 -41 0 47 46 0 0 0 -49 -2 0 -39 0 0 -39 
-4 -17 0 17 0 49 0 0 0 -49 0 0 0 0 -29 0 36 0 42 8 -30 35 -39 0 0 0 -31 38 -5 0 0 22 -42 -12 0 0 -25 -26 12 40 -30 0 0 35 0 0 17 31 0 0 0 0 0 25 0 0 0 0 0 -7 0 4 -24 17 0 37 -37 45 -24 -40 11 47 -36 36 14 0 0 0 0 -38 18 0 7 -14 0 0 0 0 41 0 0 0 10 -23 0 35 16 32 -11 47 
-44 0 0 -18 0 18 0 27 42 -13 -14 0 0 0 -8 0 0 0 0 0 -25 0 0 -31 0 0 0 0 0 0 -18 -41 12 32 0 0 0 0 -23 1 39 0 0 28 0 0 42 0 45 0 0 0 39 -42 19 3 0 0 9 0 0 7 0 0 31 -18 19 32 -22 29 0 -8 0 0 -36 -27 -26 22 0 -7 16 0 -4 1 0 14 0 -34 0 0 31 -20 0 -30 -39 16 0 0 -3 34 
6 -23 0 0 -30 0 -15 13 22 -16 0 0 22 -42 0 -28 0 43 0 -27 0 29 -18 26 0 4 0 30 0 0 -8 0 12 0 0 0 6 -33 0 43 0 -32 -44 0 -32 -41 16 7 0 -4 -5 0 0 -27 0 -21 0 0 -30 0 0 -45 0 0 0 2 28 40 0 0 9 9 0 -15 0 13 0 0 0 0 0 0 19 0 -16 0 -31 38 0 23 -5 0 -8 0 0 32 0 0 0 39 
-42 0 0 0 0 39 26 0 -8 0 5 49 47 37 0 0 0 0 0 0 -35 -9 -32 0 45 -49 0 -28 0 0 49 -49 0 -48 -26 -15 5 14 -17 15 0 0 0 0 36 0 0 16 0 0 0 -25 -46 3 0 8 -13 0 10 7 -14 23 -28 0 10 0 37 -47 0 0 -34 0 -48 0 25 0 0 -26 -37 17 -3 0 0 0 0 0 0 -31 0 -38 0 5 0 -32 0 -11 -3 0 0 12 
39 0 48 0 0 0 0 0 8 9 0 0 0 -6 3 0 23 48 -19 0 0 0 0 3 -20 -5 0 19 0 0 0 22 0 -26 -30 0 -2 0 11 0 0 0 0 0 4 0 0 0 46 0 -31 22 -36 23 0 0 0 0 0 19 0 0 4 0 -26 0 -35 22 45 38 -43 4 0 0 0 0 21 0 28 0 0 3 0 12 3 0 0 19 0 -49 0 48 -3 0 -39 47 34 39 12 0 
