100
-18 -40 1 24 -2 0 -1 -42 23 0 -18 0 0 0 6 -28 44 37 0 -2 0 -39 -48 35 35 0 -17 -32 0 -45 -42 -16 6 0 26 -13 6 23 0 5 0 29 43 -10 27 0 -30 -21 0 -2 -26 34 44 0 0 -15 0 0 -48 0 0 -15 -38 -38 0 -12 48 42 40 -38 -1 -39 -6 47 -35 -24 0 13 -6 0 20 13 7 -6 -40 5 -9 24 0 0 1 0 -44 33 25 -8 49 0 48 -7 
-32 20 -16 0 0 0 45 22 30 0 0 42 -13 27 4 33 0 25 -13 -2 0 25 7 29 -13 12 19 -39 -14 0 30 0 -21 12 38 -44 45 19 -39 0 -22 0 -25 -9 35 0 0 29 23 21 0 25 -8 30 -13 0 24 9 -21 49 0 0 0 0 0 -3 0 0 -17 -4 0 22 11 44 -29 13 0 -27 32 -16 3 27 -1 -14 -8 38 1 -4 18 -5 14 -26 0 -35 -49 8 0 35 0 11 
20 0 -21 0 43 0 0 21 -30 0 -15 0 -30 -17 0 -31 34 -45 39 0 -46 29 0 36 0 0 33 4 -35 -22 -17 -8 -46 8 0 0 10 -24 11 23 13 5 -26 0 10 0 8 0 16 0 -22 -35 11 24 31 0 0 -30 -30 -38 -18 -39 0 -3 0 0 16 47 -12 37 -22 19 -3 0 2 48 -6 0 20 0 -16 0 0 -1 -8 0 0 -16 39 0 -21 2 0 -21 -7 -30 0 0 0 0 
-16 -21 -8 -22 0 5 25 37 0 39 -20 35 0 -14 8 -17 0 12 -20 0 -23 0 -34 0 40 -30 0 43 45 -20 -34 5 -6 38 19 0 37 0 20 0 43 0 0 0 24 18 -28 -32 23 -19 9 0 -5 0 0 14 4 0 0 -41 23 -48 20 0 -35 42 -44 -13 -7 20 -11 37 0 -24 -45 32 0 -7 -30 20 16 7 46 -24 0 45 29 -6 0 0 42 -23 -32 41 -23 0 -26 -38 -39 38 
0 0 -22 25 -19 43 0 -42 47 19 0 -1 31 0 48 31 0 11 4 -34 -4 0 1 -12 8 -8 0 -3 -15 -21 -5 12 -14 0 0 -15 -9 -44 -34 24 -21 0 16 -12 -1 0 0 -48 0 0 -37 0 0 10 36 0 0 29 0 0 44 0 37 -6 -5 42 29 0 0 -26 -35 42 0 0 44 0 0 -35 8 13 -41 32 -8 -44 -38 -31 0 35 23 33 0 9 29 0 -22 0 -26 0 -19 22 
0 43 0 -19 0 -18 46 19 0 -47 4 0 -11 39 -6 0 33 -40 0 -42 -12 -43 3 18 -8 -48 -9 0 31 26 -20 32 0 -43 7 0 -46 -49 0 18 0 41 19 0 4 39 34 0 5 -3 4 12 0 -33 30 40 -4 37 -7 -14 0 -48 -4 0 -3 -49 0 26 25 13 36 1 15 -17 -16 19 -20 34 0 47 10 0 -29 0 0 -18 0 -3 -39 0 -13 -6 -33 48 -42 21 3 9 0 -47 
0 0 5 43 -18 0 -18 12 0 -22 0 -14 0 0 -6 0 33 -45 -10 14 21 -24 47 -42 16 0 0 -31 0 -5 36 -9 1 6 0 -43 35 -3 -27 0 -34 -6 -40 38 10 6 -49 36 -39 16 9 0 17 7 48 8 0 0 0 15 3 -42 0 19 -29 46 4 2 0 13 7 -41 20 0 0 2 0 -13 -12 -16 20 -34 0 48 -39 -11 -26 -12 28 40 -8 -30 14 -30 -39 -48 49 0 0 2 
45 0 25 0 46 -18 30 10 10 38 4 0 30 -46 18 0 10 0 32 -10 -48 16 0 16 21 0 31 19 15 47 -9 0 -15 -6 -3 0 4 32 -31 0 20 -6 -42 -42 47 17 -38 -42 -27 -10 -39 0 0 17 0 -8 -32 -14 -49 -2 0 29 -39 30 0 -45 3 -3 -3 20 0 13 43 0 -47 -33 13 0 16 19 0 -41 0 -36 0 0 0 -44 0 47 -31 -46 10 0 32 -41 -4 -20 45 0 
22 21 37 -42 19 12 10 -35 0 28 47 0 -34 -10 5 0 -34 0 38 0 0 47 -40 0 46 38 0 0 36 41 -36 3 -46 8 -17 -6 -42 -29 -1 0 -1 -39 -42 38 -48 17 -23 17 0 0 0 -49 37 38 -15 0 40 -41 -8 0 21 0 -33 -16 41 17 -38 -5 15 -19 -4 -26 -31 -42 20 -16 -20 -27 -25 16 0 4 -30 0 24 27 -25 0 0 17 45 -22 39 -5 -8 0 0 -23 -2 0 
30 -30 0 47 0 0 10 0 -45 0 41 38 -11 0 7 0 0 -45 20 -22 1 20 -36 14 -29 -33 31 -4 16 -23 0 -14 -35 -23 -37 17 -2 -33 0 -34 0 29 -2 7 0 24 -33 -45 -8 35 -38 -34 -14 -16 -23 29 0 -36 0 0 -6 10 29 -32 -12 29 0 11 43 40 -34 40 -2 -31 -16 28 9 -9 -19 3 -10 13 30 17 0 0 -39 -23 46 -31 9 -29 36 -35 -36 21 -22 3 -43 42 
0 0 39 19 -47 -22 38 28 0 0 27 8 44 -31 18 39 -14 -17 -11 -3 -18 -4 26 49 -1 -1 25 14 -35 36 35 27 1 13 49 4 5 0 0 0 18 42 35 -31 0 1 -1 34 -42 -37 40 0 33 31 44 0 23 -49 -25 -6 -46 49 24 -9 -41 -35 0 -8 0 -44 15 -26 -32 -4 0 -18 39 -24 32 -41 -27 20 12 0 -31 31 0 -39 0 0 0 -47 0 0 -20 -32 15 0 3 0 
0 -15 -20 0 4 0 4 47 41 27 7 -9 0 0 12 -19 25 48 14 0 34 40 -12 42 2 14 33 10 10 25 -33 0 -32 46 38 -40 -6 -42 -4 -15 40 0 0 -45 -8 -38 30 36 0 0 0 -10 0 27 17 48 -46 0 22 32 3 4 0 20 -19 36 0 0 24 0 43 0 46 26 0 19 -27 0 0 -18 4 0 -22 -35 -8 -4 -30 -30 -7 0 48 0 15 0 30 0 -15 0 17 0 
42 0 35 -1 0 -14 0 0 38 8 -9 0 31 36 0 48 -25 9 0 0 0 41 0 6 25 25 0 42 0 37 6 42 37 15 -17 0 0 -29 -6 0 23 1 -16 -6 19 21 19 0 0 2 -39 0 -28 47 -14 -11 0 0 -6 -28 20 33 0 44 0 0 26 -22 -34 0 17 25 -3 0 26 -31 -25 26 11 0 20 -39 -14 20 -48 0 0 18 -15 -23 41 -30 -5 -12 -2 -19 -10 34 35 -12 
-13 -30 0 31 -11 0 30 -34 -11 44 0 31 3 -44 -7 10 30 21 -9 0 -36 24 0 0 19 -14 -18 0 5 -37 -9 -20 27 0 -27 0 38 0 0 45 40 45 -35 -44 0 0 -16 0 15 21 49 43 5 -1 -5 0 0 -31 -34 -41 26 -26 38 0 -24 43 -14 8 39 0 17 -21 -26 16 19 0 -8 0 47 -20 18 -7 0 0 38 0 0 19 -34 -44 0 0 -20 38 -47 29 36 38 0 0 
27 -17 -14 0 39 0 -46 -10 0 -31 0 36 -44 0 -18 36 36 -1 0 -10 -7 0 0 -49 -39 -12 39 0 0 0 -2 -22 34 -43 32 -7 -23 0 0 -14 0 7 0 -17 -12 0 -21 4 -13 38 0 18 0 34 43 2 33 25 0 4 0 31 0 -32 2 36 -38 8 -20 0 28 46 -36 0 32 -6 -42 11 28 -46 -49 29 0 -46 0 0 0 -43 2 44 7 0 0 0 -34 0 -11 29 -27 39 
4 0 8 48 -6 -6 18 5 7 18 12 0 -7 -18 0 10 0 48 28 0 0 10 0 -15 10 7 0 0 34 -21 -9 -44 -38 20 36 -37 0 0 -4 0 0 3 -24 -35 29 19 39 25 -14 18 28 -46 -4 0 0 28 -46 -6 14 43 0 -38 0 25 22 -26 41 0 0 30 -36 0 -39 3 44 8 0 47 0 -10 17 47 25 37 -13 13 13 0 0 -41 17 46 -10 0 7 47 0 35 1 -14 
33 -31 -17 31 0 0 0 0 0 39 -19 48 10 36 10 4 -41 0 -19 -28 0 -5 43 0 0 0 31 0 -31 11 -30 -21 8 0 -30 36 -42 0 0 10 0 0 0 -38 39 -40 -23 3 41 -35 11 -30 0 0 0 -44 40 -7 32 16 10 12 44 35 44 39 -38 -29 0 -11 0 0 0 0 2 0 -32 44 -8 -5 -20 48 -28 29 -11 -13 -23 49 24 0 -21 42 -42 0 0 0 1 -15 0 0 
0 34 0 0 33 33 10 -34 0 -14 25 -25 30 36 0 -41 44 -12 -16 3 -13 -36 -1 -37 0 0 12 -42 48 0 31 0 -14 29 0 0 -29 23 -20 32 -24 0 11 0 23 -39 -18 0 2 -17 0 0 34 16 43 0 0 0 0 28 -17 -38 26 -33 0 -34 -2 46 -2 -3 0 1 0 -25 -43 28 33 21 -27 0 0 -43 48 -41 44 -30 10 9 0 -23 -18 -9 2 1 0 0 9 -36 0 48 
25 -45 12 11 -40 -45 0 0 -45 -17 48 9 21 -1 48 0 -12 0 25 31 -26 -5 -21 9 25 46 18 19 -31 -29 -38 39 12 21 -29 49 7 -32 0 0 20 -26 8 -47 7 0 0 42 0 16 -30 -14 -30 28 0 0 35 -10 8 0 0 -11 -29 11 26 -8 0 48 4 0 0 -27 -24 15 -48 34 0 41 -2 40 45 0 -13 0 -10 0 9 -9 0 0 0 -4 -32 -40 0 19 -10 31 0 -14 
-13 39 -20 4 0 -10 32 38 20 -11 14 0 -9 0 28 -19 -16 25 -31 2 37 -17 -49 -23 43 -5 -36 -14 -5 0 -12 1 -18 19 -42 -37 0 -5 -21 -49 10 24 0 -9 0 45 -6 -44 -11 13 0 -20 0 -17 0 -32 -41 42 -5 20 47 32 -37 -44 0 -15 49 0 -44 -43 1 0 15 0 -10 2 0 0 -6 0 10 -7 2 3 0 26 -18 28 32 -1 0 -23 -10 0 -39 -19 0 -6 -27 0 
-2 0 0 -34 -42 14 -10 0 -22 -3 0 0 0 -10 0 -28 3 31 2 -43 0 0 19 13 -13 -16 7 -27 -42 -17 0 0 11 36 15 0 0 35 -3 -11 38 -32 49 45 -14 29 0 31 18 -22 0 -7 0 37 7 -46 45 33 36 8 31 35 0 0 -30 35 43 47 0 8 -7 -37 37 -12 -19 0 -37 0 -40 0 20 -9 39 -24 43 46 44 0 -9 14 29 0 -37 0 32 -1 7 -28 18 8 
0 -46 -23 -4 -12 21 -48 0 1 -18 34 0 -36 -7 0 0 -13 -26 37 0 -37 -48 38 0 -15 49 0 11 -33 -3 -19 -7 -20 -2 -15 -32 -31 33 45 -34 -44 -11 18 -25 -23 0 0 13 42 -33 9 -38 -39 0 0 5 -32 0 -9 -41 5 5 0 -21 12 -1 47 -24 -35 -46 37 -45 -2 0 -20 0 40 0 0 0 -31 -36 0 0 -42 -29 26 -28 34 0 24 -9 -42 -3 -47 41 21 49 30 0 
25 29 0 0 -43 -24 16 47 20 -4 40 41 24 0 10 -5 -36 -5 -17 0 -48 0 -39 -39 -8 -11 -1 0 0 0 23 0 8 44 0 30 -21 30 43 0 0 -44 -42 0 13 -17 36 38 0 14 -6 -11 -26 0 20 47 -35 -17 -19 0 0 0 10 -18 31 0 6 0 0 0 0 21 -14 0 0 43 0 -10 30 0 15 0 -24 35 6 0 0 -23 -24 -23 33 -16 30 0 41 43 0 -13 38 0 
7 0 -34 1 3 47 0 -40 -36 26 -12 0 0 0 0 43 -1 -21 -49 19 38 -39 -12 0 -34 -20 38 18 -22 0 44 15 -31 20 33 -20 40 -30 -48 -22 0 44 12 0 -23 0 0 49 -19 -11 41 0 -46 -48 0 17 0 0 6 24 0 -36 -44 0 0 -9 -10 -41 8 36 40 0 -30 0 0 0 0 0 -8 -5 -1 0 1 11 -49 0 0 32 38 43 8 -26 0 -5 -3 -42 33 0 24 43 
29 36 0 -12 18 -42 16 0 14 49 42 6 0 -49 -15 0 -37 9 -23 13 0 -39 0 0 -34 6 0 -36 27 -44 -41 0 0 0 -46 -6 26 -13 -19 39 0 -32 0 0 -32 35 20 33 -39 0 31 0 15 -20 -2 0 13 -3 -47 26 0 0 -26 7 9 3 12 0 13 15 2 -22 0 0 -49 -9 39 -41 -44 41 0 0 47 49 23 6 -14 -34 13 45 41 0 -46 -43 44 0 0 0 23 -40 
-13 0 40 8 -8 16 21 46 -29 -1 2 25 19 -39 10 0 0 25 43 -13 -15 -8 -34 -34 24 0 -31 31 -45 43 -38 0 0 -31 -3 0 -19 -43 32 -16 43 49 0 35 19 -23 -2 21 -16 0 -18 0 -1 0 -7 7 40 -16 0 0 0 36 5 46 45 -47 0 10 0 -4 -20 -49 0 6 30 -4 0 28 -27 25 9 48 17 0 3 32 -18 -49 0 -32 28 -33 10 0 -26 21 -32 7 0 0 
12 0 -30 -8 -48 0 0 38 -33 -1 14 25 -14 -12 7 0 0 46 -5 -16 49 -11 -20 6 0 -19 0 6 0 -33 45 43 5 22 -24 45 0 10 -32 -32 0 0 1 29 0 13 36 0 0 -10 17 28 0 -14 31 32 -14 38 38 32 -42 -11 41 -48 35 0 -22 0 40 9 0 33 15 -32 46 41 0 40 -27 -19 0 -21 -4 -21 0 0 -16 0 46 -48 0 0 -40 2 -25 -31 3 0 -29 -5 
19 33 0 0 -9 0 31 0 31 25 33 0 -18 39 0 31 12 18 -36 7 0 -1 38 0 -31 0 -31 0 38 -19 -21 0 -26 41 -44 -45 14 -10 49 -38 0 -22 31 -9 -3 0 -14 23 0 0 -3 0 38 0 0 -49 9 -14 -11 0 0 0 -49 2 -5 -43 0 -38 0 0 14 27 34 2 -40 0 0 -22 12 0 -18 0 28 -32 -14 0 -40 33 36 0 -27 -41 46 -2 -27 -29 17 -10 -45 31 
-39 4 43 -3 0 -31 19 0 -4 14 10 42 0 0 0 0 -42 19 -14 -27 11 0 18 -36 31 6 0 0 -22 15 12 16 -43 -24 0 13 1 0 -29 -23 -14 0 0 39 7 3 0 -28 -43 -44 36 -23 34 0 0 29 35 23 14 0 14 43 20 -31 -13 -30 0 -48 8 21 0 37 25 -10 0 0 0 29 12 8 0 10 -39 0 -36 23 22 0 1 28 20 -40 -21 -48 0 9 12 -46 0 17 
-14 -35 45 -15 31 0 15 36 16 -35 10 0 5 0 34 -31 48 -31 -5 -42 -33 0 -22 27 -45 0 38 -22 11 35 24 20 0 0 -47 29 36 0 -44 -21 23 -1 0 23 -42 -12 0 -33 -4 0 -5 0 0 -26 43 0 0 0 42 0 -26 -5 39 -45 -18 14 0 29 0 -12 6 0 40 41 -26 -45 -12 25 2 0 1 0 17 31 20 17 4 -37 39 -10 -22 25 36 0 0 7 26 30 0 -14 
0 -22 -20 -21 26 -5 47 41 -23 36 25 37 -37 0 -21 11 0 -29 0 -17 -3 0 0 -44 43 -33 -19 15 35 0 -45 -8 44 19 -36 -49 0 -22 -4 -4 40 -35 46 0 11 -18 27 -45 19 0 0 -1 -13 -24 5 43 24 3 14 -20 40 -11 -48 0 0 0 23 28 44 30 44 0 -7 0 -45 46 -9 0 48 0 -15 -49 44 -47 -46 43 -39 0 20 32 23 38 -39 -35 0 -24 -20 0 -15 0 
30 -17 -34 -5 -20 36 -9 -36 0 35 -33 6 -9 -2 -9 -30 31 -38 -12 0 -19 23 44 -41 -38 45 -21 12 24 -45 -12 -14 13 0 -10 2 -37 -22 0 0 0 -25 39 -3 17 32 -37 37 10 0 49 -2 0 0 32 -17 29 0 24 -11 -49 -11 -35 -36 -44 0 31 -3 -45 0 0 -36 3 0 0 -12 40 -20 -33 16 -22 17 -38 -22 4 1 -33 2 -18 0 22 0 0 14 0 -1 0 25 21 -30 
0 -8 5 12 32 -9 0 3 -14 27 0 42 -20 -22 -44 -21 0 39 1 0 -7 0 15 0 0 43 0 16 20 -8 -14 0 0 -19 -39 -1 2 18 0 39 -15 45 28 45 -16 5 0 0 31 -26 0 -39 -2 -30 31 0 -35 1 0 0 0 14 26 7 -48 0 0 -6 46 -31 -34 40 -6 -35 0 17 0 0 0 24 -38 15 -27 -43 40 -3 -6 10 17 -49 -26 -34 21 0 0 41 12 0 3 0 
-21 -46 -6 -14 0 1 -15 -46 -35 1 -32 37 27 34 -38 8 -14 12 -18 11 -20 8 -31 0 0 5 -26 -43 0 44 13 0 7 24 25 0 -22 42 0 19 0 47 5 11 0 0 32 35 -4 -26 -20 13 -45 12 17 -19 29 -14 -23 -38 41 -8 -25 0 -12 0 0 -44 -8 34 -19 0 10 4 -14 39 -28 40 -34 -45 -29 0 11 0 -38 -46 -9 19 -44 -3 -13 8 -49 -10 35 -13 -6 39 -2 0 
12 8 38 0 -43 6 -6 8 -23 13 46 15 0 -43 20 0 29 21 19 36 -2 44 20 0 -31 22 41 -24 0 19 0 -19 24 0 -14 6 7 -26 0 2 7 18 9 -10 16 0 41 22 -16 28 32 39 0 47 -34 -26 0 0 0 -13 35 0 0 0 -32 -17 -8 18 0 0 44 24 19 3 0 -36 -28 7 21 -39 15 11 35 -7 0 47 -36 0 0 22 -23 12 30 21 7 0 9 -21 0 31 
38 0 19 0 7 0 -3 -17 -37 49 38 -17 -27 32 36 -30 0 -29 -42 15 -15 0 33 -46 -3 -24 -44 0 -47 -36 -10 -39 25 -14 45 21 -17 -3 8 -22 24 -33 4 38 0 12 -35 0 0 -30 -12 -17 -29 2 27 0 -45 25 18 49 -29 41 -8 37 0 28 -35 0 35 -46 43 0 0 8 49 0 0 33 -39 0 11 -36 18 -33 22 0 49 0 -9 9 0 8 -48 -21 5 -17 8 7 -7 18 
-44 0 0 -15 0 -43 0 -6 17 4 -40 0 0 -7 -37 36 0 49 -37 0 -32 30 -20 -6 0 45 -45 13 29 -49 2 -1 0 6 21 -27 -29 -45 0 46 0 -47 28 15 -11 43 7 0 0 27 -24 -22 0 -24 -46 -28 -17 -15 -33 31 10 0 0 0 0 17 -43 42 -20 -40 5 -41 -22 0 35 30 49 45 37 9 0 -38 -42 42 9 44 26 26 21 -10 0 -20 -8 0 -31 -48 2 10 0 32 
45 10 37 -9 -46 35 4 -42 -2 5 -6 0 38 -23 0 -42 -29 7 0 0 -31 -21 40 26 -19 0 14 1 36 0 -37 2 -22 7 -17 -29 -46 0 -22 32 0 -15 15 17 0 -32 -24 -7 35 22 37 21 36 3 -20 -49 29 40 -2 -12 -46 0 -34 0 -7 9 -8 40 -46 11 12 -36 -49 35 -8 -35 -34 -34 0 0 -8 -46 0 -49 -37 -39 9 32 -35 0 0 0 0 -19 0 -14 0 45 -44 0 
19 -24 0 -44 -49 -3 32 -29 -33 0 -42 -29 0 0 0 0 23 -32 -5 35 33 30 -30 -13 -43 10 -10 0 0 -22 -22 18 42 -26 -3 -45 0 0 -5 0 0 0 0 -23 25 -41 45 12 30 35 -31 37 0 6 -32 0 0 36 27 0 -12 0 49 0 0 -32 0 0 0 38 44 -26 0 13 0 -41 29 -31 14 21 0 37 34 20 35 37 0 -10 20 -44 -19 -24 0 0 43 25 31 -11 0 0 
-39 11 20 -34 0 -27 -31 -1 0 0 -4 -6 0 0 -4 0 -20 0 -21 -3 45 43 -48 -19 32 -32 49 -29 -44 -4 0 0 0 0 8 0 -22 -5 48 20 -14 0 -29 0 -49 44 0 -46 5 0 18 18 38 5 -42 -6 30 6 -4 -12 14 -43 0 -44 0 0 -32 -21 0 -34 -43 49 -11 26 -21 32 -38 0 36 40 -24 -19 0 0 0 0 0 47 34 0 16 6 26 22 30 -37 -46 -15 12 49 
0 23 0 24 18 0 0 0 -34 0 -15 0 45 -14 0 10 32 0 -49 -11 -34 0 -22 39 -16 -32 -38 -23 -21 -4 0 39 19 2 -22 46 32 0 20 -33 0 0 3 0 -39 0 47 -17 -46 36 -23 -42 0 43 -29 -33 0 6 -35 0 0 -7 -45 18 10 46 33 22 -2 -37 11 30 -34 0 35 48 44 0 48 12 -23 25 0 -20 0 -21 48 32 -45 0 34 0 26 -49 0 40 11 -22 -36 12 
-22 13 43 -21 0 -34 20 -1 0 18 40 23 40 0 0 0 -24 20 10 38 -44 0 0 0 43 0 0 -14 23 40 0 -15 0 7 24 0 0 0 -14 0 7 23 37 0 1 -11 0 44 -30 0 -34 -46 -20 0 -14 0 -25 0 0 0 0 45 0 42 34 33 0 28 0 -38 -49 0 4 47 0 -16 -11 0 0 37 0 6 14 9 -31 -37 36 -31 39 -48 36 42 0 0 17 -11 21 -16 -18 0 
0 5 0 0 41 -6 -6 -39 29 42 0 1 45 7 3 0 0 -26 24 -32 -11 -44 44 -32 49 0 -22 0 -1 -35 -25 45 47 18 -33 -47 -15 0 0 0 23 35 0 -14 0 5 19 -49 36 8 17 0 27 -17 -40 0 -23 42 -31 0 24 0 10 -27 -41 -33 42 18 -47 -24 -12 -38 38 0 -2 -43 0 34 0 -32 -31 -24 49 -16 0 -3 -40 -49 37 -45 0 -40 30 -45 0 -37 12 0 0 0 
-25 -26 0 16 19 -40 -42 -42 -2 35 0 -16 -35 0 -24 0 11 8 0 49 18 -42 12 0 0 1 31 0 0 46 39 28 5 9 4 28 15 0 -29 3 37 0 -15 -12 37 36 -26 0 16 -44 0 -32 -32 -6 44 21 0 -33 0 41 0 40 0 13 47 0 13 0 -2 -40 18 -33 27 27 0 17 -35 0 27 -29 22 0 0 6 0 0 14 -46 13 0 -3 0 0 0 11 -35 27 5 -7 39 
-9 0 0 -12 0 38 -42 38 7 -31 -45 -6 -44 -17 -35 -38 0 -47 -9 45 -25 0 0 0 35 29 -9 39 23 0 -3 45 11 -10 38 15 17 -23 0 0 0 -14 -12 -3 -30 -23 47 15 0 38 16 -21 30 21 0 0 0 6 -32 0 -4 0 0 27 31 20 0 15 0 25 0 -3 0 -3 -36 -35 -12 45 0 49 14 -3 16 37 -41 29 -14 0 0 0 24 -42 42 0 -26 44 0 -38 14 0 
35 10 24 -1 4 10 47 -48 0 0 -8 19 0 -12 29 39 23 7 0 -14 -23 13 -23 -32 19 0 -3 7 -42 11 17 -16 0 16 0 -11 0 25 -49 -39 1 0 37 -30 26 -16 -31 32 44 -43 0 -39 -49 2 39 15 -33 14 48 -42 38 1 -25 39 17 0 0 -31 -44 0 6 -39 0 -24 -26 -3 -42 -11 0 0 -44 -35 -27 14 -40 -18 0 -34 -33 0 28 -10 0 -19 -26 22 -4 0 -17 -39 
0 0 18 0 39 6 17 17 24 1 -38 21 0 0 19 -40 -39 0 45 29 0 -17 0 35 -23 13 0 3 -12 -18 32 5 0 0 12 43 -32 -41 44 0 -11 5 36 -23 -16 6 -35 -14 34 -4 30 5 0 -7 27 -18 -24 -9 23 0 9 0 4 43 -30 13 -14 -15 3 0 -2 -39 9 -15 0 25 -39 0 12 -4 0 40 0 -41 32 0 -36 10 -35 26 46 -38 18 7 -48 -32 25 35 4 14 
0 8 -28 0 34 -49 -38 -23 -33 -1 30 19 -16 -21 39 -23 -18 0 -6 0 0 36 0 20 -2 36 -14 0 0 27 -37 0 32 41 -35 7 -24 45 0 47 0 19 -26 47 -31 -35 -33 22 0 28 35 -35 -17 -44 29 0 0 0 0 0 0 -39 37 39 -39 39 -2 -13 -33 -49 -37 -48 -16 -15 48 -19 8 -42 0 -11 11 0 0 -16 -33 0 42 -1 -15 -43 7 0 31 35 0 0 38 0 13 0 
29 0 -32 -48 0 36 -42 17 -45 34 36 0 0 4 25 3 0 42 -44 31 13 38 49 33 21 0 23 -28 -33 -45 37 0 35 22 0 0 -7 12 -46 -17 44 -49 0 15 32 -14 22 17 -2 32 11 -48 -29 -16 -10 0 10 25 0 30 7 39 33 46 0 -43 -38 21 -31 0 40 -25 41 0 -10 48 17 -5 -2 -2 18 8 -36 -27 9 -11 34 1 7 0 0 23 18 -7 -40 0 0 1 0 -20 
23 16 23 0 5 -39 -27 0 -8 -42 0 0 15 -13 -14 41 2 0 -11 18 42 0 -19 -39 -16 0 0 -43 -4 19 10 31 -4 -16 0 0 35 30 5 -46 -30 36 16 0 44 34 0 -2 -2 41 0 3 28 -46 5 -47 -41 -46 18 -20 -13 0 30 29 0 0 0 38 -16 -47 -41 -36 29 32 31 -23 0 -7 -48 14 -13 -6 42 23 6 -39 12 33 0 -46 0 0 29 42 36 0 -37 -28 -14 -40 
21 0 -19 0 -3 16 -10 0 35 -37 0 2 21 38 18 -35 -17 16 13 -22 -33 14 -11 0 0 -10 0 -44 0 0 0 -26 -26 28 -30 27 22 35 0 36 0 8 -44 38 -43 -4 28 32 41 3 2 -22 0 11 0 13 -31 -5 -18 45 0 -39 -33 -7 27 0 -12 45 -47 48 0 8 -40 0 41 0 -47 -24 21 34 25 0 4 8 0 0 -28 -20 43 36 -12 -31 47 7 0 0 0 23 0 -6 
0 -22 9 -37 4 9 -39 0 -38 40 0 -39 49 0 28 11 0 -30 0 0 9 -6 41 31 -18 17 -3 36 -5 0 49 0 -20 32 -12 -24 37 -31 18 -23 -34 17 0 16 0 30 35 11 0 2 33 -45 -6 -30 0 28 0 0 39 40 15 -20 0 -33 30 -38 -20 31 0 1 -22 -16 -10 0 47 -18 -25 0 -29 -3 9 -1 0 0 26 -36 46 -41 -16 -32 0 46 -30 16 26 2 -41 37 -31 47 
25 -35 0 0 12 0 0 -49 -34 0 -10 0 43 18 -46 -30 0 -14 -20 -7 -38 -11 0 0 0 28 0 -23 0 -1 -2 -39 13 39 -17 -22 21 37 18 -42 -46 0 -32 -21 -39 5 -35 -48 3 -22 -45 0 -45 -43 24 0 25 49 0 -29 -9 4 -48 0 -35 0 -45 0 0 0 40 0 0 -14 18 -26 0 -2 0 -34 46 -41 7 -49 9 -48 0 18 0 32 -34 -32 -16 0 44 -47 -13 -44 0 0 
-8 11 -5 0 0 17 0 37 -14 33 0 -28 5 0 -4 0 34 -30 0 0 -39 -26 -46 15 -1 0 38 34 0 -13 0 -2 -45 0 -29 0 36 0 38 0 -20 27 -32 30 -49 0 -17 -29 28 0 -6 -45 29 39 -18 0 -23 39 -3 -17 0 3 0 15 -35 0 0 24 0 -23 12 -7 0 30 5 0 -1 -9 48 0 36 1 0 35 -45 0 -26 32 33 2 0 -20 -46 -19 22 47 0 -30 35 45 
30 24 0 10 -33 7 17 38 -16 31 27 47 -1 34 0 0 16 28 -17 37 0 0 -48 -20 0 -14 0 0 -26 -24 0 -30 12 47 2 -24 3 6 5 43 0 -17 -6 21 2 -7 -44 -16 -46 11 -30 -43 39 0 -8 -24 -1 -16 30 -39 15 47 34 30 -37 0 1 -4 -20 -3 0 44 0 0 -8 0 0 35 -30 22 18 0 -3 0 -34 0 30 -29 0 0 42 -17 32 0 -30 -39 -20 4 -34 23 
-13 31 0 36 30 48 0 -15 -23 44 17 -14 -5 43 0 0 43 0 0 7 0 20 0 -2 -7 31 0 0 43 5 32 31 17 -34 27 -46 -20 -32 -42 -29 -14 -40 44 0 39 27 29 -10 5 0 0 24 -18 -8 0 15 0 21 35 23 -32 32 48 1 35 -49 0 23 0 17 35 -17 -6 -4 0 44 -6 -45 0 0 15 -11 -45 5 48 24 48 27 0 0 -41 -2 0 -7 -24 0 -14 -14 38 36 
0 0 14 0 40 8 -8 0 29 0 48 -11 0 2 28 -44 0 0 -32 -46 5 47 17 0 7 32 -49 29 0 43 -17 0 -19 -26 0 -28 -49 0 -6 -33 0 0 21 0 15 -18 0 0 -47 13 28 0 0 -24 15 -15 -5 -10 0 26 0 49 0 -1 8 42 21 38 -49 6 -13 0 -39 0 0 0 24 33 27 48 -36 38 44 0 22 0 -14 -3 -6 35 32 34 0 0 1 -47 0 -16 -31 -18 
24 0 4 0 -4 0 -32 40 0 23 -46 0 0 33 -46 40 0 35 -41 45 -32 -35 0 13 40 -14 9 35 0 24 29 -35 29 0 -45 -17 29 0 30 0 -25 -23 0 0 -33 -24 0 10 -41 -31 0 25 -23 -1 0 -5 -32 -28 0 0 -36 0 42 -45 42 2 39 14 -37 12 -17 0 -31 0 0 -24 4 0 0 0 47 -49 48 0 44 0 0 -3 28 0 0 -49 -38 0 0 -8 18 -41 0 0 
9 -30 0 29 37 0 -14 -41 -36 -49 0 0 -31 25 -6 -7 0 -10 42 33 0 -17 0 -3 -16 38 -14 23 0 3 0 1 -14 0 25 -15 40 36 6 6 0 42 -33 6 14 -9 0 25 -46 -5 0 49 39 -16 21 -10 -28 -38 35 0 -18 21 36 19 8 21 -44 0 1 35 -25 46 0 -17 -48 16 0 0 6 0 0 43 -12 23 19 0 42 -17 0 0 12 -5 -46 -26 -7 0 0 -4 0 8 
-21 -30 0 0 -7 0 -49 -8 0 -25 22 -6 -34 0 14 32 0 8 -5 36 -9 -19 6 -47 0 38 -11 14 42 14 24 0 -23 0 18 -33 -2 27 -4 -35 0 -31 0 -32 48 23 0 0 18 -18 39 0 -3 30 35 0 0 35 15 0 -4 -16 -24 20 0 -38 30 48 33 48 -9 14 32 -8 -29 -28 -34 17 -17 -30 -7 -14 34 0 -38 19 47 -34 -1 0 5 0 0 0 0 -49 1 36 -29 38 
49 -38 -41 0 -14 15 -2 0 0 -6 32 -28 -41 4 43 16 28 0 20 8 -41 0 24 26 0 32 0 0 0 -20 -11 0 -38 -13 49 31 -12 0 -12 0 0 0 41 0 -42 0 0 30 -20 45 40 -29 -17 -39 23 26 0 0 0 0 -6 39 22 0 -48 10 -34 -46 -49 0 9 47 0 -17 0 30 47 -3 11 -20 17 -45 11 -28 0 -35 -17 0 -45 48 -36 -19 0 39 0 -32 10 0 35 0 
0 -18 23 44 0 3 0 21 -6 -46 3 20 26 0 0 10 -17 0 47 31 5 0 0 0 0 -42 0 14 -26 40 -49 0 41 35 -29 10 -46 -12 14 0 0 24 0 -4 38 9 0 7 -13 0 15 -9 0 15 -32 0 -36 -18 -4 -6 24 -21 19 -7 0 0 -5 -27 9 -20 -28 0 -3 24 16 0 0 24 0 32 0 -12 -26 -39 -40 45 -19 -38 -32 -9 0 -32 -44 22 -12 4 49 -20 0 17 
0 -39 -48 0 -48 -42 29 0 10 49 4 33 -26 31 -38 12 -38 -11 32 35 5 0 -36 0 36 -11 0 43 -5 -11 -11 14 -8 0 41 0 0 0 -43 -7 45 0 40 0 1 0 -39 39 0 -39 -20 4 3 47 32 49 0 21 -16 39 -21 0 11 0 -45 0 48 22 -34 -40 -39 -10 18 0 -10 29 -33 -33 -5 42 -32 -24 0 15 25 -38 19 -4 -37 0 -33 0 -4 0 -47 -31 -38 0 -15 -35 
0 0 20 37 -4 0 -39 -33 29 24 0 0 38 0 0 44 26 -29 -37 0 0 10 -44 -26 5 41 -49 20 39 -48 -35 26 -25 0 -8 0 -34 49 0 -45 0 10 0 0 -25 4 37 33 30 -33 0 -48 0 34 48 0 42 36 -24 22 19 11 -39 29 0 31 -24 0 9 -11 0 0 -48 -16 0 -30 25 0 0 47 -14 0 -18 -41 14 14 -30 0 -45 20 0 20 -48 45 4 -24 0 -32 0 -8 
0 -3 0 -6 0 19 30 -16 -32 -9 20 44 0 -32 25 35 -33 11 -44 0 -21 -18 0 7 46 -48 2 -31 -45 0 -36 7 0 0 37 0 0 0 -44 18 42 -27 13 27 39 43 39 46 29 -7 -33 0 15 30 1 -1 -45 19 20 0 -7 0 29 42 -18 19 18 32 0 21 0 1 0 4 -17 11 -11 15 -39 -14 0 3 9 -31 -35 -4 0 -46 0 42 21 -32 0 0 -10 -19 0 28 0 -31 
0 0 -35 -5 -3 -29 0 41 -12 -41 -19 0 -24 2 22 44 0 26 0 -30 12 31 0 9 45 35 -5 -13 -18 0 -44 -48 -12 -32 0 0 -7 0 0 10 34 -41 47 31 17 -30 -39 0 0 27 30 -35 -35 -37 35 8 42 8 0 -48 0 -45 0 -18 0 -9 -37 33 -16 0 -40 1 0 40 -20 12 39 -12 11 -43 -28 21 24 0 23 -43 7 48 -10 -22 -17 48 -19 -45 -43 17 0 -44 -42 3 
-3 0 42 42 -49 46 -45 17 29 -35 36 0 43 36 -26 39 -34 -8 -15 35 -1 0 -9 3 -47 0 -43 -30 14 0 0 0 0 -17 28 17 9 -32 0 46 33 -33 0 20 0 13 39 -43 0 0 -38 0 0 0 -49 42 2 21 -38 10 0 0 31 19 -9 0 -15 17 0 -4 17 49 -5 10 28 19 0 0 32 -29 0 -14 0 23 -22 27 40 18 -39 35 -47 0 -22 0 2 -6 0 -39 48 12 
0 16 -44 29 0 4 3 -38 0 0 0 26 -14 -38 41 -38 -2 0 49 43 47 6 -10 12 0 -22 0 0 0 23 31 0 0 -8 -35 -43 -8 0 -32 33 0 42 13 0 0 -14 -2 -38 0 -12 -20 -45 0 1 0 21 39 -44 30 -34 -5 48 -24 18 -37 -15 0 -2 0 41 -13 0 0 10 -38 -33 22 20 -35 0 10 2 0 0 16 21 -30 45 -27 0 37 -22 39 0 -37 0 49 0 -22 2 
0 47 -13 0 26 2 -3 -5 11 -8 0 -22 8 8 0 -29 46 48 0 47 -24 0 -41 0 10 0 -38 -48 29 28 -3 -6 -44 18 0 42 40 0 -21 22 28 18 0 15 -31 -15 -13 21 38 45 31 0 24 -4 23 38 14 0 48 -46 -27 22 0 32 33 17 -2 -49 29 41 0 0 4 0 0 -41 24 -23 0 5 26 0 -8 0 0 42 36 0 44 -23 -29 24 0 0 -13 0 -1 25 17 0 
-17 -12 -7 0 25 0 -3 15 43 0 24 -34 39 -20 0 0 -2 4 -44 0 -35 0 8 13 0 40 0 8 0 44 -45 46 -8 0 35 -20 -46 0 0 -2 0 -47 -2 0 -44 3 -33 -31 -16 -47 0 0 0 -20 0 -49 -37 1 33 -49 9 -34 9 0 -16 0 0 29 -35 0 -23 0 -23 -34 0 0 21 0 -24 24 -48 -48 38 0 18 -43 27 24 -33 -10 -36 0 -37 0 -35 34 0 0 -34 0 
-4 37 20 -26 13 13 20 -19 40 -44 0 0 0 0 30 -11 -3 0 -43 8 -46 0 36 15 -4 9 0 21 -12 30 0 -31 34 0 -46 -40 11 38 -34 -37 -38 -24 -40 25 0 0 -49 0 -47 48 1 0 -23 -3 17 6 12 35 48 0 -20 -40 -11 21 0 -4 41 41 0 0 24 -13 20 0 -21 -8 44 0 42 0 21 6 0 -26 42 0 33 0 -35 -15 -35 -29 -15 38 -24 -49 0 0 -14 0 
0 -22 -11 -35 36 7 0 -4 -34 15 43 17 17 28 -36 0 0 0 1 -7 37 0 40 2 -20 0 14 0 6 44 0 -34 -19 44 43 5 12 44 -43 11 -49 -12 18 0 6 -2 -37 40 -41 0 -22 40 12 0 35 -13 -17 -25 -9 9 -28 -39 0 0 -40 17 -13 0 -23 24 40 0 0 -3 11 0 30 -9 40 49 0 -40 -25 -18 0 44 0 7 -1 0 14 -42 -29 0 39 0 42 -18 -12 4 
22 19 37 42 1 -41 13 -26 40 -26 0 25 -21 46 0 0 1 -27 0 -37 -45 21 0 -22 -49 33 27 37 0 0 -36 40 0 24 0 -41 -36 -26 49 30 0 -38 -33 -3 -39 -39 -48 -25 -36 8 -16 0 -7 44 -17 0 0 46 14 47 0 -10 0 1 1 49 0 0 0 -13 0 -27 9 33 0 -21 -20 -44 0 -27 -17 -34 37 0 0 -13 -48 7 41 -16 29 -24 43 -47 36 -13 40 0 -16 0 
11 -3 0 0 15 20 43 -31 -2 -32 46 -3 -26 -36 -39 0 0 -24 15 37 -2 -14 -30 0 0 15 34 25 40 -7 3 -6 10 19 0 -22 -49 0 -11 -34 4 38 27 0 0 9 -16 41 29 -40 -10 0 0 0 -6 -39 -31 0 32 0 -3 18 -48 0 0 -5 0 4 -23 20 0 9 -9 0 -40 0 -33 26 -25 -11 24 17 -36 -5 20 10 6 -22 0 -11 25 0 -13 23 3 43 13 0 -26 -35 
44 0 -24 0 -17 0 0 -42 -31 -4 26 0 16 0 3 0 -25 15 0 -12 0 0 0 0 6 -32 2 -10 41 0 0 -35 4 3 8 0 35 13 26 0 47 0 27 -3 -24 -15 -15 0 32 0 0 -14 30 0 -4 0 0 -17 -8 -17 24 0 -16 4 40 10 10 0 -34 0 -3 33 0 -4 0 0 -27 0 -48 0 -33 0 18 0 -46 0 -26 0 -8 -32 -17 0 0 0 -41 -18 0 -30 19 -38 
-29 2 -45 44 -16 0 -47 20 -16 0 0 26 19 32 44 2 -43 -48 -10 -19 -20 0 0 -49 30 46 -40 0 -26 -45 0 0 -14 0 49 35 -8 0 -21 35 0 -2 0 -36 -26 0 48 -10 31 41 47 18 5 -8 0 0 0 -48 -29 0 16 -10 0 -17 -20 28 -38 0 0 -21 11 0 -40 0 -40 0 -13 0 13 39 0 12 30 -25 -4 -11 45 43 11 26 15 32 -28 25 -24 0 -1 -46 0 -17 
13 48 32 0 19 2 -33 -16 28 -18 19 -31 0 -6 8 0 28 34 2 0 0 43 0 -9 -4 41 0 0 -45 46 -12 17 39 -36 0 30 -35 -41 32 48 -16 -43 17 -35 -3 25 -19 48 -23 0 -18 -26 0 0 44 0 -24 16 -28 30 0 29 -30 11 12 19 -33 -41 0 -8 0 -21 0 0 0 -7 -2 -16 -41 -49 35 0 0 32 0 34 -46 -34 0 -39 -17 11 -22 26 -35 -8 47 46 -48 15 
0 -6 0 0 -20 0 13 -20 9 39 -27 -25 -8 -42 0 -32 33 0 0 -37 40 0 0 39 0 0 0 0 -12 -9 40 0 -28 -28 0 49 -34 29 -38 44 -11 0 -35 -12 -42 -39 8 17 0 -47 -25 0 -1 0 -6 24 4 0 -34 47 0 -33 25 -11 39 0 22 24 21 44 30 -20 -33 -27 -13 -2 0 48 -9 34 10 48 -6 0 -27 15 6 -37 35 -46 -30 43 41 -49 6 -10 -14 36 34 23 
-27 0 -7 -35 34 -13 0 -27 -9 -24 0 26 0 11 47 44 21 41 0 0 0 -10 0 -41 28 40 -22 29 25 0 -20 0 40 7 33 45 -34 -31 0 0 0 34 0 45 -11 0 -42 -5 -7 -24 0 -2 -9 35 -45 33 0 0 17 -3 24 -33 0 15 -12 0 20 -23 0 0 -9 -44 26 0 0 -16 48 -44 0 21 14 -13 0 -39 7 32 46 45 0 -7 -48 14 0 40 20 -18 -44 0 9 30 
32 20 -30 8 0 -12 16 -25 -19 32 0 11 47 28 0 -8 -27 -2 -6 -40 0 30 -8 -44 -27 -27 12 12 2 48 -33 0 -34 21 -39 37 0 14 36 48 0 0 27 0 0 12 0 -2 -48 21 -29 0 48 -30 0 27 0 6 -17 11 0 -5 0 -39 11 32 -35 0 -24 42 40 0 -25 -48 13 -41 -9 0 23 0 0 -21 -36 0 43 -15 34 -28 -31 0 -44 17 -31 -9 0 47 -48 0 0 -7 
-16 0 20 13 47 -16 19 16 3 -41 -18 0 -20 -46 -10 -5 0 40 0 0 0 0 -5 41 25 -19 0 8 0 0 16 24 -45 -39 0 9 0 21 40 12 37 -32 -29 49 0 -4 -11 -2 14 34 -3 -34 0 22 0 48 0 0 -30 -20 32 42 47 -14 -43 -29 0 5 24 0 49 -27 -11 0 39 -49 34 21 0 37 -20 26 0 2 -33 44 -6 -14 0 -15 0 -23 0 6 -32 32 27 42 -11 -4 
3 -16 16 -41 10 20 0 0 -10 -27 4 20 18 -49 17 -20 0 45 10 20 -31 15 -1 0 9 0 -18 0 1 -15 -22 -38 -29 15 11 0 -8 0 -24 -23 0 -31 22 14 -44 0 11 18 -13 25 9 46 36 18 15 -36 47 0 -7 17 0 -32 -14 0 -28 0 10 26 -48 21 0 -17 24 -33 0 35 10 14 0 -20 -8 16 0 -12 0 3 42 0 -23 -39 28 0 -25 0 -40 18 -32 0 3 0 
27 0 7 32 0 -34 -41 4 13 20 0 -39 -7 29 47 48 -43 0 -7 -9 -36 0 0 0 48 -21 0 10 0 -49 17 15 0 11 -36 -38 -46 37 -19 25 6 -24 0 -3 -35 40 0 8 -6 0 -1 -41 1 0 -11 38 -49 43 -14 -45 -12 -24 0 3 21 -14 2 0 -48 6 -40 -34 17 0 12 0 48 -13 -21 26 16 -17 42 0 17 38 14 49 -3 -47 -30 43 12 5 39 -3 -5 -28 -15 2 
-1 0 46 -8 -29 0 0 -30 30 12 -22 -14 0 0 25 -28 48 -13 2 39 0 -24 1 47 17 -4 28 -39 17 44 -38 -27 11 35 18 -42 0 34 0 0 14 49 0 16 -27 0 0 -36 42 4 0 7 0 -3 -45 44 48 -12 34 11 -26 0 -18 9 24 0 0 -8 38 0 -25 37 -36 18 30 0 -6 0 -36 0 0 42 -39 31 19 -42 0 22 -26 -33 11 0 0 0 0 0 3 -23 0 24 
-14 -1 -24 -44 0 48 -36 0 17 0 -35 20 0 -46 37 29 -41 0 3 -24 0 35 11 49 0 -21 -32 0 31 -47 -22 -43 0 -7 -33 42 -49 20 0 -20 9 -16 6 37 14 -41 -16 -27 23 8 0 -49 35 0 5 0 0 23 0 -28 -39 15 -41 -31 0 23 0 0 0 -26 -18 0 -5 0 -25 32 0 -39 0 2 -12 0 31 -18 33 46 9 24 -42 -28 -33 -6 8 45 28 36 42 -30 35 48 
-8 -8 0 -38 0 -39 0 24 0 -31 -8 -48 38 0 -13 -11 44 -10 0 43 -42 6 -49 23 3 0 -14 -36 20 -46 4 40 -38 0 22 9 -37 35 0 0 -31 0 0 -41 -40 32 -33 9 6 0 26 9 -45 -34 48 22 44 19 -38 0 -40 25 14 -35 23 -22 16 0 18 42 0 0 20 -46 -4 0 -27 7 43 -33 0 17 19 33 6 -29 29 -36 30 -34 28 43 -44 -6 0 36 -17 0 -32 -36 
38 0 45 -31 -18 -11 0 27 0 31 -4 0 0 0 13 -13 -30 0 26 46 -29 0 0 6 32 0 0 23 17 43 1 -3 -46 47 0 44 -39 37 0 -21 -37 -3 0 29 -18 0 0 -11 -39 0 -36 -48 0 0 24 0 0 0 19 -35 45 -38 14 -4 -43 27 21 42 -43 0 44 -13 10 0 -11 34 15 32 -15 44 3 38 -42 46 -29 -20 -40 -6 0 32 13 0 -24 0 0 42 29 29 39 0 
1 0 29 0 0 -26 0 -25 -39 0 -30 0 0 0 13 -23 10 9 -18 44 26 0 0 -14 -18 -16 -40 22 4 -39 -33 -6 -9 -36 49 26 9 0 0 48 36 -40 14 -14 0 -36 42 34 12 -28 46 0 -26 30 48 -14 0 42 47 -17 -19 19 -30 0 7 40 -30 36 27 33 0 -48 6 -26 45 -46 6 46 34 -6 42 14 0 9 29 -40 0 40 0 -10 0 -26 -8 -23 -15 0 0 -33 0 -16 
-4 -16 -6 35 -3 -12 -44 0 -23 -39 -30 18 19 -43 0 49 9 -9 28 0 -28 -23 32 -34 -49 0 33 0 -37 0 2 10 19 0 0 26 32 -10 47 32 -31 -49 -46 0 -34 10 -1 1 33 -20 -41 18 32 -29 27 -3 -3 -17 -34 0 -38 -4 0 -46 48 18 45 0 24 0 7 7 -22 0 43 -34 -37 45 -28 -14 0 49 22 24 -36 -6 40 -36 0 -42 -27 0 0 0 -15 0 -37 25 -38 29 
18 39 0 23 -39 28 0 0 46 0 -7 -15 -34 2 0 24 0 0 32 -9 34 -24 38 13 0 46 36 1 39 20 -18 17 -44 0 -9 21 -35 20 34 -45 39 37 13 0 -33 -35 -15 7 0 43 -16 0 33 0 0 -6 28 0 -1 -45 -32 -37 -45 0 -10 -39 -27 44 -33 -35 -1 41 0 -8 11 0 35 0 -31 0 -23 -3 -26 -42 30 0 0 0 -29 -16 0 29 40 -41 0 0 -18 0 13 -44 
-5 0 0 33 0 40 47 17 -31 0 0 -23 -44 44 -41 0 -23 0 -1 14 0 -23 43 45 -32 -48 0 28 -10 32 0 -49 -3 22 9 -10 0 -44 0 0 -48 -45 0 0 0 26 -43 0 -46 36 -32 32 2 0 0 35 0 0 0 48 -9 0 20 42 -22 35 0 -23 -10 -15 0 -16 -11 -32 26 -39 -46 -7 0 -15 -39 -47 -33 -28 -34 32 -10 -42 -16 41 -28 -2 -25 -8 38 2 20 38 -39 -44 
14 -21 42 0 -13 -8 -31 45 9 0 48 41 0 7 17 -21 -18 0 0 29 24 33 8 41 28 0 -27 20 -22 23 22 -26 -13 -23 0 0 0 -19 16 34 36 0 -3 24 28 46 7 0 0 -12 0 -34 0 42 -41 32 0 12 5 -36 0 -33 0 21 -17 -47 37 -29 -36 -35 14 29 25 -17 15 -17 -30 -48 -44 0 28 -30 11 -33 28 13 0 -27 0 -28 -5 -26 -27 23 7 -44 0 33 23 15 
-26 2 -23 9 -6 -30 -46 -22 -29 -47 0 -30 0 0 46 42 -9 -4 -23 0 -9 -16 -26 0 -33 0 -41 -40 25 38 0 -34 8 12 8 -20 0 -24 6 0 42 -40 0 -42 -10 -38 0 23 0 -31 46 -32 -20 -17 -2 34 -49 -5 0 -19 -32 0 20 -32 48 0 -22 24 0 -29 -42 -24 0 0 32 11 43 14 17 -23 0 43 0 -6 43 0 -26 0 29 -2 -26 -9 0 0 -31 -39 25 -39 -42 36 
0 0 -32 29 -33 14 10 39 36 0 15 -5 -20 0 -10 -42 2 -32 -10 -37 -42 30 0 -46 10 -40 46 -21 36 -39 0 21 -49 30 -48 -8 0 0 26 26 0 30 0 42 0 18 31 18 29 47 -30 -16 -46 32 0 0 -38 -46 0 0 -44 -4 -48 0 -19 -22 39 0 -37 -15 -29 43 -13 0 -28 -22 41 0 -31 0 -25 12 0 8 -44 -24 -8 0 40 -25 -27 0 33 -48 0 -2 0 -3 46 -18 
-35 -21 41 0 48 -30 0 -5 -35 0 0 -12 38 0 0 0 1 -40 0 0 -3 0 -5 -43 0 2 -2 -48 0 -35 14 0 -10 21 -21 0 -19 0 22 -49 0 -45 0 0 -19 7 35 -7 42 7 16 0 -19 0 -7 0 0 -26 0 39 22 0 45 0 -45 0 0 0 0 38 0 -47 23 0 25 26 -49 40 -9 6 0 5 0 45 -6 0 -23 0 -41 -8 23 0 -48 15 -19 -18 0 17 -29 7 
-49 -7 -23 -22 -42 -39 32 -8 -36 -20 30 -2 -47 -34 7 0 0 0 -39 32 -47 41 -3 44 -26 -25 -27 0 0 0 0 0 35 7 5 -31 0 43 30 0 17 0 11 -26 -26 -48 0 -40 36 0 26 44 22 -30 -24 1 0 -7 0 0 -12 -47 4 -10 -43 2 -37 -13 -35 -24 39 36 3 -41 -24 -35 6 20 0 -32 -40 39 0 28 0 0 -15 -15 0 38 7 -31 0 -19 -45 48 0 0 12 0 
8 -30 0 0 21 -48 -41 0 21 -32 0 -19 29 0 47 0 0 19 -19 -1 41 43 -42 0 21 -31 -29 9 7 -24 -1 41 -13 0 -17 -48 -14 25 -37 40 -11 -37 -35 44 22 -32 0 0 0 0 2 -47 47 -39 0 -47 -8 0 -49 -32 4 -31 -24 -19 17 -6 0 0 34 -49 0 -13 43 -18 0 -8 -10 -18 47 32 18 -3 0 36 36 42 0 0 0 2 -44 -39 -2 -18 48 -29 0 -39 6 -23 
0 0 -26 -26 3 49 -4 0 -22 15 -15 -10 36 -11 0 1 9 -10 0 7 21 0 33 0 -32 3 17 12 26 -20 0 12 -6 9 8 2 0 31 -46 11 21 12 27 0 -4 25 38 0 -37 0 -41 -13 0 -20 -14 0 18 0 1 10 49 -38 0 0 0 0 49 -1 0 0 42 40 13 0 -1 47 -14 -44 -48 27 -32 -5 3 42 -17 29 0 -37 -18 20 0 25 0 0 0 0 0 0 14 12 
35 0 -38 0 9 0 -20 -23 3 0 0 34 38 29 35 -15 -36 31 -6 -28 49 -13 0 0 7 0 -10 -46 30 0 25 0 39 -21 7 10 45 -11 -15 -22 -16 0 5 -38 0 35 0 1 -28 23 37 -44 -30 4 -14 -16 -41 -4 36 0 -20 0 -32 28 -44 -39 0 25 0 0 -18 0 0 -30 -46 46 36 0 0 42 0 -28 -23 -30 0 29 -33 25 0 38 33 -39 -3 17 0 -39 0 -7 -23 -5 
0 0 -39 -19 0 0 45 -2 -43 3 17 35 0 -27 1 0 0 0 -27 18 30 38 24 23 0 -29 -45 0 0 -15 21 3 -2 0 -7 0 -44 0 12 -36 -18 0 -7 14 -17 4 13 0 -14 0 -31 0 35 -34 38 -31 0 0 -29 35 0 -15 0 0 -42 48 -22 17 -34 -14 -12 -16 -26 19 0 -48 34 9 0 -11 3 -15 0 35 -32 39 0 -38 13 -39 23 -42 46 -29 12 6 14 -23 -6 -29 
11 0 38 22 -47 2 0 0 42 0 0 -12 0 39 -14 0 48 -14 0 8 0 0 43 -40 0 -5 31 17 -14 0 -30 0 0 31 18 32 0 0 49 12 0 0 39 0 -39 14 0 -20 -40 -6 47 0 45 23 36 -18 0 8 38 0 17 -35 -8 -31 3 12 2 0 0 0 4 0 -35 -38 -17 15 23 30 -7 -4 0 2 24 48 -36 0 -16 29 -44 -44 15 36 -18 7 0 -23 12 -5 -29 36 
