90
0 -15 0 42 -12 0 -13 0 0 0 11 -29 12 -35 0 0 0 -17 11 0 0 0 -34 24 13 -30 0 20 -5 0 0 0 -46 0 0 0 0 45 0 0 43 -8 38 -1 -32 0 0 0 26 0 0 0 34 0 -47 -42 0 -30 -15 19 -31 0 0 0 0 -27 47 15 -19 0 -32 0 -20 0 0 0 0 0 -18 1 -29 0 41 0 0 14 43 -15 0 0 
-37 -7 0 0 -29 0 0 0 43 0 0 0 0 0 0 0 0 40 0 38 0 -46 -20 0 -22 0 5 36 0 14 -5 0 0 28 -46 22 5 0 28 0 0 26 0 0 0 8 -12 36 0 0 0 21 -31 -44 -49 0 0 0 -13 0 0 0 0 40 26 0 -45 -18 48 -9 0 37 0 0 21 -49 39 0 0 0 27 0 0 24 -46 34 22 -35 -40 0 
-7 0 40 0 -31 0 0 0 4 -23 0 -10 0 43 0 -4 -4 -44 6 -42 39 0 0 0 8 3 0 0 0 17 29 38 -40 -13 -42 0 0 25 0 -36 0 -10 27 0 2 -49 0 28 0 0 0 0 -1 0 0 0 0 0 29 0 0 -43 0 38 0 -17 45 29 0 0 -19 11 0 0 -11 0 0 0 0 -27 0 24 0 0 0 0 0 0 46 0 
0 40 0 0 0 -46 -20 0 0 -7 0 0 5 0 0 0 0 -39 -41 0 -38 20 0 0 0 0 -37 -17 0 -23 0 0 -33 0 0 0 0 0 38 0 0 -7 0 0 49 -19 0 0 -47 0 0 42 -15 0 0 0 0 -31 -40 48 0 0 0 31 0 0 0 18 12 -27 4 0 0 -7 -11 36 5 -44 -34 -5 -18 0 -32 0 0 43 0 -36 -24 -29 
0 0 0 0 0 0 0 32 0 35 -3 -28 0 0 17 -5 0 4 0 0 0 -23 0 0 -35 -39 17 -27 -15 0 0 0 11 0 29 0 0 0 0 0 0 0 48 -47 23 0 47 35 4 0 40 -12 0 -48 0 0 4 -7 0 -26 1 -33 -28 -20 0 48 48 0 0 -9 16 -39 9 -14 -26 -23 0 0 0 0 0 4 -13 0 0 -3 0 31 -46 22 
-29 -31 0 0 0 0 0 0 0 0 0 0 0 -49 -33 0 0 0 -32 -16 32 -36 40 0 16 0 0 39 0 0 0 43 0 0 -10 25 37 22 0 -47 19 -49 0 -48 43 26 31 -49 0 17 -18 0 0 0 -16 0 8 0 0 0 24 0 -47 27 -43 0 0 -9 -4 22 2 32 -4 0 0 -14 -41 0 -9 -30 40 0 15 0 0 0 0 -12 0 0 
0 0 -46 0 0 -14 4 -29 38 0 6 49 -14 0 -39 -2 -40 0 -23 0 45 0 -48 0 0 0 0 0 33 21 -40 -11 0 25 0 9 0 19 0 33 0 0 6 -16 -12 0 0 31 7 33 0 0 0 -12 -47 41 24 -35 -30 -48 0 0 -30 0 0 26 -40 0 0 0 -31 5 0 0 0 0 0 0 0 0 43 0 0 0 0 0 -32 0 -30 0 
0 0 -20 0 0 4 -29 0 -1 0 30 -49 0 0 -34 -22 0 -19 0 0 0 -9 3 -5 -49 0 0 0 0 0 0 37 -10 0 0 -7 0 42 0 -43 -28 0 45 0 0 -39 0 0 44 0 -42 0 -20 0 4 -33 0 31 -15 19 -22 0 -9 0 21 0 -22 0 -16 0 33 49 18 0 39 0 40 13 7 0 0 0 25 21 34 -6 0 46 -33 -25 
0 0 0 32 0 -29 0 39 0 0 0 -44 0 0 0 42 29 0 -45 -41 0 0 0 0 -33 9 39 0 0 -6 0 0 -1 -4 0 0 0 -41 -34 -19 -28 0 0 -31 0 -39 38 30 0 0 13 0 5 0 0 0 0 28 0 0 47 36 0 0 0 0 -35 -48 0 -6 0 0 28 0 0 -10 0 -47 0 0 -49 -34 0 0 -15 26 0 0 0 9 
43 4 0 0 0 38 -1 0 0 0 -28 0 -26 36 0 8 25 0 0 0 18 49 8 3 32 -10 -46 46 0 0 0 11 -37 31 29 -43 0 -8 20 0 0 0 0 -37 40 0 -39 0 0 -4 0 -23 -1 0 -18 0 -49 -14 0 7 -40 0 -7 0 -31 21 0 34 0 0 0 0 0 0 7 -29 42 0 -35 18 0 0 0 0 3 20 0 -33 0 0 
0 -23 -7 35 0 0 0 0 0 0 0 -28 0 27 13 0 0 17 0 0 0 -3 0 18 0 0 0 0 0 0 0 0 0 0 0 0 0 -46 0 12 0 -4 0 -31 -1 0 0 49 0 0 -40 -23 20 2 7 25 -8 0 0 0 0 0 0 -48 0 0 0 32 33 27 0 -19 0 24 0 1 0 -40 0 0 0 0 0 48 0 0 0 -19 39 35 
0 0 0 -3 0 6 30 0 -28 0 42 -7 0 0 -35 0 0 0 0 -25 0 0 30 -20 0 42 22 -8 8 45 37 0 0 0 0 0 0 0 40 0 6 0 0 28 -38 -47 0 0 -14 23 15 0 -49 0 36 42 23 0 0 0 10 0 -47 0 -39 -6 0 0 28 -16 -11 0 0 -6 -16 0 17 0 0 -27 35 -46 -12 0 17 0 0 0 0 0 
0 -10 0 -28 0 49 -49 -44 0 -28 -7 1 0 0 -11 0 0 0 0 0 0 0 20 0 11 0 -14 0 2 -32 27 -40 -10 0 0 -2 -49 -13 -16 0 9 0 0 0 0 0 34 35 0 0 0 0 28 0 -8 0 19 -5 42 0 -45 0 0 -7 8 10 0 0 0 0 33 4 0 0 -45 0 0 10 -42 -12 0 -12 46 0 0 -41 0 -40 0 0 
0 0 5 0 0 -14 0 0 -26 0 0 0 8 0 45 0 -14 -24 0 0 -43 1 0 0 6 0 0 0 34 0 32 0 0 -40 16 -4 0 18 -43 -1 0 -41 -47 0 0 0 -42 0 0 -14 0 5 0 0 0 0 9 10 0 -25 0 0 0 0 0 0 0 0 0 -46 3 -46 0 0 -8 36 0 0 30 -7 28 0 3 -22 2 0 0 2 0 0 
0 43 0 0 -49 0 0 0 36 27 0 0 0 23 0 0 0 -10 19 0 -6 0 0 0 0 -18 0 0 0 0 22 -29 30 0 37 0 28 0 0 0 15 -48 0 0 -10 0 -44 5 0 39 49 -42 0 8 0 14 0 0 0 10 0 0 0 49 0 0 -11 0 0 17 -33 0 -39 0 -30 -49 -14 34 0 0 11 0 0 0 0 0 44 0 0 -8 
0 0 0 17 -33 -39 -34 0 0 13 -35 -11 45 0 0 0 0 -17 0 30 0 35 0 -2 0 0 -24 0 -2 0 -41 0 0 0 11 0 -2 0 0 38 42 0 0 0 -46 0 0 13 -4 10 -32 0 21 0 -39 -34 22 0 19 0 7 0 -15 0 -27 -30 31 20 0 29 24 0 0 0 22 47 0 0 -9 20 5 29 42 0 0 0 0 19 0 0 
0 -4 0 -5 0 -2 -22 42 8 0 0 0 0 0 0 0 0 0 -26 21 26 26 0 22 0 -49 0 -8 8 30 0 -22 44 0 0 -49 0 26 0 0 0 8 18 0 20 14 39 0 -15 0 35 14 0 0 -33 33 16 0 -21 -37 43 -10 20 0 -11 17 0 0 43 0 -7 30 17 0 -42 0 0 44 0 -17 -34 -43 0 0 0 0 -42 37 -6 48 
0 -4 0 0 0 -40 0 29 25 0 0 0 -14 0 0 0 4 9 -26 12 7 11 27 -21 0 0 10 0 -13 -11 0 42 0 39 0 25 27 30 0 0 44 0 0 0 46 -12 -4 0 37 29 33 37 0 9 9 0 -7 8 33 0 2 26 0 0 -16 0 0 0 0 17 -38 0 -23 0 -43 7 10 0 26 -42 0 -21 0 0 0 -30 0 -13 0 0 
40 -44 -39 4 0 0 -19 0 0 17 0 0 -24 -10 -17 0 9 -28 0 -29 0 21 0 -29 -8 0 0 3 42 0 -12 0 -17 26 0 0 0 0 0 0 0 -46 44 0 3 0 0 4 41 10 0 33 0 0 -44 0 0 -47 0 0 33 -38 -42 -35 0 -38 0 0 7 2 0 0 40 38 -40 0 0 0 0 -41 0 -23 0 2 10 27 0 40 30 -21 
0 6 -41 0 -32 -23 0 -45 0 0 0 0 0 19 0 -26 -26 0 0 -19 0 0 4 -33 0 0 0 0 4 0 38 0 0 0 -8 0 0 0 -28 0 0 0 8 0 35 -31 0 0 29 27 0 0 0 0 0 0 0 0 0 -6 -39 8 0 0 -30 0 0 0 -18 -27 -44 0 1 0 -34 25 0 9 0 0 -24 0 0 0 16 0 11 0 0 -47 
38 -42 0 0 -16 0 0 -41 0 0 -25 0 0 0 30 21 12 -29 -19 0 0 0 0 7 0 -8 0 -12 16 -40 -41 -38 5 0 0 0 0 -17 0 -15 8 0 -41 -31 -40 0 0 -41 0 36 0 0 0 23 0 0 -37 0 0 0 45 -25 -46 0 0 0 -23 -39 0 -41 0 5 1 0 -40 0 -42 -39 46 -20 11 -38 0 -19 -29 -49 16 0 0 0 
0 39 -38 0 32 45 0 0 18 0 0 0 -43 -6 0 26 7 0 0 0 49 0 22 0 -11 -18 0 37 0 0 -46 0 0 -16 -27 -26 22 -38 0 26 26 0 0 0 0 0 12 32 0 0 0 0 18 0 0 -4 47 8 0 0 1 0 0 0 43 0 48 48 -48 26 -28 0 13 0 -1 0 0 12 40 0 0 0 0 -39 0 0 0 0 0 -47 
-46 0 20 -23 -36 0 -9 0 49 -3 0 0 1 0 35 26 11 21 0 0 0 0 -23 1 0 46 0 -16 -34 0 0 0 0 -42 0 0 7 11 -2 46 -43 -12 3 4 -44 29 0 -8 -22 -24 0 0 0 0 46 49 0 47 0 36 0 32 0 14 0 40 3 4 0 0 37 0 0 -39 0 42 0 0 0 -19 33 24 38 0 0 2 0 32 0 0 
-20 0 0 0 40 -48 3 0 8 0 30 20 0 0 0 0 27 0 4 0 22 -23 -20 0 41 -21 0 0 46 -5 -7 0 -36 0 0 0 -12 0 0 0 15 8 0 -33 -9 11 -45 31 -46 8 0 0 0 -10 -20 47 0 0 0 1 0 45 -29 25 35 -30 0 0 0 -13 -10 0 0 -7 -9 -35 41 0 -38 0 -13 0 -15 49 -6 1 47 38 8 0 
0 0 0 0 0 0 -5 0 3 18 -20 0 0 0 -2 22 -21 -29 -33 7 0 1 0 -27 0 0 -48 -6 24 -3 0 -27 -26 14 0 10 0 0 0 14 0 0 -21 -45 -1 20 -40 -38 0 0 43 0 0 16 0 0 0 0 49 0 -40 0 25 -15 0 0 46 -39 23 20 0 0 0 -37 -38 0 -34 0 45 0 -19 0 37 0 0 44 0 -38 0 0 
-22 8 0 -35 16 0 -49 -33 32 0 0 11 6 0 0 0 0 -8 0 0 -11 0 41 0 -25 0 0 -13 -44 -46 0 0 21 -30 -26 -30 -25 0 -35 0 22 0 -14 0 0 0 -24 0 0 0 0 -17 0 0 15 0 30 0 -16 41 0 35 0 0 0 -22 32 0 32 0 18 0 0 0 0 -34 -28 0 14 -5 29 0 0 -45 36 7 7 0 -22 0 
0 3 0 -39 0 0 0 9 -10 0 42 0 0 -18 0 -49 0 0 0 -8 -18 46 -21 0 0 30 0 0 0 0 0 -40 0 0 -27 -37 0 0 -40 -27 1 3 0 9 0 0 -27 -20 8 35 0 29 -9 0 19 0 28 0 0 -7 -7 -5 0 -31 0 0 -40 0 -7 0 0 0 10 4 -11 0 -45 0 12 0 0 0 0 0 0 -23 32 -40 0 0 
5 0 -37 17 0 0 0 39 -46 0 22 -14 0 0 -24 0 10 0 0 0 0 0 0 -48 0 0 0 0 0 27 0 0 0 0 4 -39 0 0 0 0 -27 0 0 0 0 0 0 0 0 -29 0 0 25 14 14 -48 -4 33 0 -34 -23 0 0 -39 0 -18 -32 0 0 -29 0 0 0 46 33 -27 37 27 -23 -25 0 0 0 0 -19 37 0 -31 -15 49 
36 0 -17 -27 39 0 0 0 46 0 -8 0 0 0 0 -8 0 3 0 -12 37 -16 0 -6 -13 0 0 12 0 0 0 0 42 -36 -29 0 -4 22 49 -21 15 0 -44 34 -2 -24 0 0 -22 -43 -45 14 34 -17 17 36 41 0 -4 28 -21 0 43 32 0 0 0 0 21 -39 0 0 0 0 10 0 20 0 -31 26 0 3 -44 -17 0 -9 0 6 48 0 
0 0 0 -15 0 33 0 0 0 0 8 2 34 0 -2 8 -13 42 4 16 0 -34 46 24 -44 0 0 0 0 32 -28 26 0 37 45 0 -3 24 -33 0 0 -46 0 0 0 0 36 0 3 -29 0 37 -44 0 0 0 -18 23 0 0 0 -46 0 -44 11 -3 0 0 0 -39 -7 27 3 -42 0 0 0 15 0 -34 0 -14 10 0 0 32 10 0 -12 -31 
14 17 -23 0 0 21 0 -6 0 0 45 -32 0 0 0 30 -11 0 0 -40 0 0 -5 -3 -46 0 27 0 32 0 0 0 0 45 -20 36 0 0 21 -6 0 0 0 31 -40 0 0 -3 1 0 0 -11 0 0 10 0 -37 -5 -38 0 0 0 19 0 19 -18 29 39 23 12 -20 0 0 0 0 -17 0 10 -14 -42 31 0 0 0 0 6 0 0 0 25 
-5 29 0 0 0 -40 0 0 0 0 37 27 32 22 -41 0 0 -12 38 -41 -46 0 -7 0 0 0 0 0 -28 0 0 27 37 0 0 0 0 0 13 -46 -28 5 0 0 -49 0 0 4 -49 -5 -26 -39 0 0 -39 0 0 -22 0 -28 -15 0 0 0 -32 0 15 -32 1 -40 46 25 -3 18 49 -31 44 -5 -3 -4 -18 0 10 -15 0 0 0 0 0 -38 
0 38 0 0 43 -11 37 0 11 0 0 -40 0 -29 0 -22 42 0 0 -38 0 0 0 -27 0 -40 0 0 26 0 27 0 0 -14 0 -10 0 0 -44 0 -46 0 -5 40 0 0 -47 0 -18 -31 -41 -40 0 0 0 -27 37 0 15 0 -31 0 0 0 0 -7 17 -17 -17 0 -26 -14 34 0 0 -45 0 0 0 -27 0 0 -5 0 0 0 0 0 0 -14 
0 -40 -33 11 0 0 -10 -1 -37 0 0 -10 0 30 0 44 0 -17 0 5 0 0 -36 -26 21 0 0 42 0 0 37 0 0 27 35 9 0 22 0 -26 0 0 20 0 -7 0 0 0 -29 46 0 0 0 -4 0 0 0 -28 31 4 37 0 0 -25 0 34 0 0 0 -29 0 0 -36 0 0 38 0 30 -28 19 42 9 -7 0 0 -25 -23 0 -36 -30 
28 -13 0 0 0 25 0 -4 31 0 0 0 -40 0 0 0 39 26 0 0 -16 -42 0 14 -30 0 0 -36 37 45 0 -14 27 -12 0 0 0 0 0 -32 0 0 -23 0 9 0 11 -12 18 -43 24 0 43 0 0 0 9 -19 6 0 0 0 32 2 0 0 0 -20 0 0 43 -26 0 0 27 0 0 47 0 0 -30 -15 -5 0 17 0 0 -31 40 17 
-46 -42 0 29 -10 0 0 0 29 0 0 0 16 37 11 0 0 0 -8 0 -27 0 0 0 -26 -27 4 -29 45 -20 0 0 35 0 -5 0 0 0 0 14 31 0 6 0 -3 -46 19 17 -38 -9 -7 0 22 0 0 28 0 -42 -38 0 -1 -20 -43 28 0 0 0 34 0 -46 0 48 0 0 -21 0 41 0 0 -40 0 0 0 -31 -17 -3 27 0 0 0 
22 0 0 0 25 9 -7 0 -43 0 0 -2 -4 0 0 -49 25 0 0 0 -26 0 0 10 -30 -37 -39 0 0 36 0 -10 9 0 0 0 -14 0 -28 10 0 0 0 28 -26 -36 44 0 -44 0 0 0 0 0 0 0 27 -15 -46 -11 0 0 0 0 0 0 0 0 0 39 10 0 14 -43 0 0 -3 27 29 -19 0 49 0 36 0 -26 0 0 0 -13 
5 0 0 0 37 0 0 0 0 0 0 -49 0 28 -2 0 27 0 0 0 22 7 -12 0 -25 0 0 -4 -3 0 0 0 0 0 0 -14 -17 0 -23 -2 23 28 0 20 0 0 0 0 -33 -40 0 20 23 0 0 0 0 12 40 0 -49 23 0 0 0 43 0 -18 -8 49 0 -35 33 0 37 38 0 36 -31 -43 0 0 0 0 0 0 26 -40 47 0 
0 25 0 0 22 19 42 -41 -8 -46 0 -13 18 0 0 26 30 0 0 -17 -38 11 0 0 0 0 0 22 24 0 0 0 22 0 0 0 0 24 0 8 0 34 0 0 0 30 0 2 0 -24 -16 47 0 0 0 0 0 0 0 0 0 13 -20 0 -28 0 -40 0 -4 27 -36 -19 0 14 0 -45 0 -30 -42 34 0 0 22 -41 0 -49 22 0 0 0 
28 0 38 0 0 0 0 -34 20 0 40 -16 -43 0 0 0 0 0 -28 0 0 -2 0 0 -35 -40 0 49 -33 21 13 -44 0 0 0 -28 -23 0 0 0 0 33 -7 0 -11 -34 -37 0 33 0 -10 27 -22 19 -14 7 -32 0 0 0 25 8 0 0 -20 0 0 -41 0 0 0 -48 0 -18 0 0 0 43 0 -23 0 39 -18 0 0 0 0 0 0 0 
0 -36 0 0 -47 33 -43 -19 0 12 0 0 -1 0 38 0 0 0 0 -15 26 46 0 14 0 -27 0 -21 0 -6 -46 0 -26 -32 14 10 -2 8 0 13 22 0 39 -32 0 -14 0 -42 12 12 0 0 0 0 0 -13 35 26 0 23 -40 23 -41 41 31 41 0 7 -43 0 -48 -29 0 35 40 0 0 0 0 3 -23 43 0 0 -3 -6 49 -15 24 24 
0 0 0 0 19 0 -28 -28 0 0 6 9 0 15 42 0 44 0 0 8 26 -43 15 0 22 1 -27 15 0 0 -28 -46 0 0 31 0 23 0 0 22 -9 -35 17 0 0 -40 0 14 0 35 0 0 -39 0 2 -11 0 0 -43 0 0 0 0 -48 -12 32 0 -48 -26 -30 0 0 -45 0 0 -15 0 0 0 0 25 0 -12 0 -48 27 0 0 0 1 
26 -10 -7 0 -49 0 0 0 0 -4 0 0 -41 -48 0 8 0 -46 0 0 0 -12 8 0 0 3 0 0 -46 0 5 0 0 0 0 0 28 34 33 0 -35 -44 0 0 0 23 0 -2 -5 -3 -4 0 0 0 -40 0 0 0 0 36 -36 0 0 0 0 2 -30 -40 -49 32 0 0 0 46 0 -35 -14 0 0 -27 -38 0 0 0 -26 -30 25 17 47 -22 
0 27 0 48 0 6 45 0 0 0 0 0 -47 0 0 18 0 44 8 -41 0 3 0 -21 -14 0 0 -44 0 0 0 -5 20 -23 6 0 0 0 -7 39 17 0 -17 22 -13 0 0 46 0 0 -3 0 1 -41 16 16 0 -15 -20 0 0 29 2 0 -17 -18 9 0 -47 0 44 7 0 0 41 38 0 28 0 38 0 0 43 -40 43 0 -20 0 29 15 
0 0 0 -47 -48 -16 0 -31 -37 -31 28 0 0 0 0 0 0 0 0 -31 0 4 -33 -45 0 9 0 34 0 31 0 40 0 0 0 28 20 0 0 -32 0 0 22 0 -29 46 31 25 48 0 39 0 0 0 -15 0 30 11 0 42 0 15 0 17 -34 0 0 0 34 -1 -35 0 0 24 0 0 -39 8 0 27 0 0 0 12 8 0 42 -3 0 -36 
0 2 49 23 43 -12 0 0 40 -1 -38 0 0 -10 -46 20 46 3 35 -40 0 -44 -9 -1 0 0 0 -2 0 -40 -49 0 -7 9 -3 -26 0 0 -11 0 0 0 -13 -29 -7 -46 -32 0 0 0 -12 0 4 0 0 0 30 0 -10 -25 -29 -42 0 -17 0 0 0 4 13 -25 0 6 5 -2 0 26 0 0 -30 0 0 -45 0 0 0 -47 31 0 0 16 
8 -49 -19 0 26 0 -39 -39 0 0 -47 0 0 0 0 14 -12 0 -31 0 0 29 11 20 0 0 0 -24 0 0 0 0 0 0 -46 -36 0 30 -34 -14 -40 23 0 46 -46 18 0 32 -32 -18 7 49 0 -5 -38 46 -10 -16 0 -46 -11 -28 39 47 0 0 0 23 20 -35 33 29 0 35 -26 0 8 0 -22 12 13 0 28 25 -37 0 0 -26 0 -33 
-12 0 0 47 31 0 0 38 -39 0 0 34 -42 -44 0 39 -4 0 0 0 12 0 -45 -40 -24 -27 0 0 36 0 0 -47 0 11 19 44 0 0 -37 0 0 0 0 31 -32 0 14 0 0 0 0 -42 20 48 0 -7 0 0 0 46 -12 10 44 -15 0 -22 -9 0 0 0 -24 0 0 -8 -9 0 -4 48 0 0 19 0 -3 -31 -34 0 10 0 -48 0 
36 28 0 35 -49 31 0 30 0 49 0 35 0 5 13 0 0 4 0 -41 32 -8 31 -38 0 -20 0 0 0 -3 4 0 0 -12 17 0 0 2 0 -42 14 -2 46 25 0 32 0 1 0 0 0 10 3 0 0 -28 0 12 -36 0 0 47 12 -23 0 -17 11 10 0 0 -47 0 -20 0 -8 1 45 0 0 0 0 25 0 0 0 -26 0 -40 0 36 
0 0 -47 4 0 7 44 0 0 0 -14 0 0 0 -4 -15 37 41 29 0 0 -22 -46 0 0 8 0 -22 3 1 -49 -18 -29 18 -38 -44 -33 0 33 12 0 -5 0 48 0 -32 0 0 0 49 10 45 46 0 49 0 0 10 -35 0 0 -2 21 -41 0 0 0 -17 -41 0 0 22 35 20 1 0 4 -12 0 0 0 40 1 43 15 0 0 0 0 4 
0 0 0 0 17 33 0 0 -4 0 23 0 -14 39 10 0 29 10 27 36 0 -24 8 0 0 35 -29 -43 -29 0 -5 -31 46 -43 -9 0 -40 -24 0 12 35 -3 0 0 0 -18 0 0 49 -3 0 -37 0 0 0 0 0 -43 45 38 0 0 -28 31 0 -6 3 0 12 0 0 -26 -10 10 0 0 0 0 -5 38 0 0 -44 0 0 0 0 0 0 46 
0 0 0 40 -18 0 -42 13 0 -40 15 0 0 49 -32 35 33 0 0 0 0 0 0 43 0 0 0 -45 0 0 -26 -41 0 24 -7 0 0 -16 -10 0 0 -4 -3 39 -12 7 0 0 10 0 -2 0 0 37 37 -44 0 0 0 -28 -30 39 0 0 0 0 0 0 0 0 0 -40 0 -27 0 0 0 6 0 6 0 44 0 44 -3 0 0 28 30 0 
21 0 42 -12 0 0 0 0 -23 -23 0 0 5 -42 0 14 37 33 0 0 0 0 0 0 -17 29 0 14 37 -11 -39 -40 0 0 0 0 20 47 27 0 0 0 0 0 0 49 -42 10 45 -37 0 0 -42 0 0 0 28 23 0 0 -5 3 0 -2 0 -25 6 -28 0 2 -11 0 -24 32 0 -38 0 0 -41 9 0 0 -32 0 0 4 0 0 0 0 
-31 -1 -15 0 0 0 -20 5 -1 20 -49 28 0 0 21 0 0 0 0 0 18 0 0 0 0 -9 25 34 -44 0 0 0 0 43 22 0 23 0 -22 0 -39 0 1 0 4 0 20 3 46 0 0 -42 0 0 -20 0 -37 -30 7 -35 40 0 0 7 11 44 0 0 45 0 -46 0 16 0 0 0 47 -14 22 0 -32 0 13 0 0 1 23 -39 10 10 
-44 0 0 -48 0 -12 0 0 0 2 0 0 0 8 0 0 9 0 0 23 0 0 -10 16 0 0 14 -17 0 0 0 0 -4 0 0 0 0 0 19 0 0 0 -41 0 0 -5 48 0 0 0 37 0 0 0 36 0 0 34 -16 0 0 0 10 0 0 -44 0 0 35 0 0 0 -21 -20 -6 0 0 0 38 0 5 -19 21 0 0 0 39 0 47 -5 
-49 0 0 0 -16 -47 4 0 -18 7 36 -8 0 0 -39 -33 9 -44 0 0 0 46 -20 0 15 19 14 17 0 10 -39 0 0 0 0 0 0 0 -14 0 2 -40 16 -15 0 -38 0 0 49 0 37 0 -20 36 0 -33 -40 5 0 0 0 -26 33 39 -17 -14 0 0 49 42 41 -35 18 0 0 0 26 0 7 -25 0 0 0 0 35 28 0 0 0 0 
0 0 0 0 0 41 -33 0 0 25 42 0 0 14 -34 33 0 0 0 0 -4 49 47 0 0 0 -48 36 0 0 0 -27 0 0 28 0 0 0 7 -13 -11 0 16 0 0 46 -7 -28 0 0 -44 0 0 0 -33 0 38 40 32 -42 -17 -16 0 -16 14 0 0 0 20 0 0 0 0 -13 -48 43 0 0 0 0 -38 0 0 -45 0 0 14 0 0 -29 
0 0 0 4 8 24 0 0 -49 -8 23 19 9 0 22 16 -7 0 0 -37 47 0 0 0 30 28 -4 41 -18 -37 0 37 0 9 0 27 0 0 -32 35 0 0 0 30 30 -10 0 0 0 0 0 28 -37 0 -40 38 0 0 0 43 0 47 0 0 14 -45 43 0 0 -1 0 0 0 -32 36 4 0 0 -40 0 0 0 0 0 0 47 -34 -37 0 28 
0 0 -31 -7 0 -35 31 28 -14 0 0 -5 10 0 0 0 8 -47 0 0 8 47 0 0 0 0 33 0 23 -5 -22 0 -28 -19 -42 -15 12 0 0 26 0 0 -15 11 0 -16 0 12 10 -43 0 23 -30 34 5 40 0 0 8 0 0 0 0 0 -15 0 -16 -26 35 21 0 0 20 47 0 0 -1 0 -19 -33 35 0 0 9 0 0 23 -43 -42 0 
-13 29 -40 0 0 -30 -15 0 0 0 0 42 0 0 19 -21 33 0 0 0 0 0 0 49 -16 0 0 -4 0 -38 0 15 31 6 -38 -46 40 0 0 0 -43 0 -20 0 -10 0 0 -36 -35 45 0 0 7 -16 0 32 0 8 0 41 0 0 0 -41 0 0 0 0 -19 0 9 0 0 -36 0 -22 -10 0 0 -32 26 -17 0 -29 -14 0 0 0 0 0 
0 0 48 -26 0 -48 19 0 7 0 0 0 -25 10 0 -37 0 0 -6 0 0 36 1 0 41 -7 -34 28 0 0 -28 0 4 0 0 -11 0 0 0 23 0 36 0 42 -25 -46 46 0 0 38 -28 0 -35 0 0 -42 43 0 41 -30 -5 22 -45 0 0 -34 45 -24 -38 0 0 0 0 22 0 -36 0 47 -30 0 0 31 -32 9 17 42 16 0 0 -22 
0 0 0 1 24 0 -22 47 -40 0 10 -45 0 0 7 43 2 33 -39 45 1 0 0 -40 0 -7 -23 -21 0 0 -15 -31 37 0 -1 0 -49 0 25 -40 0 -36 0 0 -29 -11 -12 0 0 0 -30 -5 40 0 0 -17 0 0 0 -5 20 -2 42 -8 0 0 -20 0 34 29 0 4 26 48 0 -31 -43 0 -14 0 32 18 0 0 -10 0 0 0 -6 0 
0 -43 0 -33 0 0 0 36 0 0 0 0 0 0 0 -10 26 -38 8 -25 0 32 45 0 35 -5 0 0 -46 0 0 0 0 0 -20 0 23 13 8 23 0 0 29 15 -42 -28 10 47 -2 0 39 3 0 0 -26 -16 47 0 0 22 -2 0 0 0 0 0 0 -30 46 0 0 0 -11 21 0 47 0 -41 31 0 7 16 0 0 -43 0 -49 -31 0 0 
0 0 0 -28 -47 -30 -9 0 -7 0 -47 0 0 0 -15 20 0 -42 0 -46 0 0 -29 25 0 0 0 43 0 19 0 0 0 32 -43 0 0 -20 0 -41 0 0 2 0 0 39 44 12 21 -28 0 0 0 10 33 0 0 0 0 -45 42 0 0 -22 16 47 22 0 1 0 0 0 -32 34 0 -8 27 1 0 0 -28 0 45 0 0 0 35 0 23 47 
40 38 31 -20 27 0 0 0 0 -48 0 -7 0 49 0 0 0 -35 0 0 0 14 25 -15 0 -31 -39 32 -44 0 0 0 -25 2 28 0 0 0 0 41 -48 0 0 17 -17 47 -15 -23 -41 31 0 -2 7 0 39 -16 0 0 -41 0 -8 0 -22 -8 0 -15 0 6 0 35 0 -35 31 0 -23 0 45 0 0 46 0 -10 0 0 0 3 40 0 0 -6 
26 0 0 0 -43 0 21 0 -31 0 -39 8 0 0 -27 -11 -16 0 -30 0 43 0 35 0 0 0 0 0 11 19 -32 0 0 0 0 0 0 -28 -20 31 -12 0 -17 -34 0 0 0 0 0 0 0 0 11 0 -17 14 14 -15 0 0 0 0 16 0 0 0 0 0 0 22 0 0 11 0 0 11 0 0 12 0 34 0 44 -44 0 0 0 -38 0 14 
0 -17 0 48 0 26 0 0 21 0 -6 10 0 0 -30 17 0 -38 0 0 0 40 -30 0 -22 0 -18 0 -3 -18 0 -7 34 0 0 0 43 0 0 41 32 2 -18 0 0 0 -22 -17 0 -6 0 -25 44 -44 -14 0 -45 0 0 -34 0 0 47 -15 0 41 0 13 0 0 0 30 1 0 0 0 0 -4 0 0 -37 0 0 0 45 -1 0 2 32 0 
-45 45 0 48 0 -40 -22 -35 0 0 0 0 0 -11 31 0 0 0 0 -23 48 3 0 46 32 -40 -32 0 0 29 15 17 0 0 0 0 0 -40 0 0 0 -30 9 0 0 0 -9 11 0 3 0 6 0 0 0 0 43 -16 0 45 -20 0 22 0 0 0 0 0 35 0 0 0 0 -23 0 -5 0 0 0 0 0 -8 -13 0 -36 0 0 0 -44 0 
-18 29 18 0 -9 0 0 -48 34 32 0 0 0 0 20 0 0 0 0 -39 48 4 0 -39 0 0 0 0 0 39 -32 -17 0 -20 34 0 -18 0 -41 7 -48 -40 0 0 4 23 0 10 -17 0 0 -28 0 0 0 0 0 -26 0 -24 0 -30 0 6 0 13 0 0 0 43 0 -12 27 16 0 0 0 0 0 0 -5 0 -31 -46 0 8 0 0 24 0 
48 0 12 0 -4 0 -16 0 0 33 28 0 0 0 0 43 0 7 -18 0 -48 0 0 23 32 -7 0 21 0 23 1 -17 0 0 0 0 -8 -4 0 -43 -26 -49 -47 34 13 20 0 0 -41 12 0 0 45 35 49 20 0 35 -19 -38 34 46 1 0 0 0 35 0 0 0 -8 44 0 0 -31 14 0 22 31 16 0 0 47 15 0 0 0 -33 0 -31 
-9 0 -27 -9 22 0 0 -6 0 27 -16 0 -46 17 29 0 17 2 -27 -41 26 0 -13 20 0 0 -29 -39 -39 12 -40 0 -29 0 -46 39 49 27 0 0 -30 32 0 -1 -25 -35 0 0 0 0 0 2 0 0 42 0 -1 21 0 0 29 0 0 35 22 0 0 43 0 0 0 0 0 0 17 0 46 0 0 27 0 0 -22 0 0 0 0 -25 22 0 
0 -19 4 16 2 -31 33 0 0 0 -11 33 3 -33 24 -7 -38 0 -44 0 -28 37 -10 0 18 0 0 0 -7 -20 46 -26 0 43 0 10 0 -36 0 -48 0 0 44 -35 0 33 -24 -47 0 0 0 -11 -46 0 41 0 0 0 9 0 0 0 0 0 0 0 0 0 -8 0 0 0 23 14 44 0 0 0 0 0 49 0 -5 0 0 0 18 21 0 -18 
37 11 0 -39 32 5 49 0 0 -19 0 4 -46 0 0 30 0 0 0 5 0 0 0 0 0 0 0 0 27 0 25 -14 0 -26 48 0 -35 -19 -48 -29 0 0 7 0 6 29 0 0 22 -26 -40 0 0 0 -35 0 0 0 0 0 4 0 0 -35 0 30 0 -12 44 0 0 0 0 -44 -16 0 0 0 26 0 -49 -22 -42 0 -34 0 0 -37 33 0 
0 0 0 9 -4 0 18 28 0 0 0 0 0 -39 0 17 -23 40 1 1 13 0 0 0 0 10 0 0 3 0 -3 34 -36 0 0 14 33 0 0 0 -45 0 0 0 5 0 0 -20 35 -10 0 -24 16 -21 18 0 0 20 0 0 26 -11 -32 31 11 1 0 27 0 0 23 0 0 -39 0 0 39 0 -46 -36 -27 0 -48 0 0 0 28 0 0 16 
0 0 -7 -14 0 0 0 0 0 24 -6 0 0 0 0 0 0 38 0 0 0 -39 -7 -37 0 4 46 0 -42 0 18 0 0 0 0 -43 0 14 -18 35 0 46 0 24 -2 35 -8 0 20 10 -27 32 0 -20 0 -13 -32 47 -36 22 48 21 34 0 0 0 -23 16 0 0 14 -44 -39 11 3 0 0 -47 -48 0 0 0 0 41 -32 0 0 11 -5 24 
21 -11 -11 -26 0 0 39 0 7 0 -16 -45 -8 -30 22 -42 -43 -40 -34 -40 -1 0 -9 -38 0 -11 33 10 0 0 49 0 0 27 -21 0 37 0 0 40 0 0 41 0 0 -26 -9 -8 1 0 0 0 0 -6 0 -48 36 0 0 0 0 0 0 -23 0 0 0 0 -31 17 44 -16 0 3 0 -26 0 0 21 -37 19 17 22 0 -38 0 -29 -24 0 25 
-49 0 36 -23 -14 0 0 -10 -29 1 0 0 36 -49 47 0 7 0 25 0 0 42 -35 0 -34 0 -27 0 0 -17 -31 -45 38 0 0 0 38 -45 0 0 -15 -35 38 0 26 0 0 1 0 0 0 -38 0 0 0 43 4 0 -22 -36 -31 47 -8 0 11 0 -5 0 14 0 0 0 0 0 -26 -42 -27 3 23 -26 -35 -30 11 0 0 -17 49 0 21 0 
39 0 5 0 -41 0 40 0 42 0 17 0 0 -14 0 0 10 0 0 -42 0 0 41 -34 -28 -45 37 20 0 0 44 0 0 0 41 -3 0 0 0 0 0 -14 0 -39 0 8 -4 45 4 0 0 0 47 0 26 0 0 -1 -10 0 -43 0 27 45 0 0 0 0 0 46 0 0 39 0 0 -27 0 0 -29 0 32 0 38 0 46 0 0 -32 0 -36 
0 0 -44 0 0 0 13 -47 0 -40 0 10 0 34 0 44 0 0 9 -39 12 0 0 0 0 0 27 0 15 10 -5 0 30 47 0 27 36 -30 43 0 0 0 28 8 0 0 48 0 -12 0 6 0 -14 0 0 0 0 0 0 47 0 -41 1 0 0 -4 0 0 22 0 0 0 0 -47 0 3 0 0 0 0 -30 33 0 -44 32 28 -24 41 -28 0 
0 0 -34 0 -9 0 7 0 -35 0 0 -42 30 0 -9 0 26 0 0 46 40 0 -38 45 14 12 -23 -31 0 -14 -3 0 -28 0 0 29 -31 -42 0 0 0 0 0 0 -30 -22 0 0 0 -5 0 -41 22 38 7 0 -40 -19 0 -30 -14 31 0 0 12 0 0 0 31 0 0 26 -46 -48 21 23 -29 0 -46 31 0 0 19 0 0 0 36 0 -4 0 
0 -27 -5 0 -30 0 0 0 18 0 -27 -12 -7 0 20 -17 -42 -41 0 -20 0 -19 0 0 -5 0 -25 26 -34 -42 -4 -27 19 0 -40 -19 -43 34 -23 3 0 -27 38 27 0 12 0 0 0 38 6 9 0 0 -25 0 0 -33 -32 0 0 0 0 46 0 0 0 0 16 27 0 0 -36 0 -37 -26 0 0 31 0 0 0 0 0 31 0 -21 -7 26 -12 
27 0 -18 0 40 43 0 -49 0 0 35 0 28 11 5 -34 0 0 -24 11 0 33 -13 -19 29 0 0 0 0 31 -18 0 42 -30 0 0 0 0 0 -23 25 -38 0 0 0 13 19 0 0 0 0 0 -32 5 0 -38 0 35 26 0 32 7 -28 0 34 -37 0 -5 0 0 49 -49 -27 0 19 -35 32 -30 0 0 -49 0 7 0 24 17 43 0 30 -36 
0 24 0 4 0 0 0 -34 0 0 -46 -12 0 0 29 -43 -21 -23 0 -38 0 24 0 0 0 0 0 3 -14 0 0 0 9 -15 0 49 0 0 39 43 0 0 0 0 -45 0 0 25 40 0 44 0 0 -19 0 0 0 0 -17 31 18 16 0 -10 0 0 -8 0 0 0 0 -22 0 0 17 -30 0 33 0 0 0 0 0 -35 0 0 7 37 0 0 
0 0 -32 -13 15 0 25 0 0 0 -12 46 3 0 42 0 0 0 0 0 0 38 -15 37 0 0 0 -44 10 0 10 -5 -7 -5 0 0 0 22 -18 0 -12 0 43 0 0 28 -3 0 1 -44 0 -32 13 21 0 0 0 0 0 -32 0 0 45 0 44 0 -13 -31 47 -22 -5 -42 -48 0 22 11 38 0 19 0 7 0 30 0 0 -40 0 11 0 3 
24 0 0 0 0 0 21 0 0 48 0 0 -22 0 0 0 0 2 0 -19 -39 0 49 0 -45 0 0 -17 0 0 -15 0 0 0 -31 36 0 -41 0 0 0 0 -40 12 0 25 -31 0 43 0 44 0 0 0 0 -45 0 9 -29 9 0 0 0 0 -44 0 0 -46 15 0 0 0 0 41 0 0 0 -44 0 0 0 -35 0 -21 8 0 0 0 34 42 
-46 0 0 0 0 0 34 -15 3 0 17 0 2 0 0 0 0 10 16 -29 0 0 -6 0 36 0 -19 0 0 0 0 0 0 17 -17 0 0 0 0 -3 -48 -26 43 8 0 -37 -34 0 15 0 -3 0 0 0 35 0 0 0 -14 17 -10 -43 0 0 0 45 -36 0 0 0 0 -34 0 -32 -38 0 46 32 0 31 24 0 0 8 0 0 0 0 36 -21 
34 0 43 -3 0 0 -6 26 20 0 0 -41 0 0 0 0 -30 27 0 -49 0 2 1 44 7 -23 37 -9 32 6 0 0 -25 0 -3 -26 0 -49 0 -6 27 -30 0 0 -47 0 0 -26 0 0 0 4 1 0 28 0 47 0 0 42 0 0 0 3 0 -1 0 8 0 0 0 0 0 0 0 -17 0 28 0 0 17 0 -40 0 0 0 0 -17 0 16 
22 0 0 0 0 -32 0 0 0 0 0 0 0 44 0 -42 0 0 11 16 0 0 47 0 7 32 0 0 10 0 0 0 -23 0 27 0 26 22 0 49 0 25 -20 42 31 0 10 0 0 0 0 0 23 39 0 14 -34 23 0 16 0 -49 35 40 0 0 0 0 0 0 18 0 28 0 -29 49 0 -24 36 -21 43 7 0 0 0 0 0 7 0 35 
-35 0 -36 31 -12 0 46 0 -33 -19 0 -40 2 0 19 37 -13 40 0 0 0 32 38 -38 0 -40 -31 6 0 0 0 0 0 -31 0 0 -40 0 0 -15 0 17 0 -3 0 -26 0 -40 0 0 28 0 -39 0 0 0 -37 -43 0 0 0 -31 0 0 -38 2 0 0 -33 -25 21 -37 0 11 -24 0 -32 41 0 -7 0 37 11 0 0 -17 7 0 -2 -27 
-40 46 -24 -46 0 -30 -33 0 0 39 0 0 0 0 0 -6 0 30 0 0 0 0 8 0 -22 0 -15 48 -12 0 0 0 -36 40 0 0 47 0 0 24 0 47 29 0 0 0 -48 0 0 0 30 0 10 47 0 0 0 -42 0 0 -6 0 23 0 0 32 -44 24 0 22 0 33 0 -5 0 21 0 -28 -4 26 30 0 0 34 36 0 0 -2 -1 21 
0 0 -29 22 0 0 -25 9 0 35 0 0 0 -8 0 48 0 -21 -47 0 -47 0 0 0 0 0 49 0 -31 25 -38 -14 -30 17 0 -13 0 0 0 24 1 -22 15 -36 16 -33 0 36 4 46 0 0 10 -5 0 -29 28 0 0 -22 0 0 47 -6 14 0 0 0 -31 0 -18 0 16 24 25 0 -36 0 0 -12 -36 0 3 42 -21 16 35 -27 21 0 
