70
0 40 0 26 0 24 -2 0 -1 0 38 0 -35 0 4 0 6 0 0 0 44 37 0 0 22 -39 0 0 0 0 0 4 -21 -27 0 0 0 -45 0 0 0 0 0 0 0 27 0 0 0 0 0 0 6 0 0 0 0 5 0 0 0 0 0 0 0 0 16 0 0 0 
0 31 0 0 0 -2 0 0 0 0 0 0 0 0 -20 0 0 0 0 0 0 4 0 0 -35 0 0 0 34 0 0 0 48 0 0 0 0 18 0 0 0 -43 -47 34 -15 -1 0 0 0 0 0 -7 0 0 0 0 0 13 0 -49 0 39 36 0 0 0 0 -44 0 0 
31 0 0 -44 0 0 0 25 0 0 0 0 0 0 0 0 20 0 0 0 0 0 0 0 0 0 0 0 0 0 0 0 -41 0 36 0 0 0 42 0 0 0 0 0 0 0 7 0 0 0 0 0 0 0 0 0 0 0 0 0 0 -41 -23 0 0 0 0 0 12 19 
0 0 -39 0 0 0 0 0 0 0 0 -21 0 24 18 0 0 0 0 18 0 0 0 0 0 -22 0 0 -13 0 0 0 0 39 0 -28 0 0 21 0 0 0 0 0 0 -2 0 0 0 0 0 0 0 0 0 0 0 -21 0 0 0 0 0 0 0 0 0 0 0 0 
0 -44 0 0 -17 0 0 0 0 22 0 0 0 0 0 27 0 13 0 0 0 0 32 -16 3 0 -23 -49 0 35 12 0 0 0 0 0 0 40 -5 0 0 0 1 0 0 -35 0 0 24 0 0 0 0 0 0 0 0 0 0 0 -41 43 0 0 0 0 0 0 0 0 
0 0 0 -17 0 0 0 0 0 0 -17 0 0 0 0 0 0 0 0 0 0 39 0 0 3 0 -14 14 0 33 4 0 0 0 -22 0 0 0 0 0 0 0 43 22 0 0 0 0 -24 11 0 0 0 13 0 0 0 0 0 0 0 0 0 -19 41 16 0 0 0 0 
-2 0 0 0 0 0 0 0 11 24 0 -12 0 -30 0 0 -45 33 0 -39 0 0 0 0 0 0 16 0 0 0 0 42 -24 0 4 3 -17 0 -38 0 0 41 20 0 0 34 0 -1 0 0 14 0 0 0 0 0 0 0 0 0 0 0 10 0 0 -21 -7 -30 0 0 
0 0 0 0 0 0 0 0 0 0 0 0 0 0 0 0 0 0 0 -26 -28 39 0 0 -34 0 0 -14 8 0 0 0 0 0 0 0 0 0 15 0 0 0 0 31 0 17 0 0 0 43 45 0 15 0 44 0 0 40 35 -18 37 0 0 0 0 0 0 -31 0 0 
0 25 0 0 0 0 0 24 18 0 0 0 -32 23 -19 0 -14 0 0 0 0 0 14 4 0 0 0 -47 -36 0 0 0 19 -35 0 0 0 0 23 -40 0 0 20 0 0 0 37 0 -24 -45 32 0 0 0 0 0 5 0 0 16 0 0 0 0 0 0 0 27 6 0 
0 0 0 0 0 11 0 18 0 0 0 -49 35 0 0 0 -23 0 0 0 41 0 0 0 0 0 0 -9 0 0 0 0 0 14 -44 0 24 0 0 -42 0 0 0 0 -18 0 0 0 0 0 25 0 0 31 0 0 0 -48 0 0 20 0 0 0 0 0 0 -12 8 0 
0 0 0 22 0 24 0 0 0 0 0 0 0 0 0 0 -47 -23 -45 0 0 -14 0 0 0 -30 0 0 0 0 0 -34 0 0 0 0 0 0 0 0 0 0 -12 0 0 0 0 0 0 0 0 0 0 -37 0 0 0 0 0 36 0 0 0 0 -30 44 0 0 0 0 
0 0 0 0 -17 0 0 0 0 0 0 16 0 2 0 0 -41 0 0 0 25 0 42 0 0 44 0 0 0 -39 0 0 0 0 11 0 32 0 18 0 0 0 0 7 0 0 35 0 0 0 33 0 0 0 0 0 -5 0 0 0 0 -26 0 -19 0 30 -18 0 0 0 
0 0 -21 0 0 -12 0 0 -49 0 16 19 0 -47 0 28 0 -37 0 0 0 9 0 0 33 0 0 -42 0 0 0 -43 0 0 0 18 -8 -48 -9 0 0 0 -34 0 0 22 33 -43 0 0 0 0 0 0 0 0 0 0 0 18 0 0 0 -46 8 14 0 0 0 18 
0 0 0 0 0 0 0 -32 35 0 0 0 5 0 0 0 0 0 -44 0 0 -33 30 40 0 0 0 0 0 0 0 -16 0 0 0 -48 0 0 38 0 -11 0 0 26 0 -37 0 34 2 0 15 0 0 0 -16 19 0 46 0 0 0 0 0 0 0 0 0 0 0 -49 
0 0 24 0 0 -30 0 23 0 0 2 -47 0 0 0 4 -3 -39 0 -13 0 0 0 -33 48 0 0 30 0 0 0 0 0 0 0 0 0 0 -4 5 1 0 0 0 0 0 0 -24 0 0 0 0 33 0 0 0 0 0 0 0 0 0 0 0 5 48 0 -42 0 0 
-20 0 18 0 0 0 0 -19 0 0 0 0 0 0 0 0 0 -31 0 0 0 0 36 0 0 0 0 0 0 0 0 0 0 -43 35 0 0 0 0 0 0 0 0 15 0 0 -40 0 0 0 0 19 0 0 -49 0 0 0 -39 0 0 0 0 -8 0 0 0 0 0 0 
0 0 0 27 0 0 0 0 0 0 0 28 0 4 0 48 0 7 0 0 15 0 0 27 0 0 19 0 0 28 0 4 2 0 0 0 0 0 0 0 0 0 -48 0 0 0 0 34 0 0 0 -12 0 0 0 0 25 0 0 0 0 13 0 0 0 -7 0 0 0 0 
0 20 0 0 0 -45 0 -14 -23 -47 -41 0 0 -3 0 0 0 28 40 0 0 0 -30 0 0 0 -30 0 0 0 -48 49 0 0 2 0 0 28 0 0 0 0 0 6 35 0 0 0 0 0 0 18 0 0 0 48 0 0 0 40 0 0 16 0 0 0 0 21 0 0 
0 0 0 13 0 33 0 0 0 -23 0 -37 0 -39 -31 7 28 0 0 19 0 0 0 47 0 0 0 0 -15 0 0 0 -3 0 4 0 0 0 0 0 0 0 0 0 0 0 0 0 0 35 44 0 0 17 -38 -42 0 0 0 -10 -39 0 0 0 -1 -8 -32 0 17 0 
0 0 0 0 0 0 0 0 0 -45 0 0 -44 0 0 0 40 0 0 -2 0 29 -39 30 0 0 0 -42 3 0 0 -22 0 0 0 13 43 0 -47 -33 13 0 0 0 0 0 0 0 0 0 -40 0 0 0 0 0 0 -44 0 0 0 -31 0 0 44 0 0 0 32 -41 
0 0 18 0 0 -39 -26 0 0 0 0 0 0 -13 0 0 0 19 -2 -4 0 0 0 0 0 0 0 0 -45 0 26 0 0 0 0 0 0 0 0 0 5 0 0 11 0 0 0 0 0 47 0 49 0 0 0 0 0 -24 0 28 0 0 0 0 26 0 -46 8 -17 0 
0 0 0 0 0 0 -28 0 41 0 25 0 0 0 0 15 0 0 0 0 0 0 -42 0 0 0 0 0 0 0 0 0 0 0 -44 0 0 0 44 41 0 -17 0 0 0 0 0 0 0 0 0 0 0 -18 0 0 0 0 0 10 -2 33 0 0 -1 0 0 0 0 0 
4 0 0 0 39 0 39 0 0 -14 0 9 -33 0 0 0 0 0 29 0 0 0 0 0 0 -38 -5 15 -19 0 0 0 0 0 0 0 0 0 0 0 0 0 0 0 0 15 6 -11 -28 0 3 0 1 0 0 0 0 0 0 0 0 0 0 0 0 0 0 0 0 0 
0 0 0 32 0 0 0 14 0 0 42 0 30 0 36 0 -30 0 -39 0 -42 0 -9 0 14 0 0 0 0 0 0 -47 0 0 0 -2 0 -45 0 41 0 0 -1 0 0 0 -46 0 0 0 0 20 -22 1 0 0 -49 0 0 0 1 0 0 -24 0 0 0 19 0 -33 
0 0 0 -16 0 0 0 4 0 0 0 0 40 -33 0 27 0 47 30 0 0 0 0 0 0 0 0 -17 0 0 -11 -28 0 0 -2 0 -13 0 0 5 0 0 0 0 2 0 0 24 -33 0 0 0 -8 0 -6 0 0 -34 -14 0 18 0 0 29 0 0 0 0 0 0 
-35 0 0 3 3 0 -34 0 0 0 0 33 0 48 0 0 0 0 0 0 0 0 14 0 0 44 0 0 0 0 0 -32 0 0 46 0 0 0 0 0 0 0 0 0 0 0 -34 0 0 0 0 0 0 -31 -16 0 0 0 0 0 -33 0 -19 0 -20 0 0 0 0 0 
0 0 -22 0 0 0 0 0 0 -30 44 0 0 0 0 0 0 0 0 0 0 -38 0 0 44 0 0 -14 0 0 0 0 0 0 -23 46 0 -22 0 0 0 -40 0 0 0 0 29 0 0 -23 0 0 0 0 0 0 0 28 0 0 27 0 0 0 44 0 0 -2 0 39 
0 0 0 -23 -14 16 0 0 0 0 0 0 0 0 0 19 -30 0 0 0 0 -5 0 0 0 0 0 0 -39 0 -11 0 -48 0 -39 0 0 0 0 0 0 0 0 -32 -23 0 0 0 0 0 0 0 0 36 35 27 0 0 -34 0 49 0 0 0 0 0 0 0 0 0 
0 0 0 -49 14 0 -14 -47 -9 0 0 -42 0 30 0 0 0 0 -42 0 0 15 0 -17 0 -14 0 0 0 0 0 0 0 0 -12 0 0 0 0 0 0 -1 0 0 0 0 0 0 0 0 0 0 23 0 0 0 0 0 40 0 0 23 0 0 0 0 0 0 0 0 
34 0 -13 0 0 0 8 -36 0 0 0 0 0 0 0 0 0 -15 3 -45 0 -19 0 0 0 0 -39 0 0 -46 0 0 0 0 0 0 0 0 35 0 -35 0 -8 0 0 24 0 0 0 0 0 0 0 0 0 23 0 0 0 0 -18 -3 0 0 0 0 0 0 0 -12 
0 0 0 35 33 0 0 0 0 0 -39 0 0 0 0 28 0 0 0 0 0 0 0 0 0 0 0 0 -46 0 12 0 -31 0 0 0 0 0 0 0 0 0 0 0 0 0 0 0 -20 -32 0 0 0 0 0 0 0 0 0 0 0 0 0 0 0 0 0 30 0 0 
0 0 0 12 4 0 0 0 0 0 0 0 0 0 0 0 -48 0 0 26 0 0 0 -11 0 0 -11 0 0 12 25 0 19 0 15 0 0 0 0 0 0 20 0 0 0 0 16 0 0 0 0 0 0 0 10 0 -5 0 -14 0 0 0 30 0 0 0 6 0 0 -42 
0 0 0 0 0 42 0 0 0 -34 0 -43 -16 0 0 4 49 0 -22 0 0 0 -47 -28 -32 0 0 0 0 0 0 0 0 13 40 0 0 0 0 0 0 0 0 0 0 0 0 30 36 0 0 0 0 11 27 17 0 30 0 0 0 22 0 27 0 0 4 0 20 0 
48 -41 0 0 0 -24 0 19 0 0 0 0 0 0 0 2 0 -3 0 0 0 0 0 0 0 0 -48 0 0 -31 19 0 0 0 0 0 23 0 0 0 0 0 0 0 0 46 0 0 -6 -12 0 47 0 0 0 4 0 0 0 0 0 0 0 0 23 0 0 0 0 0 
0 0 39 0 0 0 0 -35 14 0 0 0 0 0 -43 0 0 0 0 0 0 0 0 0 0 0 0 0 0 0 0 13 0 0 24 -1 48 0 15 0 0 18 0 0 0 0 0 0 17 0 0 0 0 32 36 0 0 0 0 0 0 0 0 0 0 0 41 0 6 0 
0 36 0 0 -22 4 0 0 -44 0 11 0 0 0 35 0 2 4 0 0 -44 0 0 -2 46 -23 -39 -12 0 0 15 40 0 24 0 46 0 0 0 0 0 0 0 0 0 37 0 0 15 0 -28 0 0 0 0 -6 0 0 0 0 0 0 0 0 0 0 -6 0 0 0 
0 0 -28 0 0 3 0 0 0 0 0 18 -48 0 0 0 0 0 13 0 0 0 -2 0 0 46 0 0 0 0 0 0 0 -1 46 0 0 0 0 -40 0 0 0 0 0 0 0 0 0 40 0 0 0 0 0 -11 0 0 0 0 -13 0 0 0 0 0 0 0 0 44 
0 0 0 0 0 -17 0 0 24 0 32 -8 0 0 0 0 0 0 43 0 0 0 0 -13 0 0 0 0 0 0 0 0 23 48 0 0 0 0 0 0 0 -22 0 0 34 -29 0 -7 0 0 0 0 0 -31 -25 26 11 0 0 0 0 0 0 -39 -14 0 15 0 -48 18 
18 0 0 40 0 0 0 0 0 0 0 -48 0 0 0 0 28 0 0 0 0 0 -45 0 0 -22 0 0 0 0 0 0 0 0 0 0 0 0 0 0 0 -45 0 -41 0 -5 -12 0 14 0 -37 0 0 0 0 0 0 0 -12 0 0 -43 0 0 0 -14 0 0 0 0 
0 42 21 -5 0 -38 15 23 0 0 18 -9 38 -4 0 0 0 0 -47 0 44 0 0 0 0 0 0 0 35 0 0 0 0 15 0 0 0 0 21 -9 0 -36 0 47 0 19 0 0 0 0 0 0 0 0 0 0 -37 -9 -20 27 0 -27 0 0 0 -7 45 0 0 0 
0 0 0 0 0 0 0 -40 -42 0 0 0 0 5 0 0 0 0 -33 0 41 0 41 5 0 0 0 0 0 0 0 0 0 0 0 -40 0 0 -9 0 0 0 0 -23 0 0 0 0 0 0 -5 -34 0 0 0 -10 0 0 5 0 -44 0 0 0 0 0 0 0 -34 0 
0 0 0 0 0 0 0 0 0 0 0 0 -11 1 0 0 0 0 13 5 0 0 0 0 0 0 0 0 -35 0 0 0 0 0 0 0 0 0 0 0 0 0 0 0 0 0 0 0 0 1 0 0 0 43 0 31 0 -48 0 0 17 0 0 0 0 46 18 0 0 0 
-43 0 0 0 0 41 0 0 0 0 0 0 0 0 0 0 0 0 0 0 -17 0 0 0 0 -40 0 -1 0 0 20 0 0 18 0 0 -22 -45 -36 0 0 0 0 40 0 15 -2 0 0 0 0 0 0 38 0 0 0 -32 0 0 -44 0 0 0 0 0 15 0 38 0 
-47 0 0 1 43 20 0 20 0 -12 0 -34 0 0 0 -48 0 0 0 0 0 0 -1 0 0 0 0 0 -8 0 0 0 0 0 0 0 0 0 0 0 0 0 0 34 0 36 38 0 0 0 0 0 0 0 0 16 0 0 0 0 0 0 0 0 -7 0 0 -49 0 -13 
34 0 0 0 22 0 31 0 0 0 7 0 26 0 15 0 6 0 0 11 0 0 0 0 0 0 -32 0 0 0 0 0 0 0 0 0 0 -41 47 -23 0 40 34 25 0 -48 0 34 0 -21 0 0 0 0 0 0 0 0 0 0 0 0 0 0 -13 14 0 23 7 0 
-15 0 0 0 0 0 0 0 -18 0 0 0 0 0 0 0 35 0 0 0 0 0 0 2 0 0 -23 0 0 0 0 0 0 0 0 0 34 0 0 0 0 0 0 0 -17 -12 0 0 0 -14 0 -13 0 0 0 0 0 0 0 0 0 0 0 0 0 0 0 0 0 0 
-1 0 -2 -35 0 34 17 0 0 0 0 22 -37 0 0 0 0 0 0 0 0 15 0 0 0 0 0 0 24 0 0 0 46 0 37 0 -29 -5 19 0 0 15 36 -48 -12 -39 0 0 0 4 0 0 0 0 0 -32 0 0 0 0 0 0 0 0 0 8 0 0 0 0 
0 7 0 0 0 0 0 37 0 0 35 33 0 0 -40 0 0 0 0 0 0 6 -46 0 -34 29 0 0 0 0 16 0 0 0 0 0 0 -12 0 0 0 -2 38 0 0 0 0 0 0 0 0 -39 0 0 0 0 0 0 4 0 0 11 0 23 0 0 0 0 0 0 
0 0 0 0 0 -1 0 0 0 0 0 -43 34 -24 0 34 0 0 0 0 0 -11 0 24 0 0 0 0 0 0 0 30 0 0 0 0 -7 0 0 0 0 0 0 34 0 0 0 0 0 39 0 0 0 0 0 0 0 0 44 0 0 0 0 0 0 -34 0 -11 0 -45 
0 0 0 24 -24 0 0 -24 0 0 0 0 2 0 0 0 0 0 0 0 0 -28 0 -33 0 0 0 0 0 -20 0 36 -6 17 15 0 0 14 0 0 0 0 0 0 0 0 0 0 0 0 0 0 0 0 0 0 48 28 0 0 0 0 16 0 -32 0 0 0 0 0 
0 0 0 0 11 0 43 -45 0 0 0 0 0 0 0 0 0 35 0 47 0 0 0 0 0 -23 0 0 0 -32 0 0 -12 0 0 40 0 0 0 0 1 0 0 -21 -14 4 0 39 0 0 34 -21 0 -35 25 0 0 20 36 -37 0 0 -4 0 0 0 0 0 0 8 
0 0 0 0 0 14 45 32 25 0 33 0 15 0 0 0 0 44 -40 0 0 3 0 0 0 0 0 0 0 0 0 0 0 0 -28 0 0 -37 0 -5 0 0 0 0 0 0 0 0 0 34 -43 -18 0 -20 0 0 0 0 0 0 0 0 0 0 0 0 0 0 32 0 
-7 0 0 0 0 0 0 0 0 0 0 0 0 0 19 -12 18 0 0 49 0 0 20 0 0 0 0 0 0 0 0 0 47 0 0 0 0 0 0 -34 0 0 0 0 -13 0 -39 0 0 -21 -18 33 28 0 0 0 -6 0 0 -12 0 0 0 0 -42 0 0 0 2 0 
0 0 0 0 0 0 15 0 0 0 0 0 0 33 0 0 0 0 0 0 0 1 -22 -8 0 0 0 23 0 0 0 0 0 0 0 0 0 0 0 0 0 0 0 0 0 0 0 0 0 0 0 28 0 0 0 0 0 0 30 -36 0 -39 3 0 0 -22 0 0 47 0 
0 0 0 0 13 0 0 0 31 -37 0 0 0 0 0 0 0 17 0 0 -18 0 1 0 -31 0 36 0 0 0 0 11 0 32 0 0 -31 0 0 0 43 38 0 0 0 0 0 0 0 -35 -20 0 0 0 0 0 0 0 0 47 0 0 0 0 0 0 0 0 32 0 
0 0 0 0 0 0 44 0 0 0 0 0 -16 0 -49 0 0 -38 0 0 0 0 0 -6 -16 0 35 0 0 0 10 27 0 36 0 0 -25 0 0 0 0 0 0 0 0 0 0 0 0 25 0 0 0 0 0 0 0 0 0 0 0 0 0 0 0 0 28 0 0 0 
0 0 0 0 0 0 0 0 0 0 0 0 19 0 0 0 48 -42 0 0 0 0 0 0 0 0 27 0 23 0 0 17 4 0 -6 -11 26 0 0 -10 31 0 16 0 0 -32 0 0 0 0 0 0 0 0 0 0 0 0 47 0 35 1 0 12 45 0 -38 0 -29 0 
0 0 0 0 0 0 0 5 0 0 -5 0 0 0 0 25 0 0 0 0 0 0 -49 0 0 0 0 0 0 0 -5 0 0 0 0 0 11 0 -37 0 0 0 0 0 0 0 0 0 48 0 0 -6 0 0 0 0 0 0 0 22 0 0 0 0 0 0 37 0 0 11 
13 0 -21 0 0 0 40 0 -48 0 0 0 46 0 0 0 0 0 -44 -24 0 0 0 -34 0 28 0 0 0 0 0 30 0 0 0 0 0 0 -9 0 -48 -32 0 0 0 0 0 0 28 20 0 0 0 0 0 0 0 0 0 0 0 0 -10 41 30 4 1 0 10 0 
0 0 0 0 0 0 35 0 0 0 0 0 0 0 -39 0 0 0 0 0 0 0 0 -14 0 0 -34 40 0 0 -14 0 0 0 0 0 0 -12 -20 5 0 0 0 0 0 0 4 44 0 36 0 0 30 0 0 47 0 0 0 0 0 0 0 0 0 39 0 0 -25 32 
-49 0 0 0 0 0 -18 16 0 36 0 18 0 0 0 0 40 -10 0 28 10 0 0 0 0 0 0 0 0 0 0 0 0 0 0 0 0 0 27 0 0 0 0 0 0 0 0 0 0 -37 0 -12 -36 47 0 0 22 0 0 0 0 0 0 0 0 30 41 -7 0 0 
0 0 0 -41 0 0 37 0 20 0 0 0 0 0 0 0 0 -39 0 0 -2 0 1 18 -33 27 49 0 -18 0 0 0 0 0 0 -13 0 0 0 -44 17 -44 0 0 0 0 0 0 0 0 0 0 0 0 0 35 0 0 0 0 21 0 0 -7 0 0 0 0 28 0 
39 -41 0 43 0 0 0 0 0 0 -26 0 0 0 0 13 0 0 -31 0 33 0 0 0 0 0 0 23 -3 0 0 22 0 0 0 0 0 -43 -27 0 0 0 0 0 0 0 11 0 0 0 0 0 -39 0 0 1 0 0 0 0 0 0 0 0 0 0 0 0 0 -47 
36 -23 0 0 0 10 0 0 0 0 0 0 0 0 0 0 16 0 0 0 0 0 0 0 -19 0 0 0 0 0 30 0 0 0 0 0 0 0 0 0 0 0 0 0 0 0 0 0 16 -4 0 0 3 0 0 0 0 -10 0 0 0 0 0 0 0 0 0 0 0 -25 
0 0 0 0 -19 0 0 0 0 0 -19 -46 0 0 -8 0 0 0 0 0 0 0 -24 29 0 0 0 0 0 0 0 27 0 0 0 0 -39 0 0 0 0 0 0 0 0 0 23 0 0 0 0 0 0 0 0 12 0 41 0 0 -7 0 0 0 0 0 0 0 0 0 
0 0 0 0 41 0 0 0 0 -30 0 8 0 5 0 0 0 -1 44 26 -1 0 0 0 -20 44 0 0 0 0 0 0 23 0 0 0 -14 0 0 0 0 0 -7 -13 0 0 0 0 -32 0 0 -42 0 0 0 45 0 30 0 0 0 0 0 0 0 0 0 0 -4 0 
0 0 0 0 16 -21 0 0 0 44 30 14 0 48 0 -7 0 -8 0 0 0 0 0 0 0 0 0 0 0 0 0 0 0 0 0 0 0 -14 -7 0 46 0 0 14 0 8 0 -34 0 0 0 0 -22 0 0 0 0 4 39 30 0 0 0 0 0 0 0 0 0 0 
0 0 0 0 0 -7 0 0 0 0 -18 0 0 0 0 0 0 -32 0 -46 0 0 0 0 0 0 0 0 0 0 6 4 0 41 -6 0 15 0 45 0 18 15 0 0 0 0 0 0 0 0 0 0 0 0 28 -38 37 1 0 41 0 0 0 0 0 0 0 0 -5 -20 
-44 0 0 0 0 -30 -31 27 -12 0 0 0 0 -42 0 0 21 0 0 8 0 0 19 0 0 -2 0 0 0 30 0 0 0 0 0 0 0 0 0 0 0 0 -49 23 0 0 0 -11 0 0 0 0 0 0 0 0 0 0 0 -7 0 0 0 0 0 0 0 0 0 0 
0 12 0 0 0 0 0 6 8 0 0 0 0 0 0 0 0 17 32 -17 0 0 0 0 0 0 0 0 0 0 0 20 0 6 0 0 -48 0 0 -34 0 38 0 7 0 0 0 0 0 0 32 2 47 32 0 -29 0 10 -25 0 28 0 0 0 -4 0 -5 0 0 18 
0 19 0 0 0 0 0 0 0 0 0 18 -49 0 0 0 0 0 -41 0 0 0 -33 0 0 39 0 0 -12 0 -42 0 0 0 0 44 18 0 0 0 0 0 -13 0 0 0 0 -45 0 8 0 0 0 0 0 0 11 0 32 0 0 -47 -25 0 0 0 -20 0 18 0 
