90
-18 -40 1 24 -2 0 -1 -42 23 0 -18 0 0 0 6 -28 44 37 0 -2 0 -39 -48 35 35 0 -17 -32 0 -45 -42 -16 6 0 26 -13 6 23 0 5 0 29 43 -10 27 0 -30 -21 0 -2 -26 34 44 0 0 -15 0 0 -48 0 0 -15 -38 -38 0 -12 48 42 40 -38 -1 -39 -6 47 -35 -24 0 13 -6 0 20 13 7 -6 -40 5 -9 24 0 0 
1 0 -44 33 25 -8 49 0 48 -7 -32 20 -16 0 0 0 45 22 30 0 0 42 -13 27 4 33 0 25 -13 -2 0 25 7 29 -13 12 19 -39 -14 0 30 0 -21 12 38 -44 45 19 -39 0 -22 0 -25 -9 35 0 0 29 23 21 0 25 -8 30 -13 0 24 9 -21 49 0 0 0 0 0 -3 0 0 -17 -4 0 22 11 44 -29 13 0 -27 32 -16 
0 3 27 -1 -14 -8 38 1 -4 18 -5 14 -26 0 -35 -49 8 0 35 0 11 0 -21 0 43 0 0 21 -30 0 -15 0 -30 -17 0 -31 34 -45 39 0 -46 29 0 36 0 0 33 4 -35 -22 -17 -8 -46 8 0 0 10 -24 11 23 13 5 -26 0 10 0 8 0 16 0 -22 -35 11 24 31 0 0 -30 -30 -38 -18 -39 0 -3 0 0 16 47 -12 37 
-44 27 -22 19 -3 0 2 48 -6 0 20 0 -16 0 0 -1 -8 0 0 -16 39 0 -21 2 0 -21 -7 -30 0 0 0 0 -8 -22 0 5 25 37 0 39 -20 35 0 -14 8 -17 0 12 -20 0 -23 0 -34 0 40 -30 0 43 45 -20 -34 5 -6 38 19 0 37 0 20 0 43 0 0 0 24 18 -28 -32 23 -19 9 0 -5 0 0 14 4 0 0 -41 
33 -1 19 23 -48 20 0 -35 42 -44 -13 -7 20 -11 37 0 -24 -45 32 0 -7 -30 20 16 7 46 -24 0 45 29 -6 0 0 42 -23 -32 41 -23 0 -26 -38 -39 38 25 -19 43 0 -42 47 19 0 -1 31 0 48 31 0 11 4 -34 -4 0 1 -12 8 -8 0 -3 -15 -21 -5 12 -14 0 0 -15 -9 -44 -34 24 -21 0 16 -12 -1 0 0 -48 0 0 
25 -14 -3 -48 -37 0 0 10 36 0 0 29 0 0 44 0 37 -6 -5 42 29 0 0 -26 -35 42 0 0 44 0 0 -35 8 13 -41 32 -8 -44 -38 -31 0 35 23 33 0 9 29 0 -22 0 -26 0 -19 22 0 -18 46 19 0 -47 4 0 -11 39 -6 0 33 -40 0 -42 -12 -43 3 18 -8 -48 -9 0 31 26 -20 32 0 -43 7 0 -46 -49 0 18 
-8 -8 0 20 0 0 41 19 0 4 39 34 0 5 -3 4 12 0 -33 30 40 -4 37 -7 -14 0 -48 -4 0 -3 -49 0 26 25 13 36 1 15 -17 -16 19 -20 34 0 47 10 0 -29 0 0 -18 0 -3 -39 0 -13 -6 -33 48 -42 21 3 9 0 -47 0 -18 12 0 -22 0 -14 0 0 -6 0 33 -45 -10 14 21 -24 47 -42 16 0 0 -31 0 -5 
49 38 2 0 0 41 36 -9 1 6 0 -43 35 -3 -27 0 -34 -6 -40 38 10 6 -49 36 -39 16 9 0 17 7 48 8 0 0 0 15 3 -42 0 19 -29 46 4 2 0 13 7 -41 20 0 0 2 0 -13 -12 -16 20 -34 0 48 -39 -11 -26 -12 28 40 -8 -30 14 -30 -39 -48 49 0 0 2 30 10 10 38 4 0 30 -46 18 0 10 0 32 -10 
0 1 48 -35 10 19 -9 -48 16 0 16 21 0 31 19 15 47 -9 0 -15 -6 -3 0 4 32 -31 0 20 -6 -42 -42 47 17 -38 -42 -27 -10 -39 0 0 17 0 -8 -32 -14 -49 -2 0 29 -39 30 0 -45 3 -3 -3 20 0 13 43 0 -47 -33 13 0 16 19 0 -41 0 -36 0 0 0 -44 0 47 -31 -46 10 0 32 -41 -4 -20 45 0 -35 0 28 
48 -4 -6 42 36 0 1 16 47 0 -34 -10 5 0 -34 0 38 0 0 47 -40 0 46 38 0 0 36 41 -36 3 -46 8 -17 -6 -42 -29 -1 0 -1 -39 -42 38 -48 17 -23 17 0 0 0 -49 37 38 -15 0 40 -41 -8 0 21 0 -33 -16 41 17 -38 -5 15 -19 -4 -26 -31 -42 20 -16 -20 -27 -25 16 0 4 -30 0 24 27 -25 0 0 17 45 -22 
-7 18 0 -44 0 4 6 0 0 39 -5 -8 0 0 -23 -2 0 -45 0 41 38 -11 0 7 0 0 -45 20 -22 1 20 -36 14 -29 -33 31 -4 16 -23 0 -14 -35 -23 -37 17 -2 -33 0 -34 0 29 -2 7 0 24 -33 -45 -8 35 -38 -34 -14 -16 -23 29 0 -36 0 0 -6 10 29 -32 -12 29 0 11 43 40 -34 40 -2 -31 -16 28 9 -9 -19 3 -10 
-32 -5 20 -13 0 39 0 16 -34 -5 13 30 17 0 0 -39 -23 46 -31 9 -29 36 -35 -36 21 -22 3 -43 42 0 27 8 44 -31 18 39 -14 -17 -11 -3 -18 -4 26 49 -1 -1 25 14 -35 36 35 27 1 13 49 4 5 0 0 0 18 42 35 -31 0 1 -1 34 -42 -37 40 0 33 31 44 0 23 -49 -25 -6 -46 49 24 -9 -41 -35 0 -8 0 -44 
20 14 0 -7 29 34 -43 21 -10 -8 30 15 -26 -32 -4 0 -18 39 -24 32 -41 -27 20 12 0 -31 31 0 -39 0 0 0 -47 0 0 -20 -32 15 0 3 0 7 -9 0 0 12 -19 25 48 14 0 34 40 -12 42 2 14 33 10 10 25 -33 0 -32 46 38 -40 -6 -42 -4 -15 40 0 0 -45 -8 -38 30 36 0 0 0 -10 0 27 17 48 -46 0 22 
-16 -26 -16 20 0 0 35 0 5 0 17 -26 32 3 4 0 20 -19 36 0 0 24 0 43 0 46 26 0 19 -27 0 0 -18 4 0 -22 -35 -8 -4 -30 -30 -7 0 48 0 15 0 30 0 -15 0 17 0 0 31 36 0 48 -25 9 0 0 0 41 0 6 25 25 0 42 0 37 6 42 37 15 -17 0 0 -29 -6 0 23 1 -16 -6 19 21 19 0 
0 0 0 -11 0 5 -3 31 0 0 0 -32 3 0 2 -39 0 -28 47 -14 -11 0 0 -6 -28 20 33 0 44 0 0 26 -22 -34 0 17 25 -3 0 26 -31 -25 26 11 0 20 -39 -14 20 -48 0 0 18 -15 -23 41 -30 -5 -12 -2 -19 -10 34 35 -12 3 -44 -7 10 30 21 -9 0 -36 24 0 0 19 -14 -18 0 5 -37 -9 -20 27 0 -27 0 38 
0 -35 0 37 44 -3 -27 19 -34 -23 0 -4 4 2 0 0 45 40 45 -35 -44 0 0 -16 0 15 21 49 43 5 -1 -5 0 0 -31 -34 -41 26 -26 38 0 -24 43 -14 8 39 0 17 -21 -26 16 19 0 -8 0 47 -20 18 -7 0 0 38 0 0 19 -34 -44 0 0 -20 38 -47 29 36 38 0 0 0 -18 36 36 -1 0 -10 -7 0 0 -49 -39 -12 
0 -49 -1 0 0 4 0 15 0 -2 -39 0 0 -39 0 39 0 0 0 -2 -22 34 -43 32 -7 -23 0 0 -14 0 7 0 -17 -12 0 -21 4 -13 38 0 18 0 34 43 2 33 25 0 4 0 31 0 -32 2 36 -38 8 -20 0 28 46 -36 0 32 -6 -42 11 28 -46 -49 29 0 -46 0 0 0 -43 2 44 7 0 0 0 -34 0 -11 29 -27 39 0 
45 8 -8 -24 37 12 -34 47 38 0 -23 -18 20 0 45 0 10 0 48 28 0 0 10 0 -15 10 7 0 0 34 -21 -9 -44 -38 20 36 -37 0 0 -4 0 0 3 -24 -35 29 19 39 25 -14 18 28 -46 -4 0 0 28 -46 -6 14 43 0 -38 0 25 22 -26 41 0 0 30 -36 0 -39 3 44 8 0 47 0 -10 17 47 25 37 -13 13 13 0 0 
22 0 0 -45 -6 0 -6 -9 0 -45 46 39 -19 -28 40 0 0 -41 17 46 -10 0 7 47 0 35 1 -14 4 -41 0 -19 -28 0 -5 43 0 0 0 31 0 -31 11 -30 -21 8 0 -30 36 -42 0 0 10 0 0 0 -38 39 -40 -23 3 41 -35 11 -30 0 0 0 -44 40 -7 32 16 10 12 44 35 44 39 -38 -29 0 -11 0 0 0 0 2 0 -32 
30 35 0 32 -5 -33 -40 0 0 0 -31 -24 36 47 45 0 48 17 44 -8 -5 -20 48 -28 29 -11 -13 -23 49 24 0 -21 42 -42 0 0 0 1 -15 0 0 44 -12 -16 3 -13 -36 -1 -37 0 0 12 -42 48 0 31 0 -14 29 0 0 -29 23 -20 32 -24 0 11 0 23 -39 -18 0 2 -17 0 0 34 16 43 0 0 0 0 28 -17 -38 26 -33 0 
0 0 -16 0 42 30 38 -15 47 41 9 32 0 -14 -35 -2 28 46 -8 -34 -2 46 -2 -3 0 1 0 -25 -43 28 33 21 -27 0 0 -43 48 -41 44 -30 10 9 0 -23 -18 -9 2 1 0 0 9 -36 0 48 0 25 31 -26 -5 -21 9 25 46 18 19 -31 -29 -38 39 12 21 -29 49 7 -32 0 0 20 -26 8 -47 7 0 0 42 0 16 -30 -14 -30 
0 11 39 -7 29 40 10 -6 -40 38 -29 -41 0 -11 -44 -22 0 -10 -5 -2 28 0 0 35 -10 8 0 0 -11 -29 11 26 -8 0 48 4 0 0 -27 -24 15 -48 34 0 41 -2 40 45 0 -13 0 -10 0 9 -9 0 0 0 -4 -32 -40 0 19 -10 31 0 -14 -31 2 37 -17 -49 -23 43 -5 -36 -14 -5 0 -12 1 -18 19 -42 -37 0 -5 -21 -49 10 
42 0 0 -30 0 -4 6 -3 0 -11 36 -27 24 0 0 34 0 0 -20 46 0 24 0 -9 0 45 -6 -44 -11 13 0 -20 0 -17 0 -32 -41 42 -5 20 47 32 -37 -44 0 -15 49 0 -44 -43 1 0 15 0 -10 2 0 0 -6 0 10 -7 2 3 0 26 -18 28 32 -1 0 -23 -10 0 -39 -19 0 -6 -27 0 -43 0 0 19 13 -13 -16 7 -27 -42 
-13 -21 -21 20 0 37 -49 0 46 0 -35 20 0 0 0 -43 10 7 48 -2 0 0 -17 0 0 11 36 15 0 0 35 -3 -11 38 -32 49 45 -14 29 0 31 18 -22 0 -7 0 37 7 -46 45 33 36 8 31 35 0 0 -30 35 43 47 0 8 -7 -37 37 -12 -19 0 -37 0 -40 0 20 -9 39 -24 43 46 44 0 -9 14 29 0 -37 0 32 -1 7 
27 0 2 16 -26 -7 36 4 38 7 -36 12 43 -6 -16 32 0 47 -28 -3 35 -9 0 -28 18 8 -37 -48 38 0 -15 49 0 11 -33 -3 -19 -7 -20 -2 -15 -32 -31 33 45 -34 -44 -11 18 -25 -23 0 0 13 42 -33 9 -38 -39 0 0 5 -32 0 -9 -41 5 5 0 -21 12 -1 47 -24 -35 -46 37 -45 -2 0 -20 0 40 0 0 0 -31 -36 0 0 
4 43 0 7 -35 -14 -39 32 0 0 21 0 0 -28 0 -7 -15 0 29 0 -10 0 0 18 -42 -29 26 -28 34 0 24 -9 -42 -3 -47 41 21 49 30 0 0 -39 -39 -8 -11 -1 0 0 0 23 0 8 44 0 30 -21 30 43 0 0 -44 -42 0 13 -17 36 38 0 14 -6 -11 -26 0 20 47 -35 -17 -19 0 0 0 10 -18 31 0 6 0 0 0 0 
33 0 -21 46 42 0 16 -31 0 0 -22 -31 46 20 15 -23 10 35 -11 1 8 45 11 8 -29 21 -14 0 0 43 0 -10 30 0 15 0 -24 35 6 0 0 -23 -24 -23 33 -16 30 0 41 43 0 -13 38 0 -12 0 -34 -20 38 18 -22 0 44 15 -31 20 33 -20 40 -30 -48 -22 0 44 12 0 -23 0 0 49 -19 -11 41 0 -46 -48 0 17 0 0 
0 0 -7 -24 0 -48 9 0 36 -45 3 31 26 33 21 0 7 1 -13 0 0 -6 36 -37 26 -14 6 24 0 -36 -44 0 0 -9 -10 -41 8 36 40 0 -30 0 0 0 0 0 -8 -5 -1 0 1 11 -49 0 0 32 38 43 8 -26 0 -5 -3 -42 33 0 24 43 0 -34 6 0 -36 27 -44 -41 0 0 0 -46 -6 26 -13 -19 39 0 -32 0 0 -32 
25 21 -30 0 0 -4 0 20 41 20 -43 0 0 0 49 0 0 -14 -23 -25 0 -44 15 -48 -28 0 24 35 20 33 -39 0 31 0 15 -20 -2 0 13 -3 -47 26 0 0 -26 7 9 3 12 0 13 15 2 -22 0 0 -49 -9 39 -41 -44 41 0 0 47 49 23 6 -14 -34 13 45 41 0 -46 -43 44 0 0 0 23 -40 24 0 -31 31 -45 43 -38 0 
-13 -30 0 45 44 0 17 -6 -36 -22 42 -39 19 44 43 -14 0 4 49 -43 -11 -11 0 38 34 0 0 20 0 -31 -3 0 -19 -43 32 -16 43 49 0 35 19 -23 -2 21 -16 0 -18 0 -1 0 -7 7 40 -16 0 0 0 36 5 46 45 -47 0 10 0 -4 -20 -49 0 6 30 -4 0 28 -27 25 9 48 17 0 3 32 -18 -49 0 -32 28 -33 10 0 
-2 0 0 29 0 -3 7 -42 3 1 0 0 -27 0 5 0 34 -41 24 28 -29 13 0 0 0 43 -36 33 -31 -26 21 -32 7 0 0 -19 0 6 0 -33 45 43 5 22 -24 45 0 10 -32 -32 0 0 1 29 0 13 36 0 0 -10 17 28 0 -14 31 32 -14 38 38 32 -42 -11 41 -48 35 0 -22 0 40 9 0 33 15 -32 46 41 0 40 -27 -19 
0 -15 0 -6 0 -49 48 -42 -46 20 27 0 0 0 -1 7 -21 0 0 33 11 0 35 -15 24 0 -44 -39 -3 21 0 -21 -4 -21 0 0 -16 0 46 -48 0 0 -40 2 -25 -31 3 0 -29 -5 -31 0 38 -19 -21 0 -26 41 -44 -45 14 -10 49 -38 0 -22 31 -9 -3 0 -14 23 0 0 -3 0 38 0 0 -49 9 -14 -11 0 0 0 -49 2 -5 -43 
25 0 0 0 -35 0 8 47 8 -36 8 0 0 26 -5 0 -9 -19 -21 21 26 -20 -3 49 -9 -10 0 0 0 -32 -21 0 -38 0 0 14 27 34 2 -40 0 0 -22 12 0 -18 0 28 -32 -14 0 -40 33 36 0 -27 -41 46 -2 -27 -29 17 -10 -45 31 0 -22 15 12 16 -43 -24 0 13 1 0 -29 -23 -14 0 0 39 7 3 0 -28 -43 -44 36 -23 
7 -30 -8 0 8 26 0 17 -17 14 44 -47 -18 -22 0 -17 -44 -28 42 -27 -8 0 -11 0 -42 30 0 31 -19 7 -4 -38 34 0 0 29 35 23 14 0 14 43 20 -31 -13 -30 0 -48 8 21 0 37 25 -10 0 0 0 29 12 8 0 10 -39 0 -36 23 22 0 1 28 20 -40 -21 -48 0 9 12 -46 0 17 11 35 24 20 0 0 -47 29 36 0 
29 -17 -22 42 13 25 0 -38 -6 -29 -31 0 4 -34 0 -12 -38 0 -42 0 0 -17 38 11 -3 0 -9 0 -43 0 -21 0 0 -44 -21 23 -1 0 23 -42 -12 0 -33 -4 0 -5 0 0 -26 43 0 0 0 42 0 -26 -5 39 -45 -18 14 0 29 0 -12 6 0 40 41 -26 -45 -12 25 2 0 1 0 17 31 20 17 4 -37 39 -10 -22 25 36 0 0 
-13 0 0 -23 -41 13 0 -42 -42 -33 18 0 0 0 -31 0 20 -5 0 0 48 0 -32 -33 -47 15 -10 15 32 0 0 0 0 -21 7 26 30 0 -14 0 -45 -8 44 19 -36 -49 0 -22 -4 -4 40 -35 46 0 11 -18 27 -45 19 0 0 -1 -13 -24 5 43 24 3 14 -20 40 -11 -48 0 0 0 23 28 44 30 44 0 -7 0 -45 46 -9 0 48 0 
12 -31 5 -32 32 36 15 -27 -29 31 39 -20 -22 17 -34 -21 36 43 0 -43 4 -32 49 -3 41 0 -41 -20 -16 -19 0 14 29 23 26 -15 -49 44 -47 -46 43 -39 0 20 32 23 38 -39 -35 0 -24 -20 0 -15 0 -12 -14 13 0 -10 2 -37 -22 0 0 0 -25 39 -3 17 32 -37 37 10 0 49 -2 0 0 32 -17 29 0 24 -11 -49 -11 -35 -36 -44 
19 34 25 41 -8 1 3 -10 -1 -4 -14 -32 -35 25 -41 4 -37 0 0 48 0 -41 45 -19 21 -24 8 -2 43 0 -16 27 35 -1 30 -49 0 31 -3 -45 0 0 -36 3 0 0 -12 40 -20 -33 16 -22 17 -38 -22 4 1 -33 2 -18 0 22 0 0 14 0 -1 0 25 21 -30 0 0 -19 -39 -1 2 18 0 39 -15 45 28 45 -16 5 0 0 31 -26 
-39 -45 37 -23 -44 15 -42 -39 0 16 -17 15 -8 -3 26 -13 0 0 1 -41 0 42 -14 -7 49 35 36 0 49 6 0 34 23 0 0 44 31 0 -39 -2 -30 31 0 -35 1 0 0 0 14 26 7 -48 0 0 -6 46 -31 -34 40 -6 -35 0 17 0 0 0 24 -38 15 -27 -43 40 -3 -6 10 17 -49 -26 -34 21 0 0 41 12 0 3 0 7 24 25 
-14 39 0 0 -38 -17 0 0 -1 -23 -11 0 -4 0 -26 38 0 0 -15 44 -27 -5 29 -20 30 6 40 13 0 0 46 2 14 23 -14 -47 -3 -39 0 -22 42 0 19 0 47 5 11 0 0 32 35 -4 -26 -20 13 -45 12 17 -19 29 -14 -23 -38 41 -8 -25 0 -12 0 0 -44 -8 34 -19 0 10 4 -14 39 -28 40 -34 -45 -29 0 11 0 -38 -46 -9 
0 0 39 -26 -31 -16 19 0 -39 0 -3 3 -30 26 38 0 -4 31 0 -30 -24 20 0 -2 0 0 0 -3 35 -33 -48 -40 0 -42 0 -46 -45 -2 -22 19 -44 -3 -13 8 -49 -10 35 -13 -6 39 -2 0 0 -14 6 7 -26 0 2 7 18 9 -10 16 0 41 22 -16 28 32 39 0 47 -34 -26 0 0 0 -13 35 0 0 0 -32 -17 -8 18 0 0 44 
30 -46 -20 -38 0 19 -29 17 -42 -14 -18 0 -30 -31 0 18 0 0 0 10 15 47 31 -15 0 0 -30 -47 19 45 0 0 14 -12 -45 43 0 -30 42 -44 24 19 3 0 -36 -28 7 21 -39 15 11 35 -7 0 47 -36 0 0 22 -23 12 30 21 7 0 9 -21 0 31 45 21 -17 -3 8 -22 24 -33 4 38 0 12 -35 0 0 -30 -12 -17 -29 2 27 
0 29 35 -39 35 -20 46 0 38 -35 -4 7 -7 -25 -24 0 0 -31 44 9 -48 32 18 -32 -39 -23 0 26 -23 43 0 0 43 0 -8 -39 0 31 0 -3 19 0 -45 25 18 49 -29 41 -8 37 0 28 -35 0 35 -46 43 0 0 8 49 0 0 33 -39 0 11 -36 18 -33 22 0 49 0 -9 9 0 8 -48 -21 5 -17 8 7 -7 18 -27 -29 -45 0 
-21 0 0 38 23 34 4 -8 -48 -23 26 -9 0 26 43 34 3 11 -12 0 34 -37 -22 -31 -39 -24 0 0 -2 5 -40 -22 20 -33 44 0 -36 0 19 -13 3 -45 46 0 -47 28 15 -11 43 7 0 0 27 -24 -22 0 -24 -46 -28 -17 -15 -33 31 10 0 0 0 0 17 -43 42 -20 -40 5 -41 -22 0 35 30 49 45 37 9 0 -38 -42 42 9 44 26 
12 36 -14 25 33 0 2 -32 17 -37 49 0 48 11 -14 43 -24 -30 -16 -23 0 -44 0 33 -8 -23 0 0 21 22 2 12 -31 -4 19 20 3 -35 0 8 0 25 0 26 21 -10 0 -20 -8 0 -31 -48 2 10 0 32 -46 0 -22 32 0 -15 15 17 0 -32 -24 -7 35 22 37 21 36 3 -20 -49 29 40 -2 -12 -46 0 -34 0 -7 9 -8 40 -46 11 
38 0 8 -19 0 47 0 -14 -23 17 -1 0 0 0 8 2 -35 -21 3 -18 41 0 -7 45 -11 33 0 -26 -16 -24 -25 0 -13 0 -36 32 0 1 47 -49 -36 18 -47 21 12 -36 -49 35 -8 -35 -34 -34 0 0 -8 -46 0 -49 -37 -39 9 32 -35 0 0 0 0 -19 0 -14 0 45 -44 0 0 -5 0 0 0 0 -23 25 -41 45 12 30 35 -31 37 0 
-44 0 -17 43 9 10 13 -49 17 -2 -1 12 15 20 39 33 29 8 -13 -9 -2 -15 0 -34 -1 -16 0 7 0 45 -31 -18 -30 -5 -49 23 0 0 5 -10 -28 49 28 -10 -36 6 -32 0 0 36 27 0 -12 0 49 0 0 -32 0 0 0 38 44 -26 0 13 0 -41 29 -31 14 21 0 37 34 20 35 37 0 -10 20 -44 -19 -24 0 0 43 25 31 -11 
45 33 0 0 29 0 7 -2 0 -33 25 -19 0 -39 0 25 19 0 -36 2 40 49 37 -44 0 30 -8 9 -18 0 3 0 0 0 0 38 -12 0 11 35 7 -29 15 0 -49 -32 0 0 48 20 -14 0 -29 0 -49 44 0 -46 5 0 18 18 38 5 -42 -6 30 6 -4 -12 14 -43 0 -44 0 0 -32 -21 0 -34 -43 49 -11 26 -21 32 -38 0 36 40 
19 4 12 -42 0 -29 -41 0 0 0 14 25 30 -14 17 0 39 -30 -1 1 45 0 7 -11 0 0 -5 3 0 10 0 28 -48 0 -22 -39 40 0 0 -13 21 41 -11 -20 35 0 0 -24 -19 0 0 0 0 0 47 34 0 16 6 26 22 30 -37 -46 -15 12 49 -33 0 0 3 0 -39 0 47 -17 -46 36 -23 -42 0 43 -29 -33 0 6 -35 0 0 -7 
-39 -35 -20 47 -22 0 20 29 0 -34 -35 48 0 20 -21 4 25 36 -37 0 0 -44 -46 18 0 41 -1 12 -1 -32 -29 -32 8 -26 -4 -35 -20 14 0 -6 -39 -8 43 -8 -8 0 48 -19 -45 18 10 46 33 22 -2 -37 11 30 -34 0 35 48 44 0 48 12 -23 25 0 -20 0 -21 48 32 -45 0 34 0 26 -49 0 40 11 -22 -36 12 7 23 37 0 
0 -22 0 19 0 0 0 -39 -49 0 36 14 -15 -48 -26 0 -14 -42 0 0 -13 -43 45 -25 23 43 0 0 0 -32 -5 -14 21 43 -4 0 -33 26 32 39 15 37 7 0 -35 36 20 0 18 1 -11 0 44 -30 0 -34 -46 -20 0 -14 0 -25 0 0 0 0 45 0 42 34 33 0 28 0 -38 -49 0 4 47 0 -16 -11 0 0 37 0 6 14 9 -31 
-22 -17 -23 0 -26 -18 0 30 37 29 35 0 0 0 16 31 18 0 0 9 0 1 33 -23 0 0 1 13 -7 0 -31 0 0 0 40 -24 16 7 35 -2 11 0 0 -31 -34 27 -14 0 10 -11 -37 36 -31 39 -48 36 42 0 0 17 -11 21 -16 -18 0 35 0 -14 0 5 19 -49 36 8 17 0 27 -17 -40 0 -23 42 -31 0 24 0 10 -27 -41 -33 
0 -8 0 -1 0 0 2 0 38 -2 27 34 17 0 19 0 28 0 12 -36 -10 0 36 0 8 -13 11 15 7 0 0 -40 37 0 -35 -20 -22 -48 -4 0 35 28 0 -48 -34 0 0 0 46 0 36 42 18 -47 -24 -12 -38 38 0 -2 -43 0 34 0 -32 -31 -24 49 -16 0 -3 -40 -49 37 -45 0 -40 30 -45 0 -37 12 0 0 0 -15 -12 37 36 -26 
-25 -46 -34 31 -19 -3 0 -45 -15 7 1 40 0 18 0 -32 -46 10 -42 0 0 15 8 0 44 38 -49 2 40 1 38 33 25 0 46 0 17 0 -26 0 -7 -35 27 2 0 -12 -29 0 33 44 -31 18 0 16 -44 0 -32 -32 -6 44 21 0 -33 0 41 0 40 0 13 47 0 13 0 -2 -40 18 -33 27 27 0 17 -35 0 27 -29 22 0 0 6 0 
-9 8 0 0 22 -39 -13 3 0 0 13 -12 0 -15 -8 2 -4 0 48 48 9 0 31 13 0 0 0 -22 -16 29 -19 36 -10 42 0 -15 -38 0 -20 -14 0 0 -24 10 0 0 0 0 22 -30 39 -47 16 0 14 -46 13 0 -3 0 0 0 11 -35 27 5 -7 39 -3 -30 -23 47 15 0 38 16 -21 30 21 0 0 0 6 -32 0 -4 0 0 27 31 
35 0 40 48 0 0 -12 -3 40 24 49 42 31 -23 0 36 0 0 0 0 -9 -10 35 42 30 -12 0 0 0 0 -21 0 0 0 11 0 -22 -6 13 6 47 35 -22 0 -8 49 -49 47 -2 0 -48 -24 -44 14 20 0 15 0 25 0 -3 0 -3 -36 -35 -12 45 0 49 14 -3 16 37 -41 29 -14 0 0 0 24 -42 42 0 -26 44 0 -38 14 0 26 
0 0 -30 31 -18 -13 -16 -3 -41 -33 4 2 36 41 47 -38 0 0 31 25 0 2 0 -33 -21 0 32 0 0 13 0 -27 0 -26 -18 -12 4 46 -45 7 -36 -46 0 32 -46 0 44 34 -37 -34 36 -12 0 -46 0 -16 -31 32 44 -43 0 -39 -49 2 39 15 -33 14 48 -42 38 1 -25 39 17 0 0 -31 -44 0 6 -39 0 -24 -26 -3 -42 -11 0 0 
0 10 0 0 46 -6 20 20 -8 -45 5 14 0 -30 -20 8 28 -38 0 31 0 0 0 9 30 -34 38 -49 0 36 -26 -41 0 -5 27 -14 1 -31 12 -26 0 43 -24 -46 0 0 0 0 11 -46 42 -38 -32 13 15 -31 -44 -35 -27 14 -40 -18 0 -34 -33 0 28 -10 0 -19 -26 22 -4 0 -17 -39 6 -35 -14 34 -4 30 5 0 -7 27 -18 -24 -9 23 
29 -24 43 11 19 -33 -34 0 0 -8 0 33 48 -5 18 -20 -46 39 -14 -26 0 0 -30 -38 43 -20 43 -9 36 0 41 46 29 39 -45 13 -33 -34 17 0 0 0 -46 0 -49 -32 -46 16 30 -20 0 38 -32 0 0 32 -35 0 9 0 4 43 -30 13 -14 -15 3 0 -2 -39 9 -15 0 25 -39 0 12 -4 0 40 0 -41 32 0 -36 10 -35 26 46 -38 
23 11 45 4 0 48 0 13 21 35 0 10 -25 -12 -7 0 -6 -40 29 -5 -4 -6 35 -39 0 38 8 39 5 0 -44 -2 12 -45 19 0 2 40 -19 2 22 0 -28 -22 -37 0 5 6 -34 0 0 0 -6 -3 25 44 -27 9 18 7 -48 -32 25 35 4 14 -33 22 0 28 35 -35 -17 -44 29 0 0 0 0 0 0 -39 37 39 -39 39 -2 -13 -33 -49 
21 23 -20 -34 -47 -42 48 43 0 -38 0 10 9 -2 0 28 14 -23 0 -21 -32 0 43 0 0 18 -26 -41 46 -10 -45 -27 8 -18 0 -10 -18 -6 29 7 -23 8 -17 32 -39 0 0 26 0 -14 17 -2 44 0 0 -43 14 0 7 -37 -48 -16 -15 48 -19 8 -42 0 -11 11 0 0 -16 -33 0 42 -1 -15 -43 7 0 31 35 0 0 38 0 13 0 17 
0 13 -34 -4 4 21 -39 0 -33 -34 18 25 0 -19 0 46 43 3 0 9 -40 10 47 0 -44 -22 0 -44 45 17 14 -29 0 14 0 2 0 -35 -14 18 12 49 -15 0 9 0 18 22 35 0 -11 -43 21 0 -3 0 -40 4 -48 -48 -2 32 11 -48 -29 -16 -10 0 10 25 0 30 7 39 33 46 0 -43 -38 21 -31 0 40 -25 41 0 -10 48 17 -5 
25 5 5 0 0 3 -11 -47 -16 -14 42 -33 0 -10 38 -36 0 41 -29 25 0 -7 0 5 -42 0 -5 41 -47 28 -10 17 10 0 -1 -37 22 0 -23 9 30 0 -33 -15 32 38 18 30 48 -25 21 0 0 0 0 -39 -18 43 -32 -16 32 -2 -2 18 8 -36 -27 9 -11 34 1 7 0 0 23 18 -7 -40 0 0 1 0 -20 -2 41 0 3 28 -46 5 
-8 -26 -6 1 -11 9 -26 -33 41 -16 35 0 0 34 0 0 -38 -35 23 46 19 2 8 -32 0 44 -3 0 0 0 49 -10 -39 29 -13 -22 0 17 -38 -10 21 0 31 15 -35 44 38 -37 44 0 -16 34 -33 11 -3 -49 0 -30 25 -15 11 -2 -47 -41 -46 18 -20 -13 0 30 29 0 0 0 38 -16 -47 -41 -36 29 32 31 -23 0 -7 -48 14 -13 -6 42 
30 0 38 -12 39 0 -12 13 17 -23 -31 -32 41 35 0 32 0 11 -20 18 -10 3 -7 0 13 15 -42 0 10 -14 -38 -45 0 0 -24 0 0 0 41 16 7 33 10 17 0 -26 5 -46 0 0 -18 0 0 -35 -36 2 -34 13 35 48 -48 18 -41 23 6 -39 12 33 0 -46 0 0 29 42 36 0 -37 -28 -14 -40 3 2 -22 0 11 0 13 -31 -5 -18 
-13 10 19 8 -6 -47 28 0 -38 29 0 46 0 -12 19 -6 25 -30 32 19 31 0 -37 -9 -17 -31 33 47 0 31 0 31 -36 -12 5 0 14 0 -8 0 0 -39 0 0 0 0 -42 -15 48 0 0 -32 41 27 -35 39 -33 -14 4 -19 -29 8 -46 6 45 0 -39 -33 -7 27 0 -12 45 -47 48 0 8 -40 0 41 0 -47 -24 21 34 25 0 4 8 0 
0 0 0 -8 0 0 40 16 -5 0 1 38 6 3 -34 -42 22 0 -24 -31 0 26 37 -41 36 20 0 49 -4 32 -22 0 23 6 43 0 0 0 -25 41 9 0 0 -32 0 13 -6 12 12 0 35 -31 0 5 -12 15 0 -15 14 8 -16 -36 18 -39 0 0 -28 -20 43 36 -12 -31 47 7 0 0 0 23 0 -6 33 -45 -6 -30 0 28 0 0 39 40 
24 8 37 0 33 -18 -8 19 15 -36 -1 -40 25 -44 -44 11 -26 0 0 -29 -14 -18 -12 5 38 33 24 23 -20 -14 31 -22 22 0 24 -25 -1 24 0 22 -21 11 0 -24 0 0 30 49 -23 45 0 -24 40 -7 45 -33 28 3 -33 -42 -10 -27 -20 12 -39 -28 15 -20 0 -33 30 -38 -20 31 0 1 -22 -16 -10 0 47 -18 -25 0 -29 -3 9 -1 0 0 
9 0 0 -3 -40 12 -30 0 -19 0 34 -6 25 -7 0 28 41 0 11 -38 -31 28 -19 5 0 -20 43 6 -49 38 -9 15 0 40 3 39 0 -38 -12 -16 0 -36 0 -7 -19 -41 6 -33 25 0 -14 49 0 39 0 14 -10 0 22 0 0 9 -13 33 -33 -20 -20 26 -36 46 -41 -16 -32 0 46 -30 16 26 2 -41 37 -31 47 0 -45 -43 24 0 25 49 
-21 16 20 -15 0 0 14 -41 -4 0 -42 -42 0 10 0 -46 0 -44 0 39 2 32 0 0 14 40 0 -14 0 38 -3 12 1 41 14 -3 25 15 0 28 31 18 17 35 0 29 -4 0 0 42 0 -16 13 -3 49 48 0 -2 0 -11 10 -11 0 0 -7 43 0 -36 0 -29 -9 4 -48 0 -35 0 -45 0 0 0 40 0 0 -14 18 -26 0 -2 0 -34 
49 0 0 -21 -42 -22 -30 0 -26 -6 -37 -4 42 30 -20 -49 0 40 23 12 37 -1 -37 -21 -6 -30 -34 -34 6 32 0 16 28 -26 -20 17 21 -27 0 32 45 -33 -43 22 -14 -31 -12 0 -20 34 5 0 47 -30 14 -42 -19 -39 28 11 25 34 30 -46 27 36 -33 46 -29 46 -41 7 -49 9 -48 0 18 0 32 -34 -32 -16 0 44 -47 -13 -44 0 0 29 
0 -22 43 -5 -12 0 -39 -36 -31 10 40 -15 0 21 38 29 30 -7 -39 21 -17 0 0 12 -11 -48 6 13 30 -42 -14 -43 20 -45 40 32 -30 -43 -44 39 21 22 42 37 0 14 14 3 0 33 19 -3 0 -23 -3 38 -26 9 35 0 0 1 29 0 0 -12 30 -41 -9 -41 39 -18 0 -23 39 -3 -17 0 3 0 15 -35 0 0 24 0 -23 12 -7 0 
0 -35 0 12 -43 -14 -48 0 -42 29 0 40 37 -9 -47 0 -36 32 -18 -29 -49 -23 -40 -1 -26 -22 0 45 -4 -11 23 -24 -40 -12 -11 -37 0 40 -8 0 -17 0 -20 21 45 21 -43 0 -21 0 -49 -40 13 47 16 1 22 -15 -35 0 30 7 0 0 -12 -31 -38 -16 4 7 -18 30 5 0 -1 -9 48 0 36 1 0 35 -45 0 -26 32 33 2 0 -20 
0 11 0 -14 3 0 49 0 20 -32 33 0 6 0 29 -46 0 16 0 49 -23 -10 0 47 0 0 -36 41 0 41 0 0 -21 25 -48 37 0 -3 34 47 -3 49 -40 36 -44 0 0 -39 48 28 36 -49 0 15 37 -25 -4 0 -17 -16 7 0 0 29 45 47 -20 -32 -48 -49 0 5 -46 -19 22 47 0 -30 35 45 0 -8 -24 -1 -16 30 -39 15 47 34 
0 24 0 0 18 0 0 0 -16 -12 31 0 42 -36 36 0 -39 10 2 7 43 0 20 -24 20 44 27 0 28 -48 0 13 -48 2 0 10 -19 -6 -19 -34 8 0 5 3 0 37 -44 0 32 0 8 37 -2 0 -41 39 0 25 -44 -33 39 0 0 42 -47 7 31 0 0 9 -23 0 -19 30 -37 0 1 -4 -20 -3 0 44 0 0 -8 0 0 35 -30 22 
0 31 24 0 -8 -6 0 -44 -20 29 44 -45 37 24 38 0 3 12 -17 -32 -5 -39 -9 -35 47 12 -44 -46 -27 35 -3 1 0 0 0 0 -39 10 0 -26 -22 -9 -41 -20 0 34 0 47 -45 -38 17 -45 -40 38 29 17 -17 -39 29 0 33 23 38 36 48 0 0 46 -35 -48 39 -1 22 -37 18 0 -3 0 -34 0 30 -29 0 0 42 -17 32 0 -30 -39 
-3 0 18 -15 -48 0 2 0 -27 0 0 -8 15 0 0 0 44 44 0 0 -36 -19 39 -46 -35 0 -41 -43 25 0 0 0 9 1 0 49 -1 17 10 0 24 9 -22 -49 -5 20 0 -17 0 -49 0 0 18 16 -14 0 -39 0 0 42 46 18 -16 0 0 0 1 -30 0 0 -3 -9 47 0 0 -20 4 -34 23 0 15 0 21 35 23 -32 32 48 1 35 
0 0 -28 -9 -9 33 30 47 -25 11 23 -38 -17 0 0 -43 8 35 0 0 -14 0 -24 37 -17 -23 0 44 9 -22 38 -29 12 0 23 -2 2 -49 4 0 -33 0 0 29 0 35 -32 -46 34 0 27 -40 -33 -21 0 0 6 12 0 -1 0 -7 -47 -37 8 0 -22 16 -45 18 -17 48 0 1 -3 4 -49 0 23 0 17 35 -17 -6 -4 0 44 -6 -45 0 
0 -30 -32 -44 0 -45 10 -31 16 43 -49 30 0 19 0 2 0 44 34 20 -5 -6 43 -45 -19 0 0 0 48 0 0 -23 -46 17 28 0 18 -26 -14 0 4 8 35 40 0 37 -21 36 0 4 -17 30 27 30 0 -31 -35 -4 0 -15 -43 -40 -41 -28 -40 23 -16 26 0 0 0 0 -30 -4 0 -34 0 0 15 -11 -45 5 48 24 48 27 0 0 -41 -2 
-17 -30 23 -34 31 -10 10 -46 0 40 -25 36 0 -14 -18 44 47 39 16 -26 0 -27 46 -2 0 0 0 0 17 40 0 -14 0 31 44 0 0 -34 39 -13 38 -48 30 -2 0 0 0 -23 26 47 -40 -45 27 21 0 -44 -14 0 0 -43 -38 0 -36 -14 0 0 -10 2 0 32 3 36 35 -20 -34 23 23 15 0 -7 -24 0 -14 -14 38 36 -15 -5 -10 0 
-4 -38 -19 24 26 14 38 10 4 -34 -6 0 -29 -18 36 7 0 -38 43 8 -12 0 44 0 0 49 -46 0 0 9 -49 0 17 20 30 32 39 21 -28 35 0 -21 49 -12 0 -10 -34 -42 -49 0 0 0 0 0 24 0 34 40 0 7 21 0 29 -40 41 -6 0 -41 0 -34 0 1 45 -3 0 0 0 -11 -7 26 0 49 0 -1 8 42 21 38 -49 6 
0 -18 9 -21 -20 21 4 0 -30 40 -46 0 -6 0 36 0 -10 -29 0 -47 1 -43 0 -20 0 -19 -6 23 3 0 9 0 11 17 44 -17 -15 0 40 0 12 5 45 -46 -23 20 -43 0 0 -16 -23 -37 17 0 -42 6 -4 0 0 0 -31 1 32 3 0 33 47 37 40 -32 15 0 0 0 30 15 17 -45 -24 0 -13 0 -39 0 0 0 24 33 27 48 
22 -39 0 0 32 -24 0 32 0 -2 49 0 0 5 -1 0 17 0 0 7 -18 0 -9 0 10 -11 26 -40 32 33 -14 39 35 4 0 29 45 0 -34 0 -35 -17 37 0 25 -44 49 43 40 -11 42 12 -35 0 42 -39 30 -41 -39 31 0 0 31 2 -47 -45 -18 -31 0 -16 -35 35 -8 44 -29 0 35 5 0 49 0 -36 38 44 0 22 0 -14 -3 -6 
11 0 -5 16 0 47 30 -41 24 -31 24 -10 23 -37 0 0 47 -11 0 0 19 0 14 40 -18 41 -13 24 -18 15 -11 7 24 -37 -7 0 28 41 -45 0 0 8 9 -34 -41 -19 -11 -29 11 0 -31 0 0 6 0 0 5 32 37 35 40 -20 -23 -22 -24 -6 -25 47 0 0 0 -45 -24 0 0 21 -17 48 -14 0 -39 38 35 32 34 0 0 1 -47 0 
44 -3 0 -12 -43 -42 -46 -4 27 -16 -9 0 1 -9 -10 -34 25 0 0 0 -42 19 29 0 31 0 -19 0 -49 -32 0 3 20 39 0 24 45 12 -29 -32 0 7 0 0 45 -24 26 -33 -22 0 0 0 27 -32 -26 -24 0 0 39 0 -25 -2 0 0 21 -30 0 0 -14 44 0 0 -1 0 0 35 -6 24 -14 -1 0 44 32 -16 -31 -18 -32 -28 0 0 
-29 0 0 -1 7 16 18 -20 -25 28 -41 27 -16 -20 -7 0 37 0 28 42 -37 13 0 0 0 -46 39 -31 0 46 0 0 0 -10 -45 -11 -16 0 0 -17 -30 -7 -38 -7 12 0 -21 0 -36 37 24 0 -29 0 44 -26 -7 -36 -39 0 41 41 -7 11 34 0 -29 -45 18 -47 24 -26 -16 -8 42 23 -4 48 38 8 0 0 34 -31 -36 0 42 -45 42 2 
13 0 14 0 0 0 0 45 0 9 -35 17 -6 27 0 -11 -13 0 -17 0 0 -13 -37 0 6 -48 0 31 -32 41 0 -28 0 -22 46 -49 5 3 11 -8 -12 18 -42 9 30 0 32 6 12 0 0 -15 22 -4 0 -3 27 10 39 38 0 0 -48 0 25 28 -3 -43 -26 -13 0 32 30 0 -17 -32 0 27 36 42 0 22 0 -18 0 39 14 -37 12 -17 
0 16 4 0 -46 0 10 0 0 -9 0 48 19 0 0 29 13 0 -38 16 -5 -16 0 -31 0 0 -32 -45 28 0 -49 -43 -47 25 -9 -11 0 0 0 18 -17 -27 42 -8 35 43 -38 -35 7 6 10 -12 0 0 -38 -42 -18 -35 -2 0 -10 3 14 13 0 0 9 24 0 -44 -23 33 -39 0 32 32 44 0 -15 21 24 0 0 -32 42 14 0 -31 0 0 
-27 47 0 -48 -49 -31 0 -35 17 -19 -8 -46 21 -27 -49 -27 13 2 26 -30 -21 7 32 -36 0 17 0 43 -33 40 2 -44 29 36 0 -35 0 7 -38 0 -29 -29 9 40 -31 25 0 0 23 14 -27 37 0 0 14 -11 -24 26 -13 13 48 28 -13 -31 4 0 -1 0 -2 0 12 2 15 35 0 48 -6 0 -5 38 33 -14 1 -28 -45 -37 -31 -24 4 0 
32 -12 0 0 0 0 32 0 45 3 0 0 19 0 -39 39 0 0 -33 -14 -49 -27 -1 0 0 0 0 -38 10 -27 -5 36 36 0 48 -36 31 24 -46 0 2 -45 44 -46 37 31 36 0 37 9 -41 36 6 27 0 0 -9 46 -33 0 17 -46 -6 -5 8 39 0 25 0 0 -7 0 47 -30 -30 1 -45 -41 -10 -49 27 -3 -47 0 42 12 0 4 0 0 
-16 37 -41 0 18 -5 -10 28 -22 -10 -44 22 0 38 -12 0 0 -32 0 -30 10 -42 7 0 0 0 -32 0 0 -19 -43 -23 0 0 0 -44 -26 25 -9 44 27 0 26 11 0 -11 40 -7 0 -31 -33 -26 0 31 26 0 23 -38 -49 17 -5 5 42 -18 0 40 0 49 -34 29 0 -20 34 22 -39 35 0 -2 0 6 48 -6 0 0 2 -17 0 0 0 47 
