70
0 0 0 0 0 42 0 0 0 0 0 0 0 0 0 0 11 -29 12 -35 0 0 0 0 0 0 0 0 0 0 0 0 0 0 0 0 0 0 13 -30 0 0 46 -25 0 0 0 0 0 0 0 0 0 45 0 0 0 0 0 0 0 28 0 0 -4 0 0 0 0 0 
0 0 0 0 0 0 0 28 -47 0 0 0 0 0 0 41 0 0 -40 -17 0 0 0 0 0 0 0 -3 -6 0 28 0 -3 18 0 0 0 0 -18 1 0 0 0 0 41 0 0 14 43 -15 0 0 0 0 0 0 0 21 0 0 0 0 0 0 43 0 0 0 0 0 
0 0 0 0 0 4 38 0 -46 0 33 -22 0 0 0 0 36 0 0 0 0 0 -4 0 28 0 0 0 22 0 0 0 0 0 5 0 0 0 15 0 0 0 37 0 36 0 0 0 0 0 0 0 -30 0 0 -49 0 0 0 -13 0 0 0 0 40 0 0 0 0 0 
0 0 0 29 0 0 0 0 0 -36 37 0 0 21 -49 0 0 0 0 0 0 0 0 0 0 0 0 22 0 0 0 0 22 0 0 0 0 0 42 0 40 0 0 -19 0 0 0 0 -19 0 0 0 42 43 0 -4 -4 0 0 0 6 0 0 0 0 -22 0 0 0 0 
0 0 29 0 0 -33 0 0 17 29 0 47 0 0 0 0 0 -42 0 0 0 -38 -36 0 -10 0 0 2 0 0 0 0 0 0 0 0 0 0 0 0 0 -34 0 0 0 0 0 0 0 0 -43 0 38 0 -17 0 0 0 29 0 0 0 0 32 0 0 0 -11 0 0 
0 0 0 0 0 0 -27 0 0 0 0 0 0 0 0 0 0 0 0 0 0 0 0 0 0 0 0 -20 0 0 0 0 0 0 0 5 0 0 0 0 -39 -41 0 0 38 0 6 0 0 0 0 0 -17 0 -23 0 0 0 0 0 0 0 0 0 0 0 -18 0 0 0 
0 4 0 -33 0 -7 0 0 0 0 0 0 0 0 0 0 -47 0 0 42 -15 0 0 0 0 -31 -40 48 0 0 0 31 0 0 0 18 0 0 0 0 0 0 4 0 0 -7 -11 36 5 0 0 0 -34 0 0 0 0 43 -32 0 0 0 0 26 0 0 0 0 0 0 
0 38 0 0 -27 0 -27 0 0 0 0 0 0 0 35 -3 -28 0 0 17 0 0 8 0 0 0 0 0 -23 0 0 -35 0 0 0 0 0 0 0 -46 0 36 0 0 0 0 0 0 0 -20 0 0 0 0 0 0 0 13 0 0 0 0 0 0 -24 0 4 0 0 40 
28 0 0 0 0 0 0 -12 0 -48 0 0 4 -7 0 -26 1 -33 0 0 0 0 0 0 0 48 48 0 0 -9 0 0 0 -39 0 -3 0 0 -26 0 -37 0 0 0 0 4 0 0 0 0 0 0 0 0 0 31 0 25 0 0 0 0 0 0 0 0 0 0 0 -49 
-47 -46 0 17 0 0 0 0 -33 0 0 0 -32 -16 0 0 -35 0 40 0 16 0 0 39 0 0 0 43 0 0 0 5 -15 0 0 22 0 -47 0 0 0 0 0 28 0 0 0 0 0 26 0 -37 0 -16 0 -35 0 0 0 0 -16 0 8 0 0 0 0 0 0 0 
0 0 -36 29 0 0 0 -48 0 0 -33 0 0 0 0 0 0 0 0 0 -7 0 0 41 0 0 0 0 -17 0 0 0 0 40 0 0 0 0 -28 0 0 40 0 0 0 0 0 0 0 0 -12 0 0 -14 4 -29 0 0 0 0 6 49 0 0 0 0 -39 -2 -40 0 
0 33 37 0 0 0 0 0 0 -33 -23 0 0 0 -13 0 0 0 0 0 0 0 0 -23 0 27 0 -11 0 25 0 9 0 0 0 1 -19 0 0 0 0 0 0 -17 0 0 0 0 0 0 0 0 0 33 0 0 0 -12 0 0 18 0 24 -35 0 0 -9 0 0 0 
0 -22 0 47 0 0 0 0 0 0 0 -30 0 0 26 0 8 0 0 0 -10 0 0 0 0 0 0 0 0 0 0 0 0 0 0 0 0 0 0 -32 0 -30 0 0 0 49 0 -14 0 0 -49 0 0 0 33 37 -19 0 0 0 0 0 -18 0 0 0 0 -49 0 0 
0 0 0 0 0 0 0 4 -32 0 0 0 0 0 0 0 0 -12 0 0 0 0 0 0 0 0 42 0 0 0 -11 47 -32 0 0 0 3 0 0 0 0 0 17 0 0 0 0 0 0 -37 0 0 31 -15 19 0 0 0 0 0 0 0 0 0 0 0 0 0 0 0 
0 0 21 0 0 0 0 -7 -16 0 0 0 0 0 -16 0 33 49 0 0 0 0 39 0 40 0 0 -28 0 0 0 0 0 0 0 0 0 0 0 8 0 45 0 -11 0 -25 0 -24 0 0 0 0 0 0 0 0 42 0 0 0 0 -45 0 0 0 0 0 0 0 -33 
0 0 -49 0 0 0 35 0 0 0 -13 26 0 -16 9 39 0 0 0 0 0 0 0 -1 0 0 0 0 0 0 0 0 0 -34 0 -31 0 0 0 0 0 0 -18 0 0 38 0 48 0 13 0 0 0 0 0 0 0 0 28 0 0 0 -22 0 0 0 0 0 0 0 
41 0 0 0 0 0 -3 -26 0 0 0 0 0 0 39 0 0 0 0 0 0 0 0 0 34 0 0 0 0 0 0 0 0 0 0 -47 0 0 0 0 0 -34 0 0 0 0 0 0 0 0 0 0 0 0 -16 0 -28 0 -26 36 0 0 47 0 0 0 0 0 18 49 
0 36 0 0 0 -47 -28 1 -35 0 0 8 0 33 0 0 0 0 0 3 32 0 0 0 0 0 0 46 0 0 0 0 0 -37 0 31 0 -20 -24 -8 0 0 13 0 0 0 0 0 40 0 0 0 0 0 0 0 0 0 0 -23 -1 0 0 0 0 0 -49 -14 0 0 
0 0 0 -42 0 0 0 -33 0 0 0 0 -12 49 0 0 0 0 0 -40 0 -7 0 -31 21 0 0 33 0 0 0 0 0 0 0 49 -40 -29 0 0 0 43 0 0 0 0 0 2 -4 0 0 0 0 0 0 0 28 27 0 0 0 0 0 17 0 0 0 0 0 0 
-40 0 0 0 0 0 0 0 40 0 0 0 0 0 0 0 0 0 0 18 0 0 0 0 0 0 0 0 0 0 0 0 0 -46 0 12 0 0 16 -31 -1 0 0 49 0 0 0 0 0 -23 0 0 0 2 0 -9 0 0 0 0 40 0 0 0 0 -48 0 0 0 32 
-17 0 0 0 0 42 17 0 0 0 0 0 0 0 0 0 3 -40 18 0 0 0 27 0 0 0 0 0 24 0 1 0 0 0 0 0 0 0 0 0 0 0 48 0 0 0 -19 0 0 0 35 0 0 33 0 0 0 -35 0 0 0 0 -25 0 0 0 0 0 0 0 
0 0 0 0 0 -15 0 0 16 -7 0 -10 0 0 0 0 32 0 0 0 4 42 0 0 -8 8 45 37 0 0 0 0 0 0 0 0 0 0 0 0 0 -4 28 0 0 37 0 0 0 -14 23 15 0 -49 0 36 42 0 -41 0 0 10 0 -47 0 -39 -6 0 0 28 
0 0 0 -38 0 0 0 0 0 0 0 0 0 0 0 0 0 -7 0 0 42 -16 -11 0 0 -6 -16 0 17 0 0 -27 0 -43 0 0 -12 0 0 -45 0 0 0 0 1 0 0 -11 0 0 0 0 0 0 0 20 0 11 0 -14 0 0 0 0 -32 27 0 0 -35 0 
0 -4 0 -36 0 0 8 0 0 0 0 0 0 39 0 0 0 0 0 27 0 -11 0 0 0 0 49 0 0 0 0 -16 0 0 0 0 0 0 0 0 0 0 0 0 35 0 0 0 0 28 0 -8 0 19 0 -7 0 0 0 0 0 0 0 0 -7 0 0 0 0 0 
0 0 0 0 0 0 0 0 39 41 -23 0 0 0 -1 0 0 -31 0 0 0 0 0 -32 0 0 33 0 0 -7 -45 0 0 0 0 0 0 31 0 -3 0 0 46 0 0 0 0 0 0 -40 0 0 8 0 0 0 0 0 -14 0 10 0 -43 0 0 0 0 0 6 0 
0 28 0 -10 0 0 0 0 0 0 0 0 0 40 0 34 0 21 0 0 -8 0 0 0 0 0 0 0 0 0 0 5 0 -40 0 0 0 -4 0 0 11 0 0 0 0 0 0 0 0 0 -47 0 0 0 -42 0 0 -14 0 0 0 0 0 0 0 0 0 0 8 0 
0 0 0 0 0 -31 0 48 0 0 27 0 0 0 0 0 0 0 0 0 8 -6 0 0 0 0 -25 0 0 0 0 0 0 0 0 0 -46 0 0 0 -46 0 0 0 0 8 0 0 0 0 21 -8 0 0 0 0 0 0 0 0 0 2 0 0 2 0 0 0 -4 0 
0 0 0 0 0 -40 0 48 0 0 0 0 42 0 0 0 0 0 0 0 45 -16 49 33 0 -25 0 -10 19 0 0 0 0 0 0 0 0 0 0 0 0 0 0 0 0 0 -7 -44 7 0 0 0 0 36 0 0 0 0 0 -48 0 0 0 0 0 0 0 0 12 0 
-3 0 22 2 -20 48 0 0 43 0 -11 0 0 -28 0 0 46 33 0 0 37 0 0 0 0 0 -10 0 0 0 0 0 0 49 0 0 -14 0 0 0 14 0 0 0 10 0 0 0 49 0 0 0 0 0 0 0 17 -33 0 0 0 0 0 -30 -49 0 0 0 34 0 
-6 22 0 0 0 0 -23 0 0 -17 0 0 0 0 0 0 0 0 0 24 0 17 0 0 0 0 19 0 0 0 0 0 0 0 0 0 0 0 0 0 0 0 -8 0 0 0 -17 0 0 41 35 0 -2 0 0 -24 0 0 30 0 0 -24 0 11 0 0 0 0 0 0 
0 0 0 0 0 0 0 -9 0 0 25 0 0 0 0 0 0 0 0 0 0 0 0 -7 0 0 0 0 0 38 42 0 0 0 0 0 6 0 0 0 0 0 0 0 0 0 0 40 21 0 -39 0 0 0 22 0 0 0 18 0 0 0 0 0 0 0 0 -9 0 -32 
28 0 0 0 0 0 0 0 0 0 0 0 -11 0 0 0 0 0 0 1 0 0 0 -45 0 0 0 0 0 42 22 0 0 29 24 0 0 0 0 4 0 0 0 0 0 0 0 0 28 -9 0 0 0 38 0 0 0 19 0 0 0 0 0 0 0 0 21 26 26 0 
0 0 0 0 0 31 -35 0 5 0 9 0 47 0 0 0 0 0 0 0 0 -27 -16 0 5 0 0 0 0 0 0 0 9 -49 0 0 0 0 0 0 0 30 0 -22 0 6 0 -49 0 0 9 0 0 8 0 31 0 0 8 0 0 -6 -15 0 0 -7 0 0 0 0 
-3 0 22 0 0 0 0 0 -15 0 0 0 -32 0 0 0 0 0 0 0 0 0 0 0 0 0 0 0 0 0 0 9 -33 0 0 0 0 0 0 0 -21 -37 43 0 0 0 20 0 -11 17 0 0 0 0 0 0 -7 0 0 0 0 0 0 0 -42 0 0 44 0 -17 
18 0 0 0 0 0 0 -39 0 40 0 0 0 0 -34 0 -37 0 -46 0 0 -43 0 0 -40 0 0 49 0 0 29 -49 0 -34 -43 0 0 0 0 -42 37 0 0 -26 0 0 0 0 9 0 0 0 0 32 0 0 11 27 0 0 0 0 0 0 11 -13 -11 0 42 0 
0 5 0 0 0 0 0 0 0 0 0 0 0 0 0 0 0 0 0 0 0 0 0 0 0 0 0 0 0 0 24 0 0 -43 0 0 14 -27 0 4 0 0 0 0 0 0 0 0 0 0 19 0 -25 0 0 0 0 0 0 0 0 33 0 0 0 0 9 9 0 0 
0 0 0 0 5 18 0 -3 22 0 1 0 0 0 -31 -47 31 49 12 0 0 0 0 0 0 0 0 0 0 0 0 0 0 0 0 -23 0 0 33 0 0 3 0 0 0 0 -16 0 0 0 0 0 -25 0 0 0 0 0 0 0 0 0 0 0 0 0 26 0 0 0 
0 0 0 0 0 0 0 0 0 0 -19 0 3 0 0 0 0 -40 0 0 0 -12 0 0 0 -46 0 -14 0 6 0 0 0 0 14 0 0 0 0 0 0 0 0 -30 0 0 -13 0 0 24 0 -27 21 0 -29 -8 0 0 3 0 0 0 0 -12 0 0 0 0 26 0 
0 0 0 0 0 0 0 0 -47 0 0 0 0 0 0 0 -20 -29 0 0 0 0 0 31 -4 0 0 0 0 0 0 0 0 0 -27 0 0 0 0 0 0 0 0 -46 44 0 0 0 0 0 0 4 41 0 0 0 0 0 -45 0 -44 0 0 0 0 0 0 0 0 -2 
-18 15 42 0 0 0 0 -26 0 -28 0 0 0 0 0 0 -24 0 16 0 0 0 0 0 0 0 0 0 0 0 0 0 0 0 0 33 0 0 0 0 -42 0 0 0 0 0 0 0 0 0 7 2 0 0 0 0 22 0 -40 0 0 0 0 0 -25 -23 0 0 33 0 
1 0 0 0 0 0 -46 0 0 0 0 -32 0 8 0 0 -8 0 -31 0 0 -45 0 -3 0 0 0 0 0 0 4 0 0 -42 4 0 0 0 0 0 27 0 40 30 -21 0 0 0 0 0 0 4 -33 0 0 0 0 4 0 38 0 0 0 -8 0 0 0 -28 0 0 
0 0 40 0 -39 0 0 -37 0 0 0 0 0 0 0 0 0 0 -1 0 0 0 0 0 11 -46 0 14 0 0 0 0 -21 37 0 0 0 0 -42 27 0 8 0 0 0 0 -31 0 0 0 0 0 27 0 0 0 0 0 0 0 0 0 0 0 5 0 8 0 0 -30 
0 0 0 -34 -41 0 36 0 0 40 0 -30 0 45 0 -34 0 43 0 0 -4 0 0 0 0 0 0 0 0 0 0 30 -37 0 0 3 0 0 0 0 8 0 0 0 0 0 0 -27 -44 0 1 0 -34 0 0 0 0 9 0 0 0 31 0 0 0 0 0 0 11 0 
0 37 0 0 0 4 0 0 0 0 0 0 17 0 -18 0 13 0 0 48 28 0 0 46 0 0 0 0 -8 0 0 0 43 0 0 0 0 0 0 40 0 0 0 -47 0 0 0 0 7 0 -8 0 -12 0 4 0 0 -41 -38 5 0 0 0 0 0 0 0 0 -15 0 
0 0 -19 0 0 0 0 0 28 0 -17 0 0 -11 0 0 0 0 49 0 0 0 0 0 0 0 0 0 0 0 0 -22 0 -26 0 0 -30 -46 0 30 0 0 -47 0 0 0 0 0 0 -31 0 0 0 0 0 0 0 16 16 0 0 0 -1 0 0 -46 0 0 0 0 
41 36 0 0 38 0 0 0 0 0 0 0 0 0 0 0 0 0 0 0 0 1 35 0 0 0 0 10 0 0 0 0 0 0 0 0 0 44 0 -21 0 0 0 0 0 -25 -46 0 0 0 -23 -39 0 0 0 0 0 5 1 0 -40 0 0 0 -19 0 0 0 23 -14 
0 0 0 0 0 -7 0 4 0 0 0 49 0 -25 38 0 0 0 0 0 37 0 0 0 0 8 0 0 0 0 0 6 0 0 0 0 0 0 0 0 0 0 0 0 -25 5 0 0 -19 0 0 0 -49 0 0 0 0 0 0 0 0 -24 47 0 0 0 0 0 0 0 
0 0 0 0 6 -11 0 0 0 0 0 0 0 0 0 0 0 0 0 -19 0 0 0 0 0 0 -7 0 -17 0 0 0 20 0 0 -16 -13 0 0 0 -31 0 0 0 -46 0 0 0 0 0 0 -46 0 0 0 0 0 -27 0 0 0 22 0 22 26 0 1 0 0 0 
14 0 0 0 0 36 0 0 0 0 0 -14 0 -24 48 0 0 2 0 0 0 -11 0 0 0 0 -44 0 0 40 0 -49 0 0 0 0 0 0 0 0 0 -27 0 0 0 0 0 0 12 32 0 0 0 0 0 0 0 0 0 -4 47 0 0 0 0 0 1 0 0 0 
43 0 -19 0 0 5 0 0 0 0 0 0 0 0 0 0 40 -4 0 0 0 0 0 0 0 0 7 49 0 21 28 0 -11 9 0 0 0 0 0 0 0 -44 7 0 0 -19 0 12 43 0 0 0 0 48 0 0 0 0 0 0 0 5 0 0 0 0 0 -15 0 12 
-15 0 0 0 0 0 -20 0 26 0 0 0 -37 0 13 0 0 0 -23 0 -14 0 28 -40 0 0 0 0 41 0 -9 0 17 0 0 0 24 0 0 0 0 0 0 -31 0 0 0 32 0 0 0 0 0 0 0 0 -39 0 0 0 0 0 -47 0 0 0 0 0 0 0 
0 0 0 -43 0 0 0 0 0 -12 0 -49 0 0 0 0 0 0 0 35 23 0 0 0 -47 21 0 0 35 -39 0 9 0 0 19 0 0 0 7 0 0 1 -8 0 -23 0 0 0 0 0 0 46 0 0 19 0 0 0 0 0 0 -42 0 0 0 -11 0 0 -2 0 
0 0 0 0 0 0 0 0 -37 0 0 0 0 0 0 0 0 0 0 0 15 0 -8 0 0 -8 0 0 0 0 0 0 0 0 0 0 -27 4 2 4 0 0 0 0 -39 0 -46 0 0 0 46 30 0 0 -12 3 4 -44 29 0 -8 -22 -24 0 0 0 0 0 0 30 
0 -30 42 38 -17 -34 0 0 0 0 0 0 31 0 0 0 0 0 0 0 0 0 0 8 0 0 0 0 -2 0 0 0 0 0 -25 -25 21 41 0 -33 27 -34 -12 0 0 -49 0 0 0 0 0 0 0 0 47 0 0 0 40 0 0 0 14 0 0 41 0 40 0 0 
0 0 43 0 0 0 0 0 -16 -14 33 0 -15 0 0 0 0 0 2 33 -49 0 19 0 0 0 36 0 0 0 38 8 0 32 0 0 0 0 0 0 0 0 0 0 0 0 0 0 48 0 0 0 0 0 37 0 0 0 0 20 0 0 0 0 0 0 -25 0 0 0 
0 0 0 -17 -23 0 0 0 0 4 0 33 19 0 0 -16 0 0 0 0 0 0 0 0 -42 0 0 0 0 22 0 0 0 0 0 0 -29 0 0 0 0 0 4 0 0 0 0 0 0 0 19 -12 47 37 0 0 38 0 0 0 0 0 0 0 0 0 0 0 0 0 
0 -49 -4 0 0 0 0 31 -35 -29 0 37 0 0 0 0 0 0 -9 0 36 20 -7 0 0 0 0 0 -24 0 0 31 0 0 0 0 -8 0 0 0 0 0 0 0 0 0 0 0 0 0 0 3 0 0 0 0 0 0 -34 0 0 0 0 0 0 0 0 0 0 -7 
0 0 -4 0 0 0 0 0 0 0 0 -19 0 42 0 -28 0 28 0 0 42 0 0 0 0 0 0 17 0 0 0 0 -7 11 0 0 0 0 22 0 0 0 0 0 0 0 0 0 0 -39 0 4 0 0 38 0 0 -36 0 0 0 -12 0 0 0 0 -7 0 0 0 
21 0 0 0 0 43 13 25 0 0 -12 0 0 0 0 0 0 27 0 -35 0 11 0 0 -14 0 0 -33 0 0 19 0 0 27 0 0 0 0 0 4 0 9 -41 16 5 0 -27 0 0 0 0 -44 0 0 0 0 -36 -33 0 0 0 0 0 0 -45 31 -46 8 0 0 
0 0 0 29 0 -32 0 0 0 0 0 0 0 0 28 -26 0 0 0 0 -41 0 0 -14 0 0 0 0 30 18 0 8 0 0 0 0 3 -45 -40 0 0 0 -38 16 1 0 0 0 0 0 0 29 40 0 0 -34 0 0 0 0 0 0 0 41 0 0 0 0 0 1 
0 -13 0 0 0 0 0 0 0 0 0 0 0 0 0 36 -23 0 0 0 0 -14 0 0 0 0 -48 0 0 0 0 0 0 0 0 0 0 0 0 38 0 0 5 0 0 0 0 -4 0 0 0 0 0 20 0 0 0 0 0 0 45 -29 25 0 0 0 0 27 0 0 
0 0 6 0 0 0 0 0 -16 6 18 0 0 0 0 0 -1 0 40 0 0 0 0 10 0 0 0 0 0 0 0 0 0 0 0 0 0 -44 0 0 0 0 0 0 -40 0 0 47 0 0 0 -8 0 0 0 0 0 0 0 45 -13 0 7 0 0 0 0 0 0 0 
0 0 0 0 0 0 0 0 0 49 0 0 0 -45 0 0 0 0 0 0 10 0 0 0 0 2 0 0 -24 0 0 -6 0 0 33 0 0 0 0 0 0 31 0 0 0 -24 22 0 5 0 -42 -22 0 0 0 0 -12 0 0 -29 0 -35 0 0 0 0 0 0 47 0 
0 0 0 0 0 0 0 0 8 0 24 -18 0 0 -22 47 0 0 0 -25 0 0 0 -43 0 0 0 0 0 0 0 -15 0 0 0 0 0 0 0 0 0 0 0 -1 0 47 0 0 0 -47 0 -24 14 0 0 0 0 0 0 25 7 0 16 -15 -3 0 0 1 47 38 
0 0 0 32 0 26 0 0 0 0 -35 0 0 0 0 0 0 17 0 0 -47 0 0 0 0 0 0 -30 11 0 0 0 0 0 0 0 -12 0 0 -8 0 0 0 0 0 0 22 0 0 0 0 0 0 0 0 0 0 0 41 0 0 0 -15 8 0 0 0 0 0 0 
43 40 0 0 0 0 -24 0 0 0 0 0 0 0 0 0 0 0 0 0 0 -32 -7 0 0 2 0 -49 0 0 0 0 -42 11 0 0 0 0 -25 0 5 0 0 0 -19 0 26 0 0 0 0 0 0 0 0 0 0 -45 0 0 0 0 -3 0 0 0 0 -6 24 -3 
0 0 -22 0 0 0 0 0 0 0 0 0 0 0 0 0 0 0 -48 0 -39 27 0 0 0 0 0 0 0 0 0 -7 0 -13 0 0 0 0 -23 0 0 0 0 -46 0 0 0 0 0 0 -11 0 41 0 0 0 0 31 0 0 0 0 0 0 0 0 0 0 0 0 
0 0 0 0 -18 0 4 0 0 -39 -9 0 0 0 0 0 -49 0 0 0 -6 0 0 0 0 0 0 0 0 0 21 0 0 -11 9 26 0 0 0 0 8 0 0 0 0 0 1 1 0 0 0 0 0 -25 0 0 -7 -46 0 0 0 0 0 0 0 0 44 0 0 0 
0 0 0 -11 0 0 0 0 0 -2 0 -49 0 0 0 0 -14 0 0 0 0 0 0 0 0 0 0 0 0 -9 26 0 44 0 9 0 0 0 0 -28 0 0 0 0 0 0 0 0 -15 0 0 0 40 0 0 0 0 8 0 27 0 0 1 0 -6 0 0 10 0 0 
0 0 0 0 0 0 0 0 0 -40 0 0 0 0 0 18 0 0 0 0 0 -35 0 6 8 -4 12 34 0 0 26 0 0 42 0 0 26 0 33 0 0 11 -15 0 23 0 0 0 0 0 -2 0 0 0 0 0 0 0 0 0 0 47 47 0 24 0 0 0 0 14 
0 0 0 0 0 0 40 -49 0 0 0 0 0 -33 0 49 0 0 32 0 28 0 0 0 0 0 0 0 0 -32 0 0 -17 0 0 0 0 -2 0 0 -30 0 0 0 -14 0 0 0 12 0 0 30 0 0 0 -7 0 0 1 0 0 0 38 0 -3 0 0 0 14 0 
