70
-38 -48 -45 29 -37 23 0 22 0 -41 0 13 32 -46 -23 -17 10 0 0 25 0 -16 0 -23 -36 -21 17 40 -10 -20 -37 -33 0 0 0 -10 -17 0 46 0 -1 18 0 -49 0 -27 11 12 -23 -42 5 0 0 41 10 25 0 -41 -37 0 41 -16 9 -16 -40 21 2 0 23 41 
-22 0 14 21 -39 -14 -13 46 0 -16 -47 0 0 19 35 -19 15 -26 30 6 -35 0 4 -48 -19 0 0 -2 3 -12 0 1 -8 43 0 -22 23 -42 -49 -25 18 0 -39 0 -10 -26 -1 34 -45 0 7 -5 5 18 5 -17 0 0 -6 10 0 0 -33 43 -48 -3 -23 -30 -49 -44 
0 -41 -23 1 -27 0 46 -2 0 -23 30 -38 47 -48 0 12 0 0 -26 0 0 0 22 -8 1 27 43 13 0 0 -29 -1 18 0 0 0 -38 0 32 20 0 25 -38 13 0 0 -32 -3 -44 0 25 -7 -30 0 12 0 -16 23 0 0 0 7 0 0 3 0 0 -15 -4 -39 
14 -23 -27 47 2 0 35 -37 15 0 -43 37 45 4 -28 28 -8 -45 0 0 32 16 -26 -49 29 14 -24 -11 24 0 0 -42 -43 44 18 0 -38 -33 -6 -7 0 0 0 29 0 -25 31 -40 -40 30 13 -19 0 -21 35 0 -8 -33 38 47 0 0 42 8 -29 -10 0 -11 32 -31 
21 1 47 -11 -33 0 -19 34 5 -8 33 0 11 -47 18 0 -25 -1 43 33 -45 -41 -24 0 -13 8 0 19 -30 0 0 47 0 0 -23 0 -21 0 -38 3 11 37 -40 -45 0 0 29 0 0 4 0 20 43 -41 32 -42 33 0 -41 0 27 -35 0 0 37 33 24 9 0 -39 
-39 -27 2 -33 0 -19 18 47 0 0 39 29 12 38 -49 -1 -37 37 14 18 2 -46 0 0 -15 44 -6 9 38 0 0 0 -25 -36 39 22 -20 -6 -43 0 0 1 42 25 0 0 -5 6 -21 20 40 -25 -26 -18 -45 0 -30 -37 -43 -17 -37 -27 0 18 -18 0 30 0 0 1 
-14 0 0 0 -19 -38 -34 0 0 41 -2 35 -20 -27 0 -8 4 0 0 5 17 -47 -7 -49 12 -43 17 0 -2 0 0 -47 19 0 34 -43 -43 -5 1 0 0 45 40 -35 9 0 8 -18 -15 22 -48 0 0 -29 0 -43 29 -40 41 0 17 -32 -6 7 -12 0 -37 -20 0 47 
-13 46 35 -19 18 -34 -6 0 14 9 -15 0 0 29 -31 0 11 48 -45 0 -47 13 23 0 2 -9 28 14 0 0 33 -31 0 25 38 -13 1 0 -48 0 17 0 -7 -42 -23 -8 0 3 -16 20 -19 0 0 -18 29 0 37 -11 21 -19 -27 -29 -34 0 0 -22 -34 4 33 -1 
46 -2 -37 34 47 0 0 33 -19 0 0 43 0 0 48 -22 -8 0 16 -31 14 0 0 3 26 25 19 -22 0 0 -42 -10 -41 0 -33 -49 30 0 25 44 0 -37 12 0 -20 0 0 -24 0 -37 19 3 30 2 -41 5 -7 0 -30 -1 0 9 0 0 0 -15 5 22 0 1 
0 0 15 5 0 0 14 -19 -19 -38 0 0 -1 43 0 -24 -39 -46 -18 -28 0 24 -13 0 0 -2 -47 -5 32 0 -10 30 0 -22 -47 12 -40 0 -49 24 40 -2 0 2 0 16 -25 0 -32 34 33 39 -27 -22 1 39 0 -17 4 -38 -24 7 0 28 -24 -21 -2 30 -49 5 
-16 -23 0 -8 0 41 9 0 -38 -46 -20 -30 -26 2 -49 0 -40 0 43 0 0 -43 38 0 0 -27 -39 -23 -30 -43 36 0 -44 27 0 -10 -23 24 -9 0 -36 -18 -42 4 32 -3 13 0 -10 -34 39 -26 0 7 29 35 0 27 0 -45 34 -49 25 32 0 -7 -45 -41 -19 0 
-47 30 -43 33 39 -2 -15 0 0 -20 -3 3 13 -7 0 1 0 -15 48 -1 -40 8 -15 0 49 -30 38 -28 0 8 0 -10 0 0 39 -12 31 0 23 21 14 -10 -18 -35 -5 46 -9 -40 23 35 38 0 0 0 0 0 -39 -46 -42 0 -4 13 -46 5 0 -32 35 43 -20 -31 
0 -38 37 0 29 35 0 43 0 -30 3 -10 0 42 -14 0 0 33 -10 21 35 -40 -41 0 28 -44 0 -24 -37 37 0 -48 -44 -29 0 0 26 -14 -42 -33 42 -12 10 -5 0 15 0 -6 -44 -27 35 -46 -44 -39 -2 22 -39 46 0 37 -16 -3 1 0 38 -13 41 26 0 9 
0 47 45 11 12 -20 0 0 -1 -26 13 0 -35 39 8 0 -34 5 8 -6 4 0 4 0 -16 0 26 34 -41 -21 0 34 0 0 0 0 -13 29 -37 -5 36 -32 -40 48 46 -44 0 -31 -11 0 6 42 0 10 0 0 16 0 33 0 -21 0 20 29 -33 -19 -4 16 41 0 
19 -48 4 -47 38 -27 29 0 43 2 -7 42 39 0 0 2 -25 23 0 -45 30 -49 -5 0 0 23 0 37 41 -17 0 0 48 28 30 -37 11 0 28 0 -13 -43 0 -20 0 11 -40 0 11 -39 -36 -14 0 25 0 26 -16 -17 -23 -36 0 0 -9 0 -30 0 14 -21 0 32 
35 0 -28 18 -49 0 -31 48 0 -49 0 -14 8 0 45 -35 4 0 -32 0 38 0 12 0 0 -14 0 48 -14 0 0 0 7 0 -28 -37 0 0 6 -47 -46 -30 -11 27 0 29 18 -18 -32 25 18 0 -32 43 21 -23 4 22 -42 -27 -2 -21 -30 -47 15 -47 43 31 -24 11 
-19 12 28 0 -1 -8 0 -22 -24 0 1 0 0 2 -35 0 -15 38 -21 0 40 -27 0 -16 0 -10 0 -36 49 -14 0 -2 28 18 -47 38 -49 0 -21 -22 5 4 -6 -34 -4 0 -33 0 0 0 0 0 -13 0 -18 0 -7 13 0 -40 0 0 23 -40 -12 -26 -33 0 0 0 
15 0 -8 -25 -37 4 11 -8 -39 -40 0 0 -34 -25 4 -15 28 0 -8 -2 -2 0 25 21 9 30 -21 0 -27 0 30 -7 34 -40 7 -37 -3 -1 0 43 -38 18 -27 -12 4 0 0 0 0 -5 7 45 -11 0 -45 24 36 0 43 -1 32 0 16 44 -9 0 42 0 25 0 
-26 0 -45 -1 37 0 48 0 -46 0 -15 33 5 23 0 38 0 0 0 -6 12 -20 0 -23 0 0 -20 0 -2 0 -31 0 46 -40 -32 -9 34 49 45 -47 2 36 0 -35 27 -9 20 4 -5 0 0 -48 -37 0 0 0 -10 -37 49 21 28 -33 -36 37 -41 -33 10 -27 0 0 
30 -26 0 43 14 0 -45 16 -18 43 48 -10 8 0 -32 -21 -8 0 -42 -3 -4 40 20 48 -15 5 8 -1 42 -7 0 0 -3 -5 -5 -39 0 -16 0 0 0 23 49 -14 0 -22 49 0 14 0 28 6 36 -17 0 0 8 -30 2 0 -13 -30 -30 32 -43 20 -16 25 -7 -9 
6 0 0 33 18 5 0 -31 -28 0 -1 21 -6 -45 0 0 -2 -6 -3 -12 9 43 0 -21 14 36 2 29 0 1 -12 0 47 -47 -32 11 19 0 -29 37 0 0 -29 41 32 0 -9 0 -46 13 0 8 25 -19 4 37 31 46 -27 23 36 0 21 0 5 39 1 -9 0 35 
-35 0 32 -45 2 17 -47 14 0 0 -40 35 4 30 38 40 -2 12 -4 9 -8 26 0 28 -41 11 -25 13 38 -11 0 2 20 12 0 0 11 -20 0 6 23 -35 0 0 0 0 0 21 1 30 -3 0 0 36 44 -17 0 -11 -12 0 11 -14 0 -40 35 0 0 -36 -2 40 
0 0 16 -41 -46 -47 13 0 24 -43 8 -40 0 -49 0 -27 0 -20 40 43 26 -3 18 -20 0 -20 -15 0 10 13 21 8 -14 0 -3 15 4 -36 10 22 36 7 0 0 0 0 10 -15 0 0 38 29 38 -12 39 0 0 -18 -31 -43 8 41 -27 0 42 0 4 0 0 -5 
4 22 -26 -24 0 -7 23 0 -13 38 -15 -41 4 -5 12 0 25 0 20 0 0 18 32 43 0 -3 44 -23 0 0 0 20 -23 -23 28 10 0 -11 16 0 31 0 -5 29 12 -43 31 -34 7 0 -43 -2 -31 38 17 -29 24 6 -42 49 34 26 -1 7 0 5 0 -35 -30 -42 
-48 -8 -49 0 0 -49 0 3 0 0 0 0 0 0 0 -16 21 -23 48 -21 28 -20 43 -29 0 0 45 12 -25 0 29 0 8 -19 37 -48 -11 8 -35 -11 46 0 24 34 4 43 -43 -4 -12 49 0 48 -2 -26 -13 -17 12 -5 10 -24 0 20 0 0 0 -22 49 12 -31 0 
-19 1 29 -13 -15 12 2 26 0 0 49 28 -16 0 0 0 9 0 -15 14 -41 0 0 0 0 0 0 -12 -37 0 -23 -44 -16 0 0 25 -21 0 7 0 0 -49 -30 -4 44 14 -28 14 27 0 0 0 3 12 14 19 0 -38 0 -41 -6 0 -15 -10 0 -16 -16 0 0 12 
0 27 14 8 44 -43 -9 25 -2 -27 -30 -44 0 23 -14 -10 30 0 5 36 11 -20 -3 0 0 -2 0 -21 -29 -29 44 6 28 -7 27 41 0 0 -5 16 -2 9 41 14 0 0 -2 0 -4 8 -41 45 28 -42 -2 16 11 15 46 18 -35 -6 -18 -20 25 -23 18 -42 30 -28 
0 43 -24 0 -6 17 28 19 -47 -39 38 0 26 0 0 0 -21 -20 8 2 -25 -15 44 45 0 0 -5 -16 -29 44 25 -12 -20 7 45 0 0 -28 0 47 -6 -46 -10 2 -39 -34 2 41 -19 25 -17 -12 34 8 0 -47 0 0 0 -36 0 -14 4 0 -10 7 0 41 2 -11 
-2 13 -11 19 9 0 14 -22 -5 -23 -28 -24 34 37 48 -36 0 0 -1 29 13 0 -23 12 -12 -21 -16 -18 -11 11 16 37 -49 -6 -12 45 44 -21 -48 37 -41 -2 -3 47 0 45 42 0 24 16 0 31 0 41 43 0 0 -4 41 -34 37 13 30 -4 44 -19 20 0 -42 -35 
3 0 24 -30 38 -2 0 0 32 -30 0 -37 -41 41 -14 49 -27 -2 42 0 38 10 0 -25 -37 -29 -29 -11 21 0 42 0 39 -46 -5 2 45 0 0 20 -7 28 0 35 45 0 -45 0 5 -2 -40 0 0 25 4 44 0 26 1 0 0 0 14 30 39 49 -19 -3 -47 0 
-12 0 0 0 0 0 0 0 0 -43 8 37 -21 -17 0 -14 0 0 -7 1 -11 13 0 0 0 -29 44 11 0 0 -22 24 4 0 -14 0 0 6 -42 34 -20 -19 0 0 8 12 -15 11 17 -9 0 -30 0 13 0 -37 -32 0 38 -3 0 0 -23 0 44 -39 7 -46 35 19 
0 -29 0 0 0 0 33 -42 -10 36 0 0 0 0 0 0 30 -31 0 -12 0 21 0 29 -23 44 25 16 42 -22 38 0 -36 -5 40 -35 0 34 -6 -9 -28 21 4 43 -48 -38 25 0 30 -39 -48 26 0 0 10 -18 -10 0 -28 -19 0 5 0 0 0 -44 0 0 0 0 
1 -1 -42 47 0 -47 -31 -10 30 0 -10 -48 34 0 0 -2 -7 0 0 0 2 8 20 0 -44 6 -12 37 0 24 0 -46 38 18 -46 17 -7 5 7 0 35 0 10 0 0 -25 -43 41 8 -18 -25 33 -39 44 0 -47 25 0 12 48 0 23 0 18 3 42 36 0 -14 -24 
-8 18 -43 0 -25 19 0 -41 0 -44 0 -44 0 48 7 28 34 46 -3 47 20 -14 -23 8 -16 28 -20 -49 39 4 -36 38 39 45 18 28 -27 39 3 29 -2 25 -11 48 -12 0 -15 44 35 40 21 25 0 -12 0 0 39 0 39 32 -27 0 33 0 0 -17 0 16 0 0 
43 0 44 0 -36 0 25 0 -22 27 0 -29 0 28 0 18 -40 -40 -5 -47 12 0 -23 -19 0 -7 7 -6 -46 0 -5 18 45 0 49 -7 0 -19 -25 43 0 35 -12 40 31 -37 0 -43 0 -45 0 46 -42 20 18 -24 -47 34 21 18 0 0 0 0 0 28 0 0 -31 -1 
0 0 18 -23 39 34 38 -33 -47 0 39 0 0 30 -28 -47 7 -32 -5 -32 0 -3 28 37 0 27 45 -12 -5 -14 40 -46 18 49 25 -22 0 -41 37 0 -49 -49 0 -49 0 15 -16 -42 -16 -25 0 5 42 0 24 -8 -24 40 0 32 -7 25 32 0 0 -11 0 2 -11 -37 
-22 0 0 0 22 -43 -13 -49 12 -10 -12 0 0 -37 -37 38 -37 -9 -39 11 0 15 10 -48 25 41 0 45 2 0 -35 17 28 -7 -22 -27 -14 17 43 0 7 -33 12 14 27 -14 44 0 21 0 0 -20 -48 19 -2 0 0 -48 -36 0 -40 14 -16 0 -11 0 0 -15 48 -13 
23 -38 -38 -21 -20 -43 1 30 -40 -23 31 26 -13 11 0 -49 -3 34 0 19 11 4 0 -11 -21 0 0 44 45 0 0 -7 -27 0 0 -14 13 -49 -13 7 0 46 -35 -38 5 3 -16 0 -16 0 0 44 1 0 0 -1 0 24 -48 -44 13 -22 -15 -1 -38 0 21 -6 30 -30 
-42 0 -33 0 -6 -5 0 0 0 24 0 -14 29 0 0 0 -1 49 -16 0 -20 -36 -11 8 0 0 -28 -21 0 6 34 5 39 -19 -41 17 -49 -26 0 -18 32 0 -29 46 0 0 0 -48 -29 11 -38 -31 -45 0 0 -23 -21 22 7 0 30 -23 0 3 -34 -32 9 -19 0 15 
-49 32 -6 -38 -43 1 -48 25 -49 -9 23 -42 -37 28 6 -21 0 45 0 -29 0 10 16 -35 7 -5 0 -48 0 -42 -6 7 3 -25 37 43 -13 0 37 0 33 -26 34 -45 28 17 -41 27 42 32 42 -5 34 0 0 12 14 29 0 0 0 31 -14 0 -45 0 -37 15 27 -44 
-25 20 -7 3 0 0 0 44 24 0 21 -33 -5 0 -47 -22 43 -47 0 37 6 22 0 -11 0 16 47 37 20 34 -9 0 29 43 0 0 7 -18 0 -23 1 -33 49 -36 29 4 -1 0 -11 0 -49 0 -8 0 -19 0 25 2 -33 0 -34 0 -33 0 6 -16 31 30 -24 -16 
18 0 0 11 0 0 17 0 40 -36 14 42 36 -13 -46 5 -38 2 0 0 23 36 31 46 0 -2 -6 -41 -7 -20 -28 35 -2 0 -49 7 0 32 33 1 15 18 39 24 -8 0 0 31 0 0 0 0 21 -29 0 29 -48 0 9 -18 48 0 23 -39 32 -39 0 -41 -21 0 
0 25 0 37 1 45 0 -37 -2 -18 -10 -12 -32 -43 -30 4 18 36 23 0 -35 7 0 0 -49 9 -46 -2 28 -19 21 0 25 35 -49 -33 46 0 -26 -33 18 5 -40 0 22 27 0 10 0 0 17 -31 -25 18 26 -16 1 0 -33 0 -30 -22 -7 5 0 34 -23 22 -27 -26 
-39 -38 0 -40 42 40 -7 12 0 -42 -18 10 -40 0 -11 -6 -27 0 49 -29 0 0 -5 24 -30 41 -10 -3 0 0 4 10 -11 -12 0 12 -35 -29 34 49 39 -40 0 0 0 -28 -2 9 14 27 44 0 0 -29 -8 -6 -35 37 47 13 40 34 2 0 41 -49 0 32 -48 0 
0 13 29 -45 25 -35 -42 0 2 4 -35 -5 48 -20 27 -34 -12 -35 -14 41 0 0 29 34 -4 14 2 47 35 0 43 0 48 40 -49 14 -38 46 -45 -36 24 0 0 17 0 43 35 -22 -26 4 0 -22 32 0 -21 13 -11 0 27 6 -39 -26 49 38 0 24 -45 -33 0 40 
-10 0 0 0 0 9 -23 -20 0 32 -5 0 46 0 0 -4 4 27 0 32 0 0 12 4 44 0 -39 0 45 8 -48 0 -12 31 0 27 5 0 28 29 -8 22 0 0 -12 -8 29 0 39 33 -12 -17 0 -15 -29 32 34 -6 25 14 48 -12 0 -23 -40 20 4 -40 47 0 
-26 0 -25 0 0 0 -8 0 16 -3 46 15 -44 11 29 0 0 -9 -22 0 0 0 -43 43 14 0 -34 45 0 12 -38 -25 0 -37 15 -14 3 0 17 4 0 27 -28 43 -8 0 6 6 -42 -38 0 -44 -46 0 -21 11 10 33 22 0 -41 24 -33 -30 49 0 28 -36 33 -11 
-1 -32 31 29 -5 8 0 0 -25 13 -9 0 0 -40 18 -33 0 20 49 -9 0 10 31 -43 -28 -2 2 42 -45 -15 25 -43 -15 0 -16 44 -16 0 -41 -1 0 0 -2 35 29 6 -31 24 49 32 -14 0 -29 -9 45 0 0 0 -44 25 49 0 -34 48 0 -3 13 -10 -43 0 
34 -3 -40 0 6 -18 3 -24 0 0 -40 -6 -31 0 -18 0 0 4 0 0 21 -15 -34 -4 14 0 41 0 0 11 0 41 44 -43 -42 0 0 -48 27 0 31 10 9 -22 0 6 24 -42 0 32 25 -32 -38 -26 -7 0 0 36 0 39 -32 6 27 22 -6 -11 22 -48 37 19 
-45 -44 -40 0 -21 -15 -16 0 -32 -10 23 -44 -11 11 -32 0 0 -5 14 -46 1 0 7 -12 27 -4 -19 24 5 17 30 8 35 0 -16 21 -16 -29 42 -11 0 0 14 -26 39 -42 49 0 0 33 0 26 -45 -1 0 -11 -9 -29 0 0 -45 47 32 -24 -43 39 0 0 0 12 
0 0 30 4 20 22 20 -37 34 -34 35 -27 0 -39 25 0 -5 0 0 13 30 0 0 49 0 8 25 16 -2 -9 -39 -18 40 -45 -25 0 0 11 32 0 0 0 27 4 33 -38 32 32 33 -43 -42 7 -43 8 0 7 -13 -2 3 15 10 0 3 0 -33 -11 -15 0 -7 40 
7 25 13 0 40 -48 -19 19 33 39 38 35 6 -36 18 0 7 0 28 0 -3 38 -43 0 0 -41 -17 0 -40 0 -48 -25 21 0 0 0 0 -38 42 -49 0 17 44 0 -12 0 -14 25 0 -42 0 29 0 31 30 33 -36 -31 0 35 48 1 33 0 15 -4 0 31 4 31 
-5 -7 -19 20 -25 0 0 3 39 -26 0 -46 42 -14 0 0 45 -48 6 8 0 29 -2 48 0 45 -12 31 0 -30 26 33 25 46 5 -20 44 -31 -5 0 0 -31 0 -22 -17 -44 0 -32 26 7 29 22 -30 -46 2 -22 0 22 45 -28 0 47 -5 47 29 26 0 34 37 16 
5 -30 0 43 -26 0 0 30 -27 0 0 -44 0 0 -32 -13 -11 -37 36 25 0 38 -31 -2 3 28 34 0 0 0 0 -39 0 -42 42 -48 1 -45 34 -8 21 -25 0 32 0 -46 -29 -38 -45 -43 0 -30 49 21 -18 23 20 0 -28 42 -14 9 0 -24 -45 0 0 43 0 -10 
18 0 -21 -41 -18 -29 -18 2 -22 7 0 -39 10 25 43 0 0 0 -17 -19 36 -12 38 -26 12 -42 8 41 25 13 0 44 -12 20 0 19 0 0 0 0 -29 18 -29 0 -15 0 -9 -26 -1 8 31 -46 21 12 42 34 -1 -12 13 36 13 6 -5 -30 44 -18 -41 0 31 0 
5 12 35 32 -45 0 29 -41 1 29 0 -2 0 0 21 -18 -45 0 0 4 44 39 17 -13 14 -2 0 43 4 0 10 0 0 18 24 -2 0 0 0 -19 0 26 -8 -21 -29 -21 45 -7 0 0 30 2 -18 42 36 46 -22 -36 -11 0 0 -37 7 -48 -44 -6 -9 32 0 26 
-17 0 0 -42 0 -43 0 5 39 35 0 22 0 26 -23 0 24 0 0 37 -17 0 -29 -17 19 16 -47 0 44 -37 -18 -47 0 -24 -8 0 -1 -23 12 0 29 -16 -6 13 32 11 0 0 -11 7 33 -22 23 34 46 -39 -30 19 26 -26 22 -30 -40 0 42 20 -9 0 -21 0 
0 -16 -8 33 -30 29 37 -7 0 0 -39 -39 16 -16 4 -7 36 -10 8 31 0 0 24 12 0 11 0 0 0 -32 -10 25 39 -47 -24 0 0 -21 14 25 -48 1 -35 -11 34 10 0 0 -9 -13 -36 0 20 -1 -22 -30 28 24 22 12 32 -24 -46 0 -13 36 36 15 41 13 
0 23 -33 0 -37 -40 -11 0 -17 27 -46 46 0 -17 22 13 0 -37 -30 46 -11 -18 6 -5 -38 15 0 -4 26 0 0 0 0 34 40 -48 24 22 29 2 0 0 37 0 -6 33 0 36 -29 -2 -31 22 0 -12 -36 19 24 25 -7 33 -31 38 38 2 -6 28 -40 23 -16 -46 
-6 0 38 -41 -43 41 21 -30 4 0 -42 0 33 -23 -42 0 43 49 2 -27 -12 -31 -42 10 0 46 0 41 1 38 -28 12 39 21 0 -36 -48 7 0 -33 9 -33 47 27 25 22 -44 0 0 3 0 45 -28 13 -11 26 22 -7 0 -49 0 -7 44 0 26 -24 -36 32 0 -1 
10 0 47 0 -17 0 -19 -1 -38 -45 0 37 0 -36 -27 -40 -1 21 0 23 0 -43 49 -24 -41 18 -36 -34 0 -3 -19 48 32 18 32 0 -44 0 0 0 -18 0 13 6 14 0 25 39 0 15 35 -28 42 36 0 -26 12 33 -49 49 -18 -30 19 9 -35 10 48 0 17 -20 
0 0 0 27 -37 17 -27 0 -24 34 -4 -16 -21 0 -2 0 32 28 -13 36 11 8 34 0 -6 -35 0 37 0 0 0 0 -27 0 -7 -40 13 30 0 -34 48 -30 40 -39 48 -41 49 -32 -45 10 48 0 -14 13 0 22 32 -31 0 -18 0 -29 -38 39 0 34 9 42 18 0 
0 7 0 -35 -27 -32 -29 9 7 -49 13 -3 0 0 -21 0 0 -33 -30 0 -14 41 26 20 0 -6 -14 13 0 0 5 23 0 0 25 14 -22 -23 31 0 0 -22 34 -26 -12 24 0 6 47 0 1 47 9 6 -37 -30 -24 38 -7 -30 -29 36 29 0 -21 43 0 0 -4 -36 
-33 0 42 0 0 -6 -34 0 0 25 -46 1 20 -9 -30 23 16 -36 -30 21 0 -27 -1 0 -15 -18 4 30 14 -23 0 0 33 0 32 -16 -15 0 -14 -33 23 -7 2 49 0 -33 -34 27 32 3 33 -5 0 -5 7 -40 -46 38 44 19 -38 29 0 15 -35 -18 0 0 0 2 
43 0 8 0 18 7 0 0 28 32 5 0 29 0 -47 -40 44 37 32 0 -40 0 7 0 -10 -20 0 -4 30 0 0 18 0 0 0 0 -1 3 0 0 -39 5 0 38 -23 -30 48 22 -24 0 0 47 -24 -30 -48 0 0 2 0 9 39 0 15 0 8 2 -29 -41 -15 0 
-48 3 -29 37 -18 -12 0 0 -24 0 0 38 -33 -30 15 -12 -9 -41 -43 5 35 42 0 0 0 25 -10 44 39 44 0 3 0 0 0 -11 -38 -34 -45 6 32 0 41 0 -40 49 0 -6 -43 -33 15 29 -45 44 -44 42 -13 -6 26 -35 0 -21 -35 8 0 20 0 -3 26 0 
-3 0 -10 33 0 0 -22 -15 -21 -7 -32 -13 -19 0 -47 -26 0 -33 20 39 0 0 5 -22 -16 -23 7 -19 49 -39 -44 42 -17 28 -11 0 0 -32 0 -16 -39 34 -49 24 20 0 -3 -11 39 -11 -4 26 0 -18 -6 20 36 28 -24 10 34 43 -18 2 20 -28 32 0 39 0 
-23 0 0 24 30 -37 -34 5 -2 -45 35 41 -4 14 43 -33 42 10 -16 1 0 4 0 49 -16 18 0 20 -19 7 0 36 0 0 0 0 21 9 -37 31 0 -23 0 -45 4 28 13 22 0 -15 0 0 0 -41 -9 -9 36 -40 -36 48 9 0 0 -29 0 32 4 0 -7 46 
-30 -15 -11 9 0 -20 4 22 30 -41 43 26 16 -21 31 0 0 -27 25 -9 -36 0 -35 12 0 -42 41 0 -3 -46 0 0 16 0 2 -15 -6 -19 15 30 -41 22 32 -33 -40 -36 -10 -48 0 0 31 34 43 0 32 0 15 23 32 0 42 0 0 -41 -3 0 0 12 0 2 
-49 -4 32 0 0 0 33 0 -49 -19 -20 0 41 0 -24 0 25 0 -7 0 -2 0 -30 -31 0 30 2 -42 -47 35 0 -14 0 -31 -11 48 30 0 27 -24 -21 -27 -48 0 47 33 -43 37 0 -7 4 37 0 31 0 -21 41 -16 0 17 18 -4 0 -15 26 39 -7 0 22 -3 
-44 -39 -31 -39 1 47 -1 1 5 0 -31 9 0 32 11 0 0 0 -9 35 40 -5 -42 0 12 -28 -11 -35 0 19 0 -24 0 -1 -37 -13 -30 15 -44 -16 0 -26 0 40 0 -11 0 19 12 40 31 16 -10 0 26 0 13 -46 -1 -20 0 -36 2 0 0 0 46 2 -3 -37 
