90
0 -15 0 42 -12 9 0 0 22 -18 -32 23 0 -2 19 -6 29 0 -34 24 13 -30 0 20 -5 0 0 0 -46 0 -24 45 0 14 37 28 0 -1 -32 18 26 0 -45 28 -47 -42 0 -30 -15 19 -31 0 0 0 -9 -6 -36 33 28 0 -3 18 -40 0 -18 1 -29 0 41 0 0 14 43 -15 0 0 -37 -7 -8 0 -35 28 0 0 0 0 0 -13 6 0 
0 38 -17 43 -40 25 5 36 0 14 -5 11 49 18 11 -1 28 36 22 16 24 0 0 49 18 -31 0 -44 -49 0 0 -23 40 0 0 40 26 0 -45 -18 48 -9 42 1 21 -49 39 17 27 8 22 31 42 0 25 0 -40 13 24 -31 32 4 -23 0 -10 -34 0 -17 0 -4 -44 6 -42 39 8 8 3 -48 17 29 38 -40 -13 -42 -2 -38 -36 21 28 48 
38 44 -43 28 0 -47 -1 39 -27 -49 -29 -27 21 -17 45 29 0 41 32 0 17 -31 25 -27 0 24 0 0 -8 0 46 16 0 -46 -20 0 -43 -12 5 12 19 5 33 38 34 -6 -37 -17 -33 23 -33 0 0 0 0 0 38 0 0 -7 0 0 49 -19 44 -31 0 42 -15 -24 -1 -37 30 -31 0 31 0 38 21 0 29 0 4 -7 -44 -27 10 -13 11 41 
-17 -43 -14 43 -32 0 0 43 43 -43 13 0 0 -38 32 0 35 -3 -28 0 0 17 -5 30 0 -33 -23 -5 3 45 -20 13 0 -15 0 0 18 32 -21 0 27 0 -22 13 30 0 -22 32 4 -48 0 0 -12 0 -48 22 0 0 -7 0 -26 1 -33 -28 -20 34 -26 -2 -9 16 -39 9 -14 -26 -23 0 22 0 4 -13 31 0 33 0 -15 0 22 0 0 34 
43 28 43 15 45 47 4 -37 21 -10 -35 0 40 0 16 25 -25 0 0 43 0 0 -10 25 37 22 7 -26 -1 28 0 10 -40 -2 -27 -16 -41 0 34 5 0 0 8 0 -5 0 0 25 0 27 -43 -34 -35 11 41 0 49 0 0 0 1 13 37 -28 37 0 -20 -11 -11 -12 0 0 -14 4 -29 38 20 10 15 0 0 -39 -2 -40 -31 35 -27 -48 -5 6 
-40 0 -32 45 -23 0 27 -31 23 0 25 24 -39 -38 33 0 -4 0 -16 -12 0 18 24 16 -37 0 -12 -47 41 24 -35 -30 -48 24 41 0 26 -40 0 0 -43 20 13 20 -29 43 -24 36 0 -10 0 -13 0 49 -39 30 -49 0 -11 -37 -23 -42 24 -13 0 0 -5 -49 0 0 -37 0 37 -10 4 -29 42 0 -43 -28 0 37 -39 -26 36 -42 21 0 0 4 
25 -47 0 47 0 -33 -12 -9 8 -45 0 -19 -26 -40 -22 0 -16 0 33 49 18 -42 -13 0 -2 -28 21 -38 -40 26 25 45 39 0 0 -25 39 46 -44 -19 42 29 0 -45 -41 26 1 0 9 39 0 23 23 -1 -4 2 -41 -34 -19 -28 19 -23 -39 38 30 0 0 13 -10 -42 0 -22 -16 47 36 -27 0 0 3 -7 -4 34 -34 -13 -10 35 0 0 0 -49 
5 -1 0 4 27 -12 -34 0 -25 30 16 0 9 0 -33 47 0 0 36 0 0 25 0 20 15 -34 3 0 0 32 -10 -46 46 0 0 -16 -37 -2 0 29 -43 0 -8 20 0 0 0 0 -37 40 0 -39 0 -13 0 25 1 0 0 -18 -33 -35 0 0 7 -40 0 -7 0 -31 21 0 34 17 0 -24 -40 49 -40 -29 -22 43 0 25 -10 7 -33 0 0 0 
36 39 43 -37 -31 -9 0 0 -28 -20 20 -10 17 42 -3 0 18 10 9 0 0 23 0 0 -46 0 12 -47 34 -42 -38 0 49 0 -11 21 0 0 2 7 25 -8 10 23 -48 0 -13 36 0 0 27 31 41 8 1 -17 32 0 0 -32 0 0 -19 -38 -18 -42 4 -43 21 20 0 47 -11 30 -20 0 42 22 -8 8 45 37 0 -2 46 40 0 6 48 32 
0 -27 43 21 23 8 -25 -28 26 -20 0 -14 23 15 3 4 10 8 -41 -19 40 -47 -31 0 -6 0 -24 -27 19 33 -6 -16 0 17 8 0 36 -37 -17 0 40 -24 -2 1 0 47 34 -13 0 -30 0 0 24 19 2 -32 27 -40 -10 -47 28 0 0 -13 -16 0 9 34 -38 39 -25 0 0 12 14 3 19 -5 42 0 -45 0 0 -7 8 10 38 46 30 -7 
14 -49 -43 -10 0 -45 30 -20 -20 -45 0 -18 -35 -43 -3 13 1 0 -41 -45 -4 8 0 45 0 -14 -24 38 -34 -45 16 0 47 34 0 32 -48 5 0 -13 8 11 -5 0 10 -38 0 25 0 -42 -10 14 5 -42 46 8 46 -44 0 0 0 0 -5 19 -44 29 0 44 0 8 5 30 -7 28 0 3 -22 2 40 36 46 1 0 -10 19 0 -6 0 0 0 
-5 -29 13 -35 25 0 16 20 0 0 0 -18 0 -14 22 -29 30 -28 28 36 25 -39 8 -5 -39 46 -43 0 0 0 37 -14 4 14 -19 10 -6 49 0 0 -11 12 0 0 -33 -37 -3 24 -34 0 -26 32 11 -41 -10 0 17 -8 -3 -17 0 30 14 23 42 -25 13 30 -41 0 0 0 11 0 -2 0 0 38 42 0 0 -35 6 13 -4 10 -32 -36 -4 -46 
11 -27 0 0 24 -19 0 -10 -14 -18 -18 32 43 19 0 7 -13 0 0 -27 -30 31 20 -6 0 24 44 22 47 -19 0 0 20 5 29 42 -6 8 3 7 -26 21 26 26 -28 -26 -4 -8 8 30 0 -22 44 22 -48 26 -2 8 18 0 20 14 39 0 -15 0 35 14 0 0 -33 33 16 -37 0 -37 43 -10 20 -17 0 17 0 0 43 0 -7 30 17 13 
49 21 0 40 -39 -26 9 17 23 -35 0 43 0 0 10 0 13 39 49 0 4 0 -42 37 -6 48 4 9 -26 12 7 11 27 -21 0 0 10 37 27 -24 4 39 0 25 27 30 40 0 23 38 -49 -25 1 -32 -9 -36 -17 9 9 0 -7 8 33 36 -18 27 -16 33 0 17 -38 -47 -7 0 0 2 -31 11 48 -21 0 0 -29 -36 -13 9 0 0 -29 10 
18 -17 -38 0 -38 -40 0 42 15 -43 -14 19 0 0 -35 3 -15 3 42 5 31 -8 0 -17 0 20 -1 10 42 0 -2 4 41 10 38 -22 -44 -46 -6 0 3 5 -21 -11 39 -36 26 0 0 0 22 7 -45 0 47 -41 0 -44 33 9 0 40 30 -21 0 -19 -12 17 -12 -45 4 0 38 0 0 0 -8 0 0 0 -28 0 35 5 35 -31 -49 0 0 27 
11 45 32 16 33 -22 -33 -3 3 -3 22 0 10 -35 0 0 0 0 0 0 0 0 19 5 12 47 -30 29 -18 -27 -44 0 1 23 0 25 34 -49 -24 0 0 -22 0 -24 0 0 0 -47 0 30 7 41 -43 17 4 22 -46 42 -39 0 -14 -21 -15 8 25 0 -31 -40 0 0 -41 32 45 0 23 -38 -46 -23 -4 -7 5 -48 -31 -26 -41 22 10 0 0 -40 
-1 29 0 25 0 0 47 0 4 13 -29 7 0 3 0 0 -42 -39 46 -20 11 -38 0 -19 -29 -49 16 0 29 -25 22 47 0 -18 0 37 16 21 0 -16 -27 -26 22 -38 0 26 26 0 20 0 12 32 35 0 18 43 0 0 -28 -4 1 -47 43 0 48 48 -48 26 -28 -8 0 0 -1 0 0 12 40 0 0 -21 0 39 0 0 -1 2 0 -22 39 4 
28 0 35 -25 -4 -16 0 18 10 1 30 -13 13 -15 0 -42 -16 -34 0 -1 -42 0 0 7 11 -2 46 -43 -12 3 4 -44 29 0 -8 -22 -24 -21 0 46 49 -38 0 46 40 46 14 2 -30 40 36 37 0 -21 20 10 0 0 -19 33 24 38 20 32 32 0 0 -20 -32 41 0 3 26 0 3 26 8 0 23 38 0 15 8 0 -33 -9 11 -45 31 -46 
36 41 -3 0 0 0 0 10 8 0 -28 0 39 3 0 -39 -34 8 0 -4 11 41 -25 36 -48 45 -29 25 35 -30 40 -13 -10 0 0 -7 -9 -35 41 -23 47 -24 -15 49 -6 1 47 38 8 -3 -35 -48 -6 24 -3 0 -27 -26 14 22 -27 -14 15 -21 -45 -1 20 -40 -38 0 20 0 0 0 16 31 0 49 0 -40 0 25 -15 0 -18 -41 0 23 20 0 
22 32 -28 0 -16 33 36 9 -41 -41 28 0 49 42 0 46 0 0 -7 -40 30 -34 -20 -33 -29 20 -43 0 44 0 -38 -37 -41 21 17 -19 39 21 -30 -26 -30 -25 3 -15 47 -14 0 36 7 0 0 11 42 15 0 30 -45 -42 8 -16 -42 27 0 42 41 18 0 0 0 -45 0 -28 0 14 -5 29 -11 -19 6 -17 -35 -22 0 18 -11 -40 43 -38 -24 -33 
16 0 0 43 -12 49 0 0 -19 -45 36 -27 0 5 0 -20 -1 -4 -40 0 -27 1 3 22 35 -27 -20 8 35 0 29 -9 0 19 0 28 0 25 -3 25 -34 0 -9 -40 0 -7 28 10 4 -11 19 0 4 -35 40 0 -23 32 -40 0 0 13 27 0 47 4 -39 0 0 29 -29 -44 38 -3 13 25 14 14 -48 -4 33 -45 49 0 28 0 -46 0 29 0 
24 17 0 0 0 18 0 0 40 -4 25 -30 4 31 0 11 -42 11 30 -27 -29 0 0 0 46 33 -27 37 27 -23 -25 0 0 43 -42 -45 -31 -15 49 12 -14 0 42 -36 -29 -21 0 22 49 -21 15 -5 -38 0 -2 -24 0 0 -22 -43 -45 14 34 -17 17 36 41 21 46 -5 -33 -49 5 0 -38 0 0 -39 0 37 10 0 20 0 -31 26 8 -45 0 -17 
0 -31 17 0 18 -42 25 23 -47 8 -39 31 0 -8 0 -38 0 41 -34 1 0 9 -19 23 6 8 -41 -18 28 -23 -15 -3 24 -33 0 0 -46 -28 0 36 -8 0 -29 0 37 -44 18 -18 23 0 -1 9 -44 11 -3 0 0 0 -39 -7 27 3 -42 40 15 0 -34 -39 34 0 0 0 -44 32 0 0 -31 0 -20 45 -20 36 49 -34 0 -41 0 31 -40 -41 
0 25 -5 -10 24 -13 0 0 -31 0 8 20 -42 0 19 0 0 -25 -20 3 0 -19 -7 -18 0 -11 10 0 -44 -33 0 0 -38 28 19 -28 47 -34 0 -10 18 -19 46 -10 -6 10 -14 -42 31 0 0 0 0 6 0 -27 -36 27 37 0 23 0 13 -46 -28 5 0 -41 -16 4 -49 -5 -26 -39 37 0 8 -22 15 -33 -38 39 44 -21 12 0 1 12 -36 -3 
49 -27 30 25 16 0 20 0 0 45 -5 -6 37 -17 5 -19 7 36 -33 22 0 23 -18 36 -26 15 10 -31 -43 45 0 -18 6 0 -15 33 0 7 0 0 0 -14 0 -10 49 34 -46 0 -5 40 0 0 -47 -9 25 45 19 15 16 -27 37 0 15 -13 22 49 -44 0 -15 0 -17 5 -47 0 34 0 0 -45 -44 -27 -2 0 -9 0 0 -30 36 27 35 9 
18 0 0 37 -37 -2 15 -46 -6 0 -39 0 -6 0 12 -29 11 -48 -29 35 46 6 0 -26 -4 1 41 0 20 0 -7 0 0 0 -29 46 0 0 27 -31 -35 -28 -26 -12 35 -25 42 0 0 0 3 16 -36 -29 40 30 -28 19 42 9 -7 9 -38 0 -38 31 13 41 13 5 0 34 -36 9 -18 7 38 0 -43 24 0 43 0 -32 0 -41 0 6 0 -37 
-31 24 -33 22 0 -28 -34 0 0 -14 46 24 48 20 47 -49 -2 45 20 -27 33 8 -11 15 1 46 0 -21 0 -20 0 36 45 0 0 -22 -24 47 0 0 -30 -15 -5 0 17 0 0 -31 40 17 -5 0 0 0 48 0 31 -38 38 -24 7 -47 0 -11 0 -9 -7 -4 20 28 0 -42 -38 -9 0 -20 -43 28 -10 34 0 -46 18 15 -21 24 -45 -40 -18 -31 
0 0 -23 7 -12 21 3 12 -24 -24 -43 44 4 -1 -30 16 46 -29 -43 -20 -27 -41 10 10 41 0 -17 -3 27 -46 3 -23 21 36 0 0 28 -26 -36 44 -19 -12 0 0 6 27 -15 -46 -11 0 0 0 29 0 0 4 18 47 0 0 -43 10 0 -34 46 5 18 -12 36 -45 -11 0 -13 -17 0 -23 -2 23 28 0 20 0 0 0 43 25 0 10 0 23 
-44 0 -5 -26 -47 -38 0 -47 -27 38 0 22 9 10 29 0 -43 25 0 8 37 -18 0 -31 0 -21 -3 -20 24 -46 0 0 -49 23 0 15 0 0 0 -18 -8 49 0 -35 33 0 37 38 0 36 -31 -43 0 0 17 28 0 -40 47 0 24 0 8 34 18 0 30 0 2 31 -23 -22 0 0 0 0 0 0 42 0 13 -20 45 0 27 0 -37 0 27 -36 
-49 -8 3 -1 41 -40 0 34 19 -34 0 47 -26 42 -18 29 -12 35 44 35 27 28 -44 -43 20 0 27 24 -19 -14 -42 -20 -30 -42 34 0 0 22 -41 -35 0 22 45 0 0 -46 0 -7 -5 0 -34 -37 36 37 10 0 -29 34 -19 48 11 0 -45 25 8 0 41 18 -41 -12 26 0 -15 26 0 -40 11 -19 39 -18 0 0 0 17 0 13 22 0 39 -32 
0 0 45 28 24 26 32 -42 33 -45 0 -19 12 0 -27 -25 3 -30 0 0 -23 -23 -33 45 0 -20 -46 -46 -14 0 -14 0 -42 12 12 0 -10 0 -13 35 26 0 23 -40 23 -41 41 31 41 4 0 -43 -25 -1 0 0 35 40 0 0 0 -26 0 -23 43 -44 0 0 -6 49 -15 24 24 -9 -35 17 43 37 14 0 35 -2 -26 2 -11 0 0 -43 39 -29 
0 46 -20 0 -35 25 -10 -38 -6 16 37 0 7 -2 -44 22 4 40 -38 29 -25 -15 0 0 -7 0 3 0 -42 -14 -15 -24 27 0 0 -26 -30 0 -13 -40 -15 0 10 25 0 -12 0 -48 27 -7 1 -44 0 0 -36 48 25 -28 -9 7 0 0 -40 -43 0 36 -36 0 0 2 -30 -40 -49 32 42 46 35 -23 23 -27 -38 3 -26 -30 25 17 47 -22 -17 22 
-23 16 13 10 -30 45 -46 0 -16 0 -14 0 11 4 0 47 -44 -13 -37 -9 0 -3 0 -18 0 36 -23 0 -20 0 -24 -13 25 2 23 -37 -11 0 -46 20 -39 -13 26 0 29 2 7 -39 -36 34 -4 44 7 36 -40 46 28 0 38 0 44 21 14 48 21 29 15 0 -29 46 31 25 48 0 39 0 0 -39 0 -32 42 -48 0 -41 -17 17 -34 46 34 -1 
40 0 0 -40 -48 39 46 49 0 47 4 20 27 41 1 0 29 -10 -41 0 0 24 -38 6 0 45 21 -49 -30 -42 27 25 -35 -27 0 46 -39 8 0 27 17 12 8 -2 0 -3 -27 -45 0 -46 -32 18 -12 0 -19 14 0 0 -10 -25 -29 -42 0 -17 4 4 13 -25 18 -28 0 -2 -12 0 0 0 -30 0 0 -45 0 -6 -33 -2 0 16 18 0 32 -32 
0 -46 -15 -2 24 0 0 0 17 34 14 5 -21 10 23 -18 0 0 21 19 43 -33 28 0 0 0 36 23 -42 12 0 2 -27 -18 7 49 0 -5 -38 46 -10 -16 1 -33 0 -28 39 47 -2 0 0 34 5 0 0 29 0 35 -26 0 8 0 -22 12 13 0 28 25 -37 0 -37 -15 0 16 19 -49 49 0 44 -44 -45 -4 30 37 3 0 37 -38 2 -46 
0 -20 0 -27 41 0 0 -11 8 0 -19 29 0 38 0 0 -8 0 17 0 -42 0 19 -15 -29 0 0 0 34 12 0 23 0 7 0 0 -24 0 -43 23 13 16 41 0 19 -23 19 13 0 46 21 34 1 44 10 3 -3 20 12 -36 0 0 47 12 -23 0 -17 11 10 -40 -3 -20 47 46 10 33 0 -32 0 0 -26 31 0 0 36 0 49 10 45 46 
40 0 0 -16 0 -25 -16 21 0 32 10 42 0 -22 25 37 -22 -7 -19 28 -45 0 -28 33 46 -22 0 15 0 0 -26 -37 46 49 0 0 49 0 0 10 -35 0 -3 -6 -5 -15 11 0 -41 -42 30 0 8 -2 0 20 0 -12 27 40 1 43 15 0 0 4 -3 -9 21 0 -33 -28 0 0 34 -28 31 37 0 3 0 12 0 -25 0 -10 10 46 0 -5 
26 -43 18 -41 26 39 -37 0 36 -48 -6 -6 10 -44 34 16 -24 -9 39 0 -31 -46 47 0 0 -24 28 0 0 -10 -30 -11 -39 0 -24 49 38 0 0 -44 29 -21 46 -2 0 46 -44 21 29 27 0 -30 39 0 17 -7 0 0 -40 35 0 21 6 -36 18 8 44 -3 0 0 0 30 -13 29 10 -16 -48 0 0 0 -5 3 0 -2 0 -25 6 -28 0 2 
0 -12 32 0 -40 46 -2 0 -37 5 49 8 37 -46 -49 21 -21 -35 21 25 -15 -28 -34 7 0 47 -26 0 22 0 0 0 8 -5 0 0 0 -11 0 -24 32 -37 -42 -41 9 23 36 -40 2 0 0 0 -21 -28 0 -1 44 0 -35 40 -36 -40 -2 38 0 45 -33 15 22 -9 0 -1 4 0 0 -32 0 13 10 -45 -10 -35 0 36 39 43 48 -13 -28 38 
-45 5 -21 34 0 -44 0 2 -17 0 0 3 27 -6 -24 0 0 41 -30 -3 49 0 0 0 27 0 -36 0 -41 -13 -13 -46 0 -38 -43 0 0 0 0 0 0 -44 31 -26 -24 0 23 0 -6 22 38 0 5 -19 21 0 0 20 -32 -9 -34 -33 -40 5 0 0 0 -26 33 39 -17 -14 22 -1 21 -41 -18 0 -14 0 26 0 7 -25 0 0 0 0 0 28 
-18 12 0 5 0 -19 29 7 0 -13 0 7 -24 0 0 -16 46 -23 -26 25 12 36 -10 0 -31 0 44 -18 -35 35 -40 20 27 46 23 10 -44 -24 0 14 0 48 34 2 -39 11 7 2 0 -40 3 0 20 9 0 -13 -48 43 0 -34 -38 0 0 -45 44 0 0 3 -26 -3 -18 47 0 0 0 -45 43 0 -27 -30 0 -32 36 4 0 0 -40 -6 0 9 
48 19 27 0 -43 42 -43 25 40 8 -11 -26 4 3 0 -27 49 47 -30 -34 -14 -8 18 0 -35 -30 -19 -8 0 26 -15 -39 17 -10 13 -35 29 32 0 0 -7 0 0 -37 0 28 34 0 14 -20 -6 -16 -26 35 21 0 0 20 47 46 -6 -19 -33 35 33 -11 24 27 0 -42 0 40 6 -39 0 0 -35 -19 0 9 -34 0 -26 25 0 -18 -32 26 -17 0 
-9 5 0 0 20 29 0 -8 -24 11 12 21 39 5 -22 -26 -38 -24 -25 0 0 0 -19 -14 -28 -15 -12 49 22 0 0 -13 12 -16 16 0 -21 -37 -44 48 0 -29 -14 21 9 48 -28 0 37 -9 -34 45 -24 -38 0 -24 22 0 -36 -8 5 14 31 -32 9 17 42 16 0 -13 -24 0 -2 42 -8 0 -35 0 40 32 0 6 -22 46 27 0 0 -43 0 -14 
42 33 -22 8 13 0 -8 10 -2 -5 0 26 0 -21 0 22 0 -15 3 -9 42 -29 46 0 -26 -5 0 0 45 23 10 26 8 1 41 -3 46 -42 31 34 0 -14 36 26 10 -10 0 0 0 -6 30 -14 9 -16 -9 3 30 39 0 -41 31 0 7 16 -35 -44 -49 -31 0 0 41 18 -24 36 -26 0 -42 0 -32 34 -17 -38 0 1 0 35 22 0 36 0 
1 38 13 0 20 -45 20 23 1 0 0 26 25 -11 -24 -38 46 49 -15 -40 -36 0 -10 -10 -12 0 0 -35 0 -40 25 0 -2 -33 0 -6 -2 -41 -26 2 -37 21 26 35 -20 -6 -23 13 -26 6 -34 -36 -25 -5 -23 -44 19 46 0 -10 -17 3 40 -17 0 0 0 0 0 0 -44 -13 11 0 38 -7 12 4 -21 46 0 -21 -45 -38 16 -4 13 25 30 1 
21 34 30 -5 -29 -41 0 -48 0 10 -33 -28 27 39 0 0 40 -6 47 0 -29 37 -6 49 35 17 6 33 0 23 0 29 0 0 19 -5 0 9 -24 -39 0 9 10 -20 47 43 -32 -37 0 0 8 0 -1 -28 14 0 0 37 -18 22 -23 0 -5 0 -5 0 -8 -13 -45 33 0 -44 -18 43 0 -12 27 16 30 0 0 31 16 0 0 -46 0 8 -22 0 
-49 -6 0 0 43 26 0 0 47 -38 -37 -26 30 -36 0 26 46 1 -14 -7 -21 -44 10 34 -25 0 27 0 -46 -41 -12 2 -3 -28 -23 -15 46 23 0 11 28 48 -10 -6 43 7 9 0 44 -31 14 -12 0 31 16 0 34 -22 31 0 -33 0 -31 0 -30 0 17 0 46 0 -40 33 -37 41 41 -25 22 -32 0 40 46 0 44 -44 29 -39 -5 0 0 0 
39 -37 -22 0 -24 1 0 -13 34 0 -3 -4 40 26 0 26 14 47 0 28 0 18 -14 -46 42 0 -15 37 0 41 0 7 -27 39 19 11 -44 36 23 7 34 -28 0 -23 -32 9 18 21 0 -18 34 28 0 13 -34 12 -10 38 39 -34 0 23 4 -24 -39 -23 -36 -46 -36 -27 -11 15 0 28 0 26 -2 0 3 0 0 -47 -48 6 0 41 -32 -7 -33 -37 
17 -17 32 25 36 0 0 36 -13 25 24 -8 0 0 -47 0 2 38 36 10 22 -18 -42 0 0 -31 -46 38 -7 31 -48 -39 -45 47 13 0 21 -40 0 2 0 0 0 13 -37 0 21 43 -26 0 0 21 -37 19 17 22 0 -38 0 -29 -24 0 25 -42 -27 3 23 -26 -35 -30 11 -38 -40 -18 21 0 -33 -6 32 0 38 42 -1 -32 0 -36 0 -35 42 0 
27 -33 4 0 0 9 -37 0 0 0 -34 8 23 0 0 20 -30 8 7 4 49 23 31 -5 0 40 -11 0 -5 41 27 -36 0 -2 0 -41 29 2 -6 0 14 37 0 -26 0 44 0 -26 10 0 0 -40 -33 36 19 10 1 -20 -24 -35 0 36 -27 12 0 19 31 33 0 -7 26 -12 -49 0 7 0 24 17 43 0 30 -36 18 -35 -36 36 6 30 0 -37 
8 23 -48 27 -10 39 40 0 -30 -42 0 30 38 0 30 0 40 -3 0 -11 -21 0 0 40 0 17 0 36 0 4 -7 34 -46 0 46 -42 27 0 22 -40 -20 -9 -6 6 0 -31 -18 0 0 -35 -15 3 -21 8 0 7 0 28 -40 0 0 36 -21 0 0 -17 0 16 0 7 0 35 -15 5 -23 30 -13 28 -42 0 -9 26 37 25 -11 33 0 0 -21 0 
22 -33 0 -43 0 0 0 27 0 -10 -26 0 -49 22 7 12 36 -35 0 19 15 -1 0 0 3 -5 0 -31 -34 0 1 -4 -32 0 21 30 0 0 38 3 -6 -34 30 -34 8 14 34 0 0 -15 -44 39 14 15 27 -41 -34 -28 0 36 -1 0 -36 44 13 -8 0 22 0 21 0 -46 0 -22 -17 5 -8 25 0 48 0 10 26 0 0 0 0 46 0 -27 
31 0 0 -34 -13 23 -39 31 0 14 32 -22 -25 7 41 32 37 -48 11 0 -5 9 0 0 16 0 0 -43 -37 -43 -44 44 18 34 34 0 -30 0 0 0 -16 45 -14 -36 0 -12 28 21 -40 3 39 -32 40 0 23 24 -28 10 -25 0 15 15 -2 0 38 -35 -20 -19 -29 -17 34 0 0 0 0 19 -43 -39 -8 -1 -26 -9 19 0 16 -33 -2 -47 36 44 
42 0 -12 -35 0 23 0 41 24 5 11 44 1 -45 -43 35 0 -6 42 4 -38 -44 0 -47 -36 0 29 0 36 -25 0 7 -12 5 1 8 39 -21 5 20 -26 -24 9 -25 -1 0 0 -37 -33 -21 14 40 -47 23 0 0 0 4 0 33 0 3 32 14 34 -14 24 46 47 15 -48 -17 37 -7 14 -17 -17 0 -6 6 21 -21 38 -28 35 49 0 11 22 -28 
0 0 0 11 49 -1 -13 8 19 -42 -41 22 -32 0 17 0 -21 24 15 -35 0 11 6 -9 -29 0 0 0 37 -1 0 36 0 0 44 -2 0 -28 -19 9 35 -38 -16 -5 -28 31 13 19 36 8 15 0 23 -36 7 -31 21 -49 0 -10 37 0 -40 -19 0 -6 -8 -39 41 -14 0 -42 31 36 0 -33 -39 -31 -32 0 -10 0 -15 -26 -23 45 0 21 -22 -30 
25 0 -48 41 -39 -4 0 1 2 46 -10 -48 -9 47 4 18 20 -3 0 40 -2 -3 0 25 40 48 0 17 10 0 -36 -40 -19 0 10 0 17 0 21 0 21 0 -9 -23 14 16 -34 17 19 0 27 23 0 7 47 4 0 -35 0 -16 7 4 7 -45 23 31 -26 0 0 -31 -3 -1 -23 0 26 -42 32 -4 -23 49 32 0 0 -38 -15 -44 -34 0 35 17 
0 0 22 0 30 2 25 -17 -32 8 0 26 -36 -41 22 43 10 0 30 0 -24 0 -27 45 30 0 4 28 0 0 48 46 14 29 3 20 -7 -1 0 -13 0 -24 3 -44 0 0 12 22 10 7 -41 24 0 -31 4 8 -24 0 0 -28 4 -11 -4 -23 -35 30 -32 -7 33 42 37 20 -14 -11 38 1 -32 -24 0 29 0 39 0 0 33 47 -11 -49 2 -35 
-40 38 0 49 -49 -41 1 32 27 46 17 -2 -17 0 -46 0 0 -27 -45 -23 0 0 -36 19 -28 31 18 0 -29 35 25 28 0 0 -3 0 0 44 0 -48 0 22 30 19 0 34 -10 0 1 0 -34 -28 0 21 0 -24 11 1 3 -38 -10 -42 0 12 -12 -16 0 -13 0 -47 -19 28 -23 0 16 -20 15 9 0 0 -45 -11 -8 0 31 -6 19 0 48 16 
13 0 0 0 0 -34 0 0 -40 -44 -8 8 9 -44 42 0 0 -26 -42 32 0 0 27 15 19 -38 47 -40 34 40 -28 0 0 35 20 -12 0 0 20 43 20 0 39 46 37 -22 38 -38 -20 28 -28 10 4 -49 -35 0 1 0 -42 -15 5 -10 36 -25 -35 14 -14 -30 5 -38 0 0 -27 -1 0 -35 27 37 -18 2 8 -20 0 0 0 39 12 12 -47 49 
24 0 -7 0 -11 -19 0 0 -10 0 -3 18 9 33 -39 -28 -19 14 8 -40 -22 -39 37 16 42 38 0 47 -19 0 -9 38 -10 -26 12 27 -40 -35 -32 0 47 -36 0 0 -18 31 39 0 -24 -40 0 -25 0 0 0 0 3 -42 0 -30 -29 -32 0 -47 -11 23 0 0 24 0 -29 25 -6 -37 19 28 37 -35 -47 0 0 14 24 -14 0 0 0 15 -1 -37 
-31 -7 0 0 -37 -28 -18 -32 -47 0 -17 0 0 9 0 -4 33 22 -16 0 -43 -7 0 -27 9 -24 0 0 48 0 7 0 -25 0 -36 40 35 40 -9 -34 46 -8 -41 -10 22 0 -34 -29 -35 0 36 0 33 -10 -16 -28 -38 -15 -30 36 -9 8 -43 0 0 0 -46 0 0 0 -28 -34 -17 0 18 0 -47 22 -14 29 0 0 26 -5 0 -21 3 0 -5 0 
32 0 -26 1 -23 19 -33 0 28 0 0 20 -7 0 -14 1 24 -27 -42 0 -45 27 23 37 -7 7 -43 24 11 0 0 44 -29 8 0 1 0 -36 -34 -38 -6 5 31 -17 -23 -33 0 -24 0 0 -1 15 0 37 7 4 -10 5 -29 -9 -2 -35 -43 -43 47 0 0 4 0 0 25 -24 -22 0 0 45 0 0 0 18 8 -36 0 0 16 44 18 -42 -20 31 
4 0 1 13 -42 -23 -35 0 0 0 30 14 8 40 -21 -47 38 -14 27 13 14 3 0 0 9 -47 10 0 0 -26 0 21 -42 0 0 43 21 -40 -33 0 -19 14 0 3 0 0 23 0 36 36 0 15 3 0 4 -11 -42 -10 -32 8 -35 -40 -40 39 11 -42 12 -40 29 0 2 0 -48 -22 -2 -10 20 0 30 11 45 37 27 -25 -47 1 0 0 0 32 
-23 49 -33 37 24 -39 0 -19 0 -5 14 39 33 30 -15 43 20 15 0 27 34 -42 13 15 -38 0 0 8 -45 0 -40 14 0 -22 47 15 6 -2 -40 0 -33 31 7 40 -5 -31 4 25 -27 -21 -36 -2 32 -40 7 -4 0 36 0 -43 -43 -40 30 -46 -4 0 34 11 0 9 -34 -43 0 44 17 -18 0 -15 -11 0 0 -13 0 0 0 -8 1 -1 11 -11 
0 -19 -28 -28 -13 38 0 -38 -13 19 23 0 36 -21 8 0 32 -21 42 0 -17 40 -46 -13 0 -11 -34 34 25 -23 -43 48 -17 12 12 0 -36 38 5 -45 35 -32 16 -17 0 0 -24 -42 12 0 44 0 14 -19 -45 -23 12 -25 -47 0 -43 39 -46 0 0 47 -8 9 0 4 0 0 -29 17 2 -4 27 0 -21 32 -43 23 2 -31 1 0 -21 13 -37 10 
-10 44 -20 37 0 30 7 -18 -16 -44 42 -15 -18 0 25 48 32 -45 41 47 17 15 -28 22 -38 0 46 18 8 43 0 21 4 13 -23 0 18 0 0 44 33 9 -35 0 -5 -30 -39 -27 0 0 13 38 34 0 23 -35 -12 -35 -11 0 47 11 -4 0 0 0 23 14 -48 -29 -13 1 7 -39 18 14 -36 0 9 0 0 -14 17 0 28 -29 12 44 49 22 
-34 -31 34 0 0 0 -40 -42 0 29 -25 0 27 -19 0 48 0 -1 18 4 36 0 5 49 31 -9 5 0 0 -44 36 29 4 0 0 4 8 45 0 0 -11 17 -44 0 0 0 -23 3 19 -17 -8 -35 -14 -6 31 30 -16 14 23 0 0 -42 0 47 0 41 41 7 25 49 -17 3 -3 43 -33 0 -48 0 -32 0 -36 -42 -41 0 -47 2 0 0 -4 11 
0 0 -26 -20 -5 0 0 4 9 0 13 35 -16 -12 -31 -48 0 20 0 -39 41 -34 0 -44 13 -7 18 30 41 0 -36 15 13 28 -17 -3 44 -33 0 0 24 42 -49 0 -8 17 -36 23 31 0 0 -20 24 -8 -26 -32 0 -14 0 -46 0 12 34 -8 23 41 3 0 0 27 1 28 -23 20 -23 -20 -1 0 13 0 -48 24 -2 30 -32 -48 9 -2 31 44 
-17 42 -2 -11 -49 13 -7 -43 34 44 30 14 33 17 -40 26 -20 -40 0 0 21 -39 -41 0 41 -4 -12 0 18 0 0 0 -25 25 11 -9 -3 15 -26 3 27 16 -31 0 -13 0 -46 -26 33 16 22 -19 46 -39 0 -7 -13 -30 0 0 4 -40 11 9 14 7 0 -36 0 8 12 42 -26 27 -36 38 0 -29 15 47 0 -49 -1 2 23 -33 21 28 7 22 
0 -15 -9 -11 0 -10 0 21 -38 0 -41 0 0 -12 0 -28 -32 -38 0 0 46 34 -16 -15 13 20 36 2 -41 -6 0 -29 18 -37 10 21 0 22 33 -26 0 0 0 0 -45 46 -36 -35 0 0 0 -29 47 41 0 33 0 5 24 0 0 29 0 0 -48 25 0 0 0 -26 28 0 -13 0 -8 -28 36 -32 2 0 0 43 22 0 31 14 -24 -17 -31 -24 
-4 -24 16 -12 0 -42 -31 20 39 8 0 0 17 -45 0 -8 41 0 -45 29 -5 0 4 0 5 28 -45 31 -12 49 2 46 -28 0 -40 0 0 -9 39 -3 -42 -13 0 0 33 0 -27 -30 -7 7 21 -17 15 -14 -31 42 -47 -38 0 0 0 0 9 4 -29 49 27 8 -26 0 0 45 19 0 -26 13 44 0 -38 -7 -10 16 0 -45 48 27 0 47 14 -8 
-44 -1 -39 0 -37 0 21 0 -25 5 0 -33 -38 4 -41 0 0 20 0 -29 -33 0 -49 -17 0 0 -11 -23 26 -15 -30 31 0 -37 -3 -33 0 0 -17 -18 0 -24 41 -44 0 -40 -11 11 26 0 0 34 -48 0 -3 37 -19 0 -29 -28 25 2 -34 0 -13 -17 1 12 28 0 -18 9 -26 -21 18 16 43 30 18 -14 49 42 47 18 3 -21 -30 6 12 0 
6 -37 9 0 0 -22 0 47 0 30 0 33 -47 0 32 0 3 0 -28 -44 -49 0 -5 5 34 -42 0 -22 0 24 -40 25 -2 -15 -20 -28 30 -1 -14 47 40 0 18 -13 -44 33 15 -38 -12 35 -46 0 -17 -42 -1 20 28 0 25 -34 -24 0 -43 0 1 3 28 42 0 45 9 0 0 2 -47 0 -44 -15 0 17 -9 0 -21 36 15 0 -45 0 7 -4 
-42 30 -14 -14 37 -16 34 -11 0 -7 11 16 -7 38 45 -1 26 0 0 38 5 -44 -26 -47 -36 -38 -13 0 -15 24 -49 48 -12 0 47 0 -13 4 22 0 6 -2 -24 11 -18 -37 0 -40 -49 -15 0 0 37 31 -23 -14 -23 -27 -6 -17 -22 -48 0 -29 7 -3 -23 -26 -13 19 -26 0 19 0 0 0 0 -4 -34 -28 0 -19 31 39 -43 -14 1 31 35 -19 
39 -31 -26 4 -10 47 17 30 12 28 0 -37 0 0 0 0 0 0 14 -3 0 32 -39 0 9 -9 -17 0 26 -9 32 0 0 16 46 0 29 0 -1 0 -39 42 36 0 43 41 28 -18 0 5 -22 0 -7 36 0 -11 0 -1 -37 0 0 -22 44 17 -39 43 20 27 0 0 -21 2 0 0 0 -49 -31 -22 17 -31 -34 15 3 -24 -24 -47 36 0 -12 -31 
8 0 -23 -29 4 36 0 -20 14 0 -2 0 0 0 23 0 3 16 -5 13 -38 0 37 34 -18 0 0 0 0 -35 42 39 0 19 10 34 10 0 21 0 0 -8 -26 38 0 41 0 21 7 -23 -17 0 14 0 26 38 16 0 19 18 0 -2 17 2 18 -33 -23 -36 -8 -26 18 -47 0 0 14 48 15 0 22 -49 -5 -14 -4 -16 0 -31 -13 -26 40 0 
8 31 0 38 -29 -27 -24 0 3 3 0 -37 2 0 -38 12 26 31 29 25 0 0 0 0 7 -20 -23 0 -40 17 46 0 0 -49 33 -28 -16 -32 -41 -45 0 0 0 -7 -12 -25 26 0 0 30 5 19 -17 -33 -42 1 -20 -35 28 0 45 -10 -18 -4 14 0 -20 38 -28 13 16 0 0 -49 48 0 0 13 -20 34 38 0 2 -35 0 0 -33 0 18 0 
3 0 22 20 42 0 -40 42 19 -22 0 43 -31 -8 -46 40 8 0 -11 14 0 -31 8 0 38 -43 -2 0 11 43 35 0 -30 49 0 31 -48 0 -18 43 -35 -35 -42 12 27 22 -2 -33 24 -13 -8 -43 -17 -39 32 -32 15 27 37 -47 0 20 0 27 -36 -48 -1 0 36 44 43 -44 0 -31 15 0 47 41 0 11 0 -41 48 -3 0 46 0 0 23 -38 
-48 38 0 10 0 0 49 22 -5 2 38 -10 11 0 -23 0 0 49 -19 14 -39 0 -22 -45 0 28 23 0 -19 37 -23 -39 0 0 -32 37 0 13 0 0 -19 0 0 4 16 -32 0 -6 17 28 25 -39 0 -31 -4 -24 9 37 -35 22 0 0 -15 0 0 0 0 -29 -32 0 30 -15 -4 -22 0 13 41 -49 28 -41 0 35 33 -38 -12 0 26 -20 46 -20 
17 21 4 15 -43 3 -40 -8 42 40 42 20 48 0 -4 0 23 0 6 -48 0 -20 15 -44 -43 -10 28 42 39 14 23 0 0 44 0 0 0 10 -14 -27 0 40 -32 -21 30 0 3 32 43 -42 0 -8 -6 -32 -23 0 0 -18 -47 -14 0 30 -11 -21 9 -32 13 15 2 -38 18 0 -34 17 22 -20 0 28 -10 0 48 0 -24 0 10 0 -8 -35 0 -8 
29 0 -13 0 -28 -7 -29 8 0 36 0 -17 -21 0 -7 -21 38 -40 -17 -4 37 45 -33 -27 24 34 0 0 -18 0 -27 -32 -45 -44 0 3 0 -45 0 -30 9 32 34 46 0 40 0 0 0 0 48 -1 6 0 49 29 0 2 0 29 18 11 0 32 0 0 0 47 0 -7 -14 17 -28 -31 -49 34 11 -41 0 -49 -23 -30 -29 26 30 -39 0 23 -28 36 
38 29 31 0 0 -4 -22 45 -45 46 0 0 0 -28 5 0 0 0 -35 33 10 -20 -38 -2 0 0 20 13 0 35 -38 42 0 -45 -26 0 -5 -10 26 0 -34 0 -17 0 0 46 0 38 30 -9 0 -26 21 -10 32 0 -45 8 0 0 8 45 0 -43 0 -36 -48 0 0 -10 49 -9 0 -34 -5 38 0 0 48 -23 -38 13 0 47 -32 -41 8 -40 -15 44 
-40 0 0 -39 37 34 43 37 0 1 -35 17 0 0 -48 39 15 25 -22 -45 0 36 39 0 43 -46 0 -20 0 -2 3 -48 -6 -4 31 12 3 -35 0 -32 0 6 -38 -21 31 0 -47 42 -36 26 10 -9 -21 0 0 39 -11 -20 14 0 -36 37 -13 23 -14 -42 24 -49 43 16 42 0 -19 15 -14 0 -41 35 0 -30 13 32 0 15 29 26 -8 0 -5 -4 
-13 4 33 -2 -39 -34 0 0 0 0 6 0 -29 35 -31 0 8 -15 0 49 20 49 44 -9 0 18 0 45 0 -26 -26 0 -33 30 0 0 0 0 7 36 -26 -22 0 -45 16 44 -48 -1 18 37 26 19 38 -15 0 0 -8 0 24 26 0 27 0 2 17 -41 -2 -1 22 0 47 -21 31 3 -4 2 48 33 -24 -29 0 0 43 -23 -41 22 0 17 0 40 
-42 -7 0 -40 -26 -13 25 -2 -7 -10 13 0 -36 5 -26 0 0 0 18 0 0 -34 -21 0 -32 15 0 0 17 2 -30 -41 -2 37 0 -25 -2 36 -25 4 25 46 1 -38 0 -44 6 -32 -35 25 0 0 -28 -26 -38 0 0 0 -14 -5 0 -25 0 -31 0 0 30 2 0 -45 18 36 39 -24 -16 -35 -3 -38 0 26 47 15 -23 1 16 -16 44 0 42 6 
-2 -44 -15 -31 36 -10 -10 46 8 19 -4 43 -13 35 -41 -1 -33 -18 -11 28 -31 0 12 0 0 -21 43 27 0 -11 25 -17 0 3 36 0 0 39 0 0 0 27 0 16 0 29 0 0 -36 -11 0 16 35 -23 -15 33 31 0 0 0 16 -47 0 1 28 -47 -32 23 31 48 3 15 -43 -24 0 0 0 -12 10 30 -32 29 -41 16 4 24 33 0 -33 0 
-38 -27 0 35 -42 35 7 40 10 0 10 0 9 -31 22 2 -9 -41 -40 0 26 -41 0 -30 -41 24 25 0 13 0 17 17 16 0 0 -10 -25 43 0 0 -18 0 35 -4 -46 -39 41 -36 36 33 0 -33 49 45 -44 47 -6 39 0 -21 44 1 -8 0 -29 2 -48 -33 14 27 -21 0 -14 -47 -31 0 46 0 0 -39 -41 26 22 -16 24 0 -45 13 0 46 
-36 10 22 -27 21 0 -33 0 38 -6 -32 -7 0 -49 10 0 11 0 43 -46 8 0 1 36 0 -45 0 -37 22 0 47 -34 18 37 49 10 6 48 0 -40 -32 0 22 13 0 -5 -32 0 6 0 0 -2 0 0 -34 -11 19 12 0 3 18 0 1 -21 12 0 9 21 -24 0 -30 -45 1 36 -13 -33 0 26 -8 0 8 -8 0 44 33 -45 41 47 3 -27 
21 -13 0 -48 0 0 0 6 46 0 -36 30 0 0 0 -22 -45 23 -38 0 -45 31 12 27 6 -40 10 0 0 -43 -22 46 0 -38 10 46 -28 -13 0 -6 26 -43 0 25 8 0 -7 -35 30 0 46 -47 11 21 0 -49 0 12 15 0 -42 0 -1 13 44 0 -2 28 -17 47 6 0 31 0 -26 0 0 -20 -35 23 -40 0 17 0 0 13 47 0 35 18 
28 11 0 -5 0 0 0 48 30 0 -4 17 -29 0 0 39 31 20 -24 29 0 -40 -36 35 0 -18 0 27 39 39 -17 34 32 2 45 0 0 -28 0 0 -17 0 36 30 -22 0 -33 42 0 -21 0 36 22 -22 35 2 48 -47 -1 -5 -20 0 11 -37 49 -4 31 7 -31 14 12 7 35 -12 40 18 23 46 0 -28 -15 -5 0 42 -33 0 3 35 -11 12 
48 41 34 6 4 -49 0 32 -7 0 -46 13 10 27 -40 4 -46 0 -33 0 -17 -41 -3 9 -37 -31 23 -36 -32 -29 22 -1 -32 -46 46 -5 2 38 28 9 0 -14 0 1 0 0 -37 0 -37 0 -27 44 -28 -30 17 -35 16 49 -37 0 31 32 -11 10 22 11 44 22 -24 -8 0 -4 -19 -31 0 0 -38 -20 -8 36 44 -4 40 6 0 46 -27 18 12 -35 
