90
0 0 -11 27 0 0 0 -43 0 23 0 22 0 -41 0 13 0 0 0 0 0 27 -7 6 -6 0 0 0 0 0 10 0 0 0 -36 0 0 0 17 0 17 45 0 0 -37 -33 0 0 0 0 0 0 -17 0 46 0 -1 0 48 -49 0 -27 0 -33 47 0 0 -42 5 0 0 0 0 -32 0 25 0 -41 -37 0 41 0 6 0 0 0 0 -45 0 21 
2 0 23 0 -20 42 14 0 -49 -6 1 0 0 46 0 -16 0 -41 0 19 35 0 0 0 15 0 7 23 19 -49 0 0 -41 0 0 0 1 0 0 0 3 -12 0 1 -8 43 0 0 0 0 23 0 0 0 0 0 45 0 18 0 0 -35 -10 0 46 -41 0 -27 21 0 0 0 0 -20 -36 0 5 -17 0 0 -6 10 0 0 -33 0 0 -47 19 0 
0 -23 -30 0 0 31 -39 0 0 0 0 0 -3 0 38 18 0 0 0 8 -9 0 47 -48 0 12 0 0 0 0 0 17 0 0 22 -8 0 -16 0 36 -36 -5 -29 -1 18 0 0 0 0 32 32 0 30 0 0 -45 0 13 0 0 -32 -3 -44 0 25 -7 -30 0 0 0 -33 0 -16 23 0 0 0 7 0 0 3 0 0 -15 -4 -39 -27 0 0 0 
23 -30 25 0 0 0 -31 0 34 0 -18 0 0 0 16 -43 0 28 -8 -45 0 0 0 48 1 22 -48 -14 7 0 1 -12 0 0 0 0 0 -9 -26 0 0 0 5 36 -2 26 0 0 0 0 0 29 0 -25 0 -3 9 14 2 0 0 -19 0 -21 35 0 -8 -33 0 34 -16 0 42 8 0 -2 0 -35 0 0 32 0 0 0 -11 -33 0 -19 34 5 
0 0 0 0 0 0 33 0 0 0 -31 0 18 0 -25 -1 43 33 -45 -41 -24 0 -13 0 39 19 0 20 0 0 0 22 -23 0 0 0 30 0 0 3 0 0 0 0 0 0 0 40 -28 0 0 0 0 0 0 4 0 20 43 0 -28 0 0 12 -7 -49 0 0 0 -35 0 0 0 -41 -3 0 0 0 0 -48 -10 0 -47 27 -2 0 39 0 0 0 
-20 0 0 0 12 0 0 0 -49 -1 0 -28 -46 39 0 -24 0 -46 0 0 0 0 0 0 0 0 -6 9 0 0 0 0 0 0 -25 -36 39 0 0 -15 47 0 -43 0 0 0 0 18 -4 30 0 0 -5 0 32 -2 10 3 -37 0 0 -18 0 0 5 0 0 -37 -43 -17 0 -27 -31 18 -18 0 0 0 0 0 0 1 0 45 0 36 0 -40 0 40 
42 31 0 0 0 11 0 -27 0 -8 4 0 0 0 0 -22 -23 0 -7 -49 0 0 17 0 0 0 0 0 -2 0 0 -47 0 0 0 0 34 -43 -43 -5 1 0 0 0 0 -28 41 0 9 0 8 0 25 -20 28 0 0 0 0 0 0 0 0 -43 0 -24 39 -47 17 0 0 0 -6 7 -12 0 0 0 0 -20 0 47 0 0 0 0 0 0 18 -9 
14 -39 -31 33 0 0 -27 0 -1 -25 11 48 -45 0 0 0 0 13 0 0 -31 0 0 -9 0 0 -24 35 0 -3 -25 25 0 0 0 -13 1 0 -48 0 17 0 -7 -42 -23 -8 0 3 -16 20 -19 0 0 0 0 12 0 0 37 0 -16 0 0 0 0 -19 0 -29 0 0 -2 -22 0 0 0 4 33 -1 0 0 35 -12 43 0 0 0 0 0 0 19 
0 0 0 0 0 -27 0 0 -41 21 -14 0 0 0 0 3 26 25 19 0 15 0 0 17 38 0 0 0 -33 -49 30 0 25 44 0 -37 12 0 -20 0 0 -24 0 0 0 0 19 3 30 2 0 0 -4 -15 17 24 0 0 0 9 0 0 0 0 -45 0 2 0 0 1 -19 0 0 47 0 -30 -39 -24 -39 -46 -18 -28 0 0 29 -31 0 -2 0 0 
-49 0 34 0 -49 0 -1 -41 -19 0 32 0 -10 0 17 0 29 0 0 12 -40 0 -49 24 40 -2 0 2 0 16 -25 0 0 29 0 -12 28 35 5 40 0 39 0 -17 4 -38 -24 7 0 28 -24 -21 0 0 0 0 9 0 0 5 -46 -20 0 29 0 0 2 0 0 0 0 -40 0 0 0 0 0 0 -43 38 0 0 0 0 0 -39 0 0 0 0 
-6 0 0 0 -1 -8 -25 21 0 3 0 22 10 0 0 0 0 0 0 -10 -23 24 -9 0 -36 -18 -42 0 0 0 32 -3 0 0 -31 29 17 0 -7 42 -4 0 0 35 0 0 0 -36 0 22 1 0 25 0 9 -7 -45 -41 -19 0 -3 3 13 -7 0 0 -38 -15 48 -1 0 20 0 -23 -26 0 0 0 0 0 38 0 0 2 0 -10 0 0 39 -12 
1 0 -18 -31 0 4 11 -14 32 0 0 0 9 0 12 0 14 0 5 0 0 -35 0 0 0 46 0 -25 9 0 -22 0 38 0 0 0 0 0 -39 -46 -42 0 -4 0 -22 0 0 0 -37 -32 0 -15 -39 0 0 -31 0 0 0 0 0 0 -29 0 0 0 33 -10 21 35 0 0 0 -41 0 28 -44 0 0 0 0 -37 37 0 -48 0 0 -5 0 0 
0 0 0 0 -28 0 48 0 0 22 0 0 26 0 32 8 0 0 0 0 37 -8 0 -5 0 0 -47 0 0 0 -44 0 0 0 0 -27 27 0 31 43 48 -37 24 25 0 0 0 0 0 -3 0 0 19 0 35 0 0 -46 33 9 0 -30 0 8 0 0 -34 5 8 0 38 0 0 0 -49 34 0 47 0 0 0 0 -45 8 0 0 0 0 0 0 
0 -3 0 18 -46 0 -45 0 -10 10 9 26 -13 29 -37 -5 36 -32 -40 48 46 -44 0 0 0 -9 0 0 0 34 0 0 0 10 0 0 0 16 33 0 -21 0 20 29 0 -4 -49 0 0 0 44 -10 0 0 2 -25 23 0 -45 30 0 0 0 -5 0 0 23 0 37 41 0 0 0 0 0 48 0 7 0 -5 -20 -45 0 -15 0 0 -43 0 -20 0 
46 0 0 0 39 0 0 0 0 0 0 0 29 11 0 0 0 0 11 -39 0 0 0 0 0 0 0 12 -5 26 -16 0 -40 -17 49 0 -9 0 -30 0 14 0 -8 32 45 -35 4 0 0 22 0 11 12 0 0 0 48 48 -14 0 0 0 0 -21 -28 -37 0 0 0 0 0 0 0 -41 -39 5 -4 0 0 35 -8 26 0 0 -32 0 0 0 0 0 
0 38 16 -25 0 0 0 0 17 0 12 32 -37 0 11 0 14 -18 0 -23 0 44 21 21 -29 35 0 0 -30 -47 0 -37 -12 -17 -41 34 0 0 0 -15 38 -21 0 40 0 -6 -16 0 0 0 0 0 -48 -35 0 0 -2 0 0 44 0 0 -27 46 -19 0 -41 0 0 5 4 -6 -34 -4 0 0 -21 0 0 0 0 -13 0 0 0 0 0 -7 0 -5 
-16 18 -43 -1 -24 -22 0 3 0 0 0 8 -5 0 0 -40 0 0 23 -40 -12 -26 -33 0 0 0 0 0 0 0 0 9 14 23 25 21 0 0 0 30 -21 0 -27 0 30 0 0 0 0 44 22 -40 -23 0 0 -1 0 0 0 -15 2 0 -27 0 0 0 0 0 -12 0 0 -5 7 45 0 -25 0 -38 36 0 0 0 0 -41 0 -6 11 0 40 29 
0 0 0 43 0 -23 0 26 29 0 14 0 36 0 14 0 -6 0 0 0 25 0 0 0 0 41 0 0 0 0 37 0 -2 -20 0 -2 0 -31 0 46 0 0 -19 0 -9 0 48 -47 -5 -5 36 0 28 0 0 27 0 -44 0 0 4 -5 0 0 0 0 -3 -40 0 0 0 0 0 -24 -20 -9 48 -36 29 -28 -15 -40 0 -47 0 0 0 -42 -3 0 
-41 0 28 33 -46 0 13 25 0 0 0 0 -32 0 -18 0 0 0 -26 12 0 0 -15 0 -1 0 0 0 0 -26 0 -7 0 0 -3 0 -41 0 0 -39 0 -16 0 0 0 23 0 0 0 -14 0 0 11 0 0 0 14 0 28 6 36 -17 0 0 0 34 0 -8 34 -16 0 31 0 0 0 0 -43 20 -16 0 -1 0 39 0 -12 9 43 0 -21 0 
0 0 -8 -45 0 -7 0 19 0 0 5 0 -40 11 0 23 0 -26 8 6 23 0 0 0 0 0 47 0 0 47 -47 0 15 0 -22 0 0 -29 37 0 0 -29 0 0 0 0 0 0 0 -9 0 -46 13 0 8 0 0 43 0 4 0 0 -48 -12 23 -16 0 36 0 21 0 5 39 1 -9 0 0 0 21 0 26 0 28 -41 11 -25 13 0 0 -3 
19 8 -45 -41 0 -49 0 0 12 -10 0 0 48 -39 -23 -40 0 12 6 3 26 0 32 30 27 -23 26 0 0 0 14 0 0 -35 0 0 0 0 0 21 1 0 0 -13 0 0 0 0 0 0 44 0 0 0 0 -11 -12 0 11 -14 0 -40 35 0 0 -36 -2 0 3 0 0 0 0 0 0 0 0 0 -20 -15 0 10 13 0 0 -40 0 -14 0 0 
35 -9 0 -24 0 0 -31 15 -40 -23 0 37 46 0 0 -12 25 0 23 26 -8 -31 0 0 -36 0 0 0 22 36 0 0 0 0 0 0 0 0 30 0 -18 0 0 0 29 38 -12 39 0 0 0 0 0 0 0 0 -43 0 0 0 0 0 25 0 0 42 0 0 0 4 0 0 -5 0 49 -42 -3 0 25 0 0 0 0 0 0 0 31 31 -36 0 
0 0 0 0 0 0 0 0 0 24 -35 -8 -44 0 44 -26 0 0 0 0 -31 10 0 -11 16 0 31 0 0 -15 0 26 -27 0 0 0 45 0 7 0 -43 -2 -31 38 0 0 13 -42 -20 -17 -34 0 34 0 16 0 -10 23 -21 -35 -30 -42 0 0 0 0 0 0 0 0 0 0 0 0 0 -15 -21 8 -19 37 -48 -11 8 0 -6 0 0 46 0 24 
0 47 0 -13 0 17 0 0 -49 -9 0 0 0 0 21 -33 0 -15 0 32 0 0 0 24 0 0 43 0 -11 0 -41 0 49 0 48 -2 0 0 0 -13 0 0 0 12 0 0 2 0 0 0 0 0 20 0 0 0 -22 0 -22 0 0 0 0 0 0 0 0 0 -12 -37 0 -23 -44 -16 0 0 25 -21 0 0 -17 0 -49 -30 -4 0 0 24 0 -28 
0 -48 48 0 0 0 -9 17 24 0 0 -5 0 0 21 0 0 0 0 30 0 -11 24 14 27 0 0 0 3 12 14 19 0 -38 0 -41 -6 0 -15 -10 0 -16 -16 0 0 12 -2 0 -21 -29 -29 44 0 23 0 -33 0 0 0 0 0 -1 0 -5 16 -2 0 0 -8 0 14 0 0 -2 0 -4 0 0 0 -41 45 0 0 0 -42 -2 0 0 0 0 
15 0 1 39 0 0 0 38 40 -36 0 0 0 0 -29 0 0 -1 0 27 -36 16 0 27 0 0 0 -47 0 -48 0 0 0 0 -6 0 0 0 0 0 -28 0 0 -44 0 -37 0 0 20 0 0 -5 -16 0 -4 0 0 0 -1 26 0 44 0 45 0 0 0 0 -6 -25 0 45 -21 0 2 -39 0 19 0 4 5 14 0 0 0 -45 0 0 0 0 
0 12 22 19 0 0 0 0 -2 -18 46 0 -9 0 35 0 41 0 0 -23 0 0 0 0 0 8 0 -47 0 0 0 -36 0 0 5 0 0 0 0 43 0 -31 0 0 2 -11 -18 -11 11 0 0 0 0 -12 0 0 -6 -12 45 44 -21 -48 37 -41 -2 -3 47 0 45 42 0 24 0 0 0 0 31 0 41 43 0 0 -4 0 0 0 0 0 0 37 
7 0 -48 0 -6 0 -24 0 0 -42 0 -47 0 0 0 0 0 0 47 26 0 31 43 0 0 0 0 0 46 0 -4 0 0 0 0 20 0 -42 -35 0 -6 42 0 39 -46 0 0 28 0 45 0 0 20 -7 28 0 0 0 -14 -19 -31 0 0 5 -2 -40 0 0 25 4 44 0 0 41 0 11 0 14 30 39 49 -19 -3 0 0 -19 0 27 18 0 
23 0 -14 20 9 0 35 0 2 0 -25 0 0 12 0 0 0 0 0 0 0 0 0 0 -47 -47 0 0 0 0 0 0 0 0 6 -42 34 0 0 0 0 0 0 0 32 8 12 -15 11 17 0 -33 -30 0 13 0 0 -15 23 0 0 17 0 0 0 -23 0 0 0 0 0 0 0 7 -46 35 0 -43 0 0 0 0 49 -33 17 0 0 0 0 30 
19 0 7 0 0 -2 0 -33 0 0 9 0 0 -5 -30 0 0 0 0 0 22 0 -11 3 0 0 46 0 34 0 19 38 0 0 0 -36 49 -35 0 25 0 30 -39 -48 0 44 3 10 -18 -10 0 -28 -19 0 0 0 46 0 0 0 0 0 0 0 0 0 0 0 0 -32 0 18 -46 0 -39 0 0 0 0 0 7 0 35 0 10 0 0 -25 -43 0 
-49 0 0 0 0 0 -3 -49 16 0 0 0 34 26 -47 0 0 -26 47 0 36 -15 0 12 -48 0 0 0 0 -36 25 22 0 40 0 -39 44 0 -47 0 -48 0 15 0 0 0 23 0 0 44 0 -12 -12 26 0 -14 -24 39 45 18 28 -27 0 0 0 0 0 0 29 0 6 0 17 0 48 -12 0 0 0 0 44 0 -43 33 0 32 40 7 0 0 
0 0 1 0 0 0 -25 30 -25 32 -22 -44 0 -16 0 0 37 0 -47 14 0 0 -41 14 0 0 -4 0 19 25 0 0 0 39 0 39 32 0 0 29 0 0 0 0 -17 0 16 0 0 0 0 0 5 0 0 -19 0 0 0 0 0 0 0 35 -12 40 31 -37 0 -43 0 0 -19 46 0 0 16 0 18 -24 0 -40 27 -46 46 0 0 0 0 28 
0 17 -12 22 0 -47 25 0 0 -3 0 0 0 0 -37 9 0 -7 0 0 0 26 0 19 0 -36 0 0 38 22 0 0 0 -31 0 0 -36 49 0 0 -41 0 -24 0 0 0 0 0 0 0 -49 0 0 0 -37 -23 0 0 0 -13 21 -48 49 0 32 33 37 0 0 19 32 -7 25 32 0 0 -11 0 0 0 -29 19 45 0 -14 17 43 0 0 0 
-41 0 0 -23 0 0 0 25 0 0 38 0 0 -40 -12 14 -2 0 15 0 0 -27 49 0 0 0 0 0 0 0 0 0 -19 0 0 34 31 -37 23 0 22 0 25 -20 -48 0 0 -31 -15 0 0 43 0 0 -40 14 -16 0 0 0 0 -15 0 0 -21 0 0 0 33 0 -13 0 -27 46 -35 0 0 0 0 -8 -43 0 0 0 -16 0 0 44 1 0 
0 0 0 0 0 0 0 44 29 0 0 0 10 -17 -17 23 -20 0 0 -35 0 0 0 -38 0 0 0 0 0 40 39 -31 0 0 -1 0 0 0 0 -48 -44 13 -22 -15 -1 -38 0 0 0 -35 -2 0 -30 0 0 39 44 16 0 0 -22 0 0 0 0 -48 -29 11 -38 -31 -45 0 0 -23 -21 22 7 0 0 0 -41 -8 -10 0 0 0 37 -24 -33 0 
0 22 0 0 -25 0 0 0 0 -31 0 0 0 49 -41 25 0 -3 -22 0 0 0 48 0 -6 5 0 6 0 0 0 0 0 -1 -29 -36 33 0 0 -26 31 0 0 2 0 -11 32 -34 0 32 42 -5 34 0 0 0 0 0 14 29 0 0 0 31 -14 0 0 0 -43 0 -37 15 27 -44 -23 1 0 0 0 0 0 -43 -46 -8 0 0 -32 0 -12 -49 
0 -8 0 0 -36 0 -13 -37 -12 29 0 -27 0 0 34 21 -2 0 0 0 0 0 -2 -41 0 0 20 -42 -36 -39 39 0 34 0 -36 0 -8 0 -19 0 25 0 40 0 42 0 -34 0 0 0 0 0 6 0 0 24 0 30 -24 -16 0 0 0 18 0 -2 25 0 -9 0 -4 0 0 0 0 0 0 -16 0 0 0 29 -48 0 9 0 40 0 27 0 
1 0 0 30 39 34 1 12 28 17 0 27 0 -9 0 0 0 -41 0 0 0 45 0 -6 0 0 0 34 49 44 32 -36 31 0 33 -8 0 -39 32 -39 0 0 0 0 -21 0 5 -40 0 22 27 0 0 28 0 0 -33 -48 0 0 18 26 0 0 -2 49 -18 -30 -22 -7 5 0 0 40 0 24 0 -27 -26 0 0 0 -28 -2 9 14 27 0 26 0 
0 -16 -9 0 0 -43 0 0 35 0 0 0 16 0 0 0 -31 0 -29 0 0 0 0 0 0 0 -42 0 -35 0 0 49 -37 0 0 0 -39 48 0 0 0 30 15 0 0 0 0 -8 0 38 0 34 2 0 41 0 -15 0 21 0 0 0 17 0 0 0 0 35 -22 0 29 21 0 39 0 -47 0 0 13 -11 0 0 -22 0 0 -39 -26 49 38 0 
0 0 -26 0 0 -43 -48 -20 5 -7 -39 31 33 -30 0 0 0 0 37 0 30 7 0 -15 0 0 -35 0 0 -47 0 0 23 0 0 -19 32 0 0 0 35 49 12 0 0 0 2 0 46 0 0 39 0 -14 28 -14 -15 -29 32 0 15 14 0 40 48 0 0 7 -23 0 38 47 8 0 -30 -14 6 6 -42 -38 0 -44 0 17 -21 0 -8 47 -25 0 
0 36 0 3 -15 -5 0 0 40 42 -46 43 0 0 -15 30 46 -39 0 21 0 0 -13 -10 0 43 0 0 25 0 29 0 0 -48 -26 0 -39 0 0 20 -14 0 0 0 0 33 0 49 0 0 0 -35 0 33 0 -31 -3 0 22 0 32 -14 0 0 0 0 -9 45 0 0 0 0 26 0 0 49 0 0 0 0 38 22 0 0 0 13 0 20 -14 -42 
3 -36 0 0 47 1 17 0 0 -4 -42 48 -21 14 38 -21 0 0 0 1 -18 -43 0 0 -28 0 -6 0 0 -48 0 -41 22 -44 31 25 0 0 35 -14 0 0 16 0 0 -32 -38 -26 0 -19 0 36 0 39 -32 6 27 0 3 0 29 0 22 -48 37 19 0 0 0 0 0 26 -45 -1 0 -11 -9 -29 0 0 -45 0 -34 0 -17 -49 0 39 0 0 
-12 -5 0 0 0 0 0 -24 39 0 0 -37 0 0 -21 0 0 -16 -29 0 0 -2 0 -16 0 -31 42 0 30 0 0 0 0 13 0 0 0 30 49 0 0 0 1 0 -11 -47 44 0 0 0 28 -2 0 41 -33 -22 0 0 0 0 10 0 3 0 -33 0 -14 -14 -7 0 24 29 0 31 0 32 0 -21 0 -31 0 35 48 1 33 0 15 0 0 0 
0 -29 5 0 -43 0 -7 0 0 0 -4 24 20 -8 0 -27 -19 0 0 0 0 -31 0 -16 0 0 0 0 -39 15 0 -24 25 -22 0 40 0 15 12 0 16 1 0 31 4 31 22 0 32 0 24 0 -22 0 0 0 44 -35 -47 -15 0 -36 18 14 0 0 34 0 0 0 16 49 21 -18 0 0 0 0 0 0 0 -28 42 -14 0 -23 -24 -45 0 0 
1 -1 36 0 0 0 -42 0 -17 35 0 25 29 32 40 0 0 0 0 -13 0 38 12 0 -44 0 39 0 -48 0 0 0 -20 -15 2 0 0 0 0 0 0 0 31 43 0 -10 12 42 0 6 -15 40 0 0 36 13 0 13 -25 37 0 0 0 16 -17 31 0 36 46 -22 -36 0 -38 0 -37 7 0 17 0 0 -6 -9 0 22 0 30 0 49 0 0 
-8 18 -2 0 0 0 -23 0 4 0 -22 0 0 45 0 30 -9 0 0 0 29 0 0 0 0 2 -46 32 0 0 -17 0 -48 -1 0 42 -21 0 0 0 0 -11 4 0 0 0 0 0 0 -26 0 46 0 35 -5 49 0 0 0 0 0 0 0 0 -12 40 -16 0 0 0 -20 10 -33 0 -46 0 0 -38 21 0 -4 -20 -10 32 0 -7 33 0 -36 0 
43 0 26 0 0 -28 -8 0 -38 0 0 0 -4 -35 -6 0 0 23 0 0 38 0 0 12 -37 -11 0 8 44 0 0 0 0 -38 -11 0 0 0 0 33 -32 -47 31 -10 0 0 38 2 -6 0 0 11 -44 27 0 -46 0 -49 0 -7 44 0 26 0 19 10 0 -11 0 0 49 -18 0 0 -8 0 9 0 -2 0 0 0 0 0 0 0 -23 16 0 -19 
0 0 0 0 0 41 0 19 -24 0 0 0 -49 4 -16 0 48 0 0 0 -12 13 2 -2 0 -18 0 12 3 23 16 0 0 0 32 -34 5 0 2 0 -38 44 22 12 0 38 22 0 43 0 0 9 42 18 0 36 29 0 -21 43 0 0 0 12 0 0 0 0 0 0 0 -17 3 0 0 2 0 8 2 -29 0 0 0 -15 0 0 20 0 -3 26 
0 0 0 40 18 0 3 3 7 -36 0 0 0 0 0 0 -47 0 0 0 39 -42 0 0 0 -11 28 -15 10 0 0 0 -31 0 -34 0 -40 -8 0 49 -26 0 0 42 0 2 0 0 -28 32 0 39 0 4 0 -7 46 0 36 2 22 -3 0 0 -48 0 0 0 -31 0 0 0 17 0 0 0 20 0 11 12 0 -17 -29 0 21 4 -16 0 -27 -47 
0 0 0 -28 -4 9 -16 30 0 0 -37 0 0 0 0 0 -5 0 0 0 0 -20 0 -21 20 11 0 11 -18 0 0 0 -15 0 0 0 0 0 46 0 0 0 32 0 0 -6 43 -28 19 0 0 0 -12 0 0 0 0 0 0 33 -10 -20 0 0 0 0 0 0 -41 0 15 -22 0 -17 -28 42 0 0 -23 0 -21 0 17 0 0 0 12 43 12 0 
0 32 0 0 30 0 20 2 28 22 -32 -3 0 22 0 44 -5 -14 -9 0 0 -17 0 -29 0 0 45 17 -10 44 0 0 0 -35 32 0 22 38 0 0 -19 0 0 6 -26 0 0 32 0 0 0 0 0 42 34 0 0 0 0 0 26 0 -41 -34 0 -14 -14 0 0 48 0 12 0 0 1 -45 31 0 31 0 44 45 43 0 0 0 0 0 43 47 
23 32 0 0 0 8 -19 0 -24 1 0 0 44 0 0 22 36 0 0 44 0 -34 0 -29 0 0 0 0 0 0 0 -49 0 -2 42 0 27 0 0 0 0 28 24 -15 0 0 0 0 0 0 -42 0 0 0 -4 28 0 9 0 -9 0 0 -9 0 -1 0 0 46 0 -31 -24 -15 26 26 0 0 7 0 0 -40 -13 0 -23 -18 -37 0 23 0 -9 26 
0 0 29 0 0 0 0 0 -21 0 -15 0 -10 11 0 -40 0 0 -46 0 0 0 0 44 -5 0 0 -33 -28 -12 0 0 43 0 -5 0 0 34 39 -35 36 -2 0 40 46 11 9 39 0 0 0 -4 37 0 8 -43 0 0 0 0 23 0 -10 -42 0 0 38 41 0 -15 -6 -22 0 23 -10 22 0 0 0 0 40 0 0 0 -10 0 25 0 0 0 
0 30 0 0 -5 25 0 -4 0 25 -39 19 0 12 -48 -23 28 11 13 0 0 34 20 0 -16 0 20 -30 -19 -12 5 0 0 -30 34 6 0 2 0 0 0 0 -22 0 0 -44 42 0 -12 0 0 37 0 0 0 0 0 0 12 0 0 -13 0 0 -31 0 0 0 0 0 0 -33 0 0 -40 22 0 20 0 0 48 -31 -24 30 15 2 0 -16 0 -42 
0 0 -25 0 0 -20 0 -15 0 0 0 0 0 0 -35 0 0 0 0 0 0 0 0 23 0 -12 -7 0 0 26 0 0 0 0 0 0 28 0 -14 33 39 41 0 0 35 27 18 4 0 42 0 0 0 6 33 0 0 41 17 0 -3 40 0 0 31 -26 -32 0 0 0 0 -22 -22 -24 0 -40 -8 46 12 0 0 38 -5 0 8 -32 0 -41 33 0 
0 0 0 0 32 28 0 17 0 9 0 35 2 0 0 0 0 0 8 0 0 16 0 0 -4 0 28 13 0 0 0 -37 -40 0 0 0 0 41 28 0 -32 -33 0 36 -5 0 0 0 0 34 -4 8 0 33 4 26 0 34 0 27 0 0 0 -22 6 -13 0 -1 -43 -36 0 -10 -48 0 18 0 -43 0 2 0 44 0 0 15 -3 44 -23 29 1 -44 
0 -45 -3 4 -2 0 12 24 0 -7 -31 0 -25 0 0 -1 27 0 0 -11 0 0 0 -33 0 0 0 0 0 -14 -19 -23 14 39 0 24 0 0 -14 -31 6 -22 0 13 49 -46 36 -7 0 0 28 -43 0 0 26 46 -12 -27 -45 0 33 28 -3 -33 0 0 18 -12 0 0 -36 0 24 43 32 0 28 19 38 6 20 0 0 0 0 0 0 0 0 0 
45 0 9 0 10 0 0 0 9 -45 0 0 23 48 -2 0 0 14 0 -12 -43 -10 -22 0 0 -6 0 0 46 -24 0 0 -16 44 0 0 -33 -15 -15 -3 27 0 44 0 0 0 29 46 0 0 0 0 0 0 0 -12 47 29 29 0 -41 -31 0 -20 0 43 0 -14 -18 -17 0 0 0 0 0 -32 35 0 0 0 26 -30 0 -10 -17 0 0 26 13 0 
0 13 14 20 3 0 0 0 0 -41 0 -46 0 48 0 0 -44 0 43 0 0 23 0 0 0 -12 0 -15 0 39 0 0 0 16 0 30 -48 0 -29 0 0 0 -35 13 0 -49 0 0 0 0 9 0 0 41 34 -27 29 0 0 -26 0 0 24 0 0 0 3 0 -25 0 0 -20 -3 0 0 0 33 2 -24 0 -4 -7 0 0 -37 5 0 0 0 0 
18 0 2 43 -37 0 37 0 0 -19 0 33 -45 -14 0 0 0 28 0 11 0 -21 -22 0 -1 45 -14 23 0 45 0 0 0 0 14 -24 0 21 32 22 3 0 -47 -25 0 0 -21 36 0 0 0 0 12 17 0 -45 29 0 0 0 0 0 -10 0 -19 0 22 -32 0 -42 0 0 -31 0 0 44 0 0 9 30 0 -21 34 0 0 0 -49 -2 0 0 
0 0 0 0 0 0 0 9 5 0 0 9 30 0 44 -15 0 6 4 -14 0 -35 0 0 26 44 -19 0 0 18 0 -13 0 0 29 -16 0 0 0 0 0 0 -15 37 0 -7 43 2 33 0 -9 0 0 0 27 0 0 -26 0 0 -39 0 -43 33 44 15 0 6 0 0 -8 10 -41 31 0 0 0 0 -2 -46 0 0 0 0 0 11 10 0 0 3 
0 -32 0 -28 0 0 -16 0 -46 -3 0 0 0 0 0 2 4 36 0 0 0 -30 0 0 0 -21 -31 0 0 28 0 21 0 -22 0 0 18 0 15 32 29 10 0 0 0 44 0 22 -10 26 0 23 0 -3 0 33 -41 0 0 -39 -12 0 35 -46 -20 0 -15 0 0 -5 18 0 0 0 41 -3 0 -48 0 -19 0 -17 16 0 10 48 0 0 0 0 
-35 -3 -19 0 -18 0 0 0 -20 3 0 -30 0 0 0 0 -5 -17 0 -40 0 -42 0 -1 44 -48 0 17 0 -27 0 -48 -15 0 0 0 26 0 14 -14 0 0 -36 0 0 0 0 -3 -20 0 0 0 -13 40 0 28 -31 0 0 0 0 -38 -13 32 34 0 0 43 0 0 0 0 0 0 0 38 28 0 -28 0 0 0 -25 0 0 -44 -38 39 -17 0 
-10 -44 0 0 0 0 0 0 0 13 -29 0 0 0 -27 -27 0 0 -48 35 25 0 0 0 0 37 0 0 0 0 0 49 0 0 0 0 0 17 0 0 22 3 18 0 0 26 0 0 0 -41 -9 -10 0 0 0 -3 0 24 -10 -43 35 -13 -34 0 0 28 -21 -46 8 -25 0 -20 0 0 -48 0 -22 23 0 -23 0 41 0 0 0 0 9 -22 26 -27 
0 0 -21 12 0 -43 0 0 29 -7 0 8 -5 -21 46 0 0 0 -12 0 0 0 0 -5 45 -41 5 0 0 0 35 0 0 0 31 18 0 0 40 0 -48 0 14 16 0 0 12 0 0 -34 0 -42 0 0 -22 -33 -20 0 0 33 -46 32 0 0 0 13 -5 30 0 0 0 -32 0 0 -47 -21 0 0 0 25 0 -38 -43 0 -14 0 0 0 47 0 
46 25 35 -7 5 0 0 -45 0 0 0 0 0 -28 -19 0 0 0 23 0 0 0 0 16 0 -2 -2 0 0 0 -12 32 -21 0 -14 0 -2 0 48 0 37 -33 0 -17 -12 19 0 -48 0 0 -1 0 -31 31 6 0 0 0 -19 44 -20 34 0 0 0 28 0 -10 0 -14 -25 -1 34 0 0 0 13 0 8 26 0 0 0 21 -37 12 -15 0 0 1 
-41 -7 0 -49 0 -24 -19 0 0 0 0 0 0 -37 0 0 0 34 -16 -36 42 0 0 -2 0 -3 -40 -23 0 0 40 33 0 -48 0 -2 49 0 0 0 19 0 0 31 40 10 0 0 0 -14 0 0 0 -26 -13 0 43 0 0 15 0 0 28 13 28 43 0 27 0 0 32 -26 22 -49 0 -8 0 -21 0 10 -24 0 13 0 -35 -39 41 -16 26 -27 
0 -30 -8 0 0 39 0 2 2 -38 33 -34 23 0 -41 0 -3 0 0 -2 0 0 0 0 0 47 0 0 0 0 31 37 0 -29 0 25 -18 0 0 -9 0 -14 34 0 -16 0 0 0 0 -14 0 38 0 -32 0 18 0 3 22 0 -15 0 -21 -5 0 0 -32 0 0 0 2 0 -7 42 0 24 -37 -4 -39 -45 -27 -48 -41 0 46 0 -39 0 -4 0 
-27 0 -33 0 -37 -47 -29 0 0 -15 -10 5 0 0 0 0 -40 -8 36 0 0 0 0 0 0 0 0 0 0 0 -37 0 0 11 0 0 -30 35 7 45 0 -14 0 36 0 -11 0 0 0 0 46 41 0 0 -1 -12 -14 0 -32 6 0 43 -46 30 -10 27 0 0 -7 0 0 -9 0 0 0 0 -24 -23 -18 0 0 0 -13 -13 0 -3 0 -23 -5 0 
21 0 0 0 -43 17 0 0 0 48 21 8 37 0 0 -12 0 34 0 3 0 0 -12 -8 -6 45 25 0 0 29 0 0 33 -38 -43 -9 -22 -22 -23 0 0 -7 0 46 0 0 0 -31 -41 0 0 0 0 0 -43 0 -18 -25 0 0 0 0 8 0 0 0 0 -7 0 -6 0 0 5 0 0 0 0 -8 24 0 0 0 -4 0 0 -8 39 0 48 0 
0 0 34 -35 -17 0 0 1 0 -1 35 0 41 0 5 0 0 -16 21 0 4 0 -37 0 -25 42 4 0 -32 0 -43 19 0 -31 0 0 -7 0 0 0 0 0 0 -22 0 0 0 0 0 48 -31 -15 0 0 -36 0 -17 0 -42 0 -5 0 -25 0 -14 0 0 0 -6 -30 0 -13 -41 -45 0 45 46 0 9 -30 0 0 14 6 -21 0 13 0 0 -15 
0 -33 -16 0 0 0 -2 -19 0 0 0 38 0 0 4 0 0 0 0 0 0 0 0 14 0 0 44 0 0 6 0 32 -13 -45 -37 -4 5 29 38 0 0 24 16 -36 -20 49 0 0 15 0 -24 -6 0 0 0 -36 0 0 0 -8 18 0 0 0 -25 32 2 0 0 0 45 37 0 -27 22 38 0 24 0 3 -23 20 -49 0 -47 -22 0 32 20 19 
0 0 0 0 -27 0 -22 0 -40 20 0 0 0 0 -6 -5 0 31 5 0 0 0 -23 0 45 24 0 0 18 0 0 -7 0 0 15 0 0 21 47 0 26 29 49 0 10 -18 -17 0 -22 12 -15 -22 -33 -22 -10 0 0 -20 0 10 0 0 -20 -32 -1 -26 0 -9 0 -13 37 -38 -22 20 -33 43 0 0 35 -38 0 0 36 -7 0 -37 0 0 0 23 
0 -16 42 0 -31 -6 0 0 0 0 0 0 0 0 -34 7 0 0 39 0 -5 0 -44 0 -21 0 0 0 -46 17 -19 25 -27 0 27 0 0 0 8 26 -45 0 21 -38 -33 0 3 17 0 0 26 0 0 -22 -48 24 0 -3 -31 -41 0 0 0 0 34 22 -7 0 5 -41 0 -22 0 31 -22 0 -29 0 -28 -16 23 0 -8 -15 -38 0 0 0 14 47 
-20 23 8 -41 18 7 0 47 0 -23 -41 0 0 -41 -4 45 -24 0 1 0 0 0 -16 -2 0 0 41 7 0 0 46 32 46 -23 -44 0 40 39 0 0 -1 31 -18 0 0 0 0 0 -17 0 26 23 0 -24 0 43 0 0 0 31 0 0 0 0 0 -49 42 0 0 -45 -27 20 31 0 44 0 23 0 33 -4 -47 0 40 47 0 -43 39 -34 0 0 
-36 0 0 -3 -18 -12 0 0 0 -26 0 -49 0 -39 0 0 -20 0 -9 0 49 0 0 0 2 0 0 -46 -39 48 0 0 -35 -21 -23 0 0 0 -30 0 0 0 0 -37 -46 -8 0 0 -28 1 0 -10 -40 0 18 32 0 0 0 0 41 0 -48 -47 0 0 0 0 0 0 22 -33 -22 44 -23 -6 0 23 -25 0 15 -23 0 18 0 11 -27 1 0 -10 
0 0 -2 0 0 0 4 -30 0 0 28 34 48 5 0 -25 -9 0 0 0 -42 -15 0 -4 -39 0 11 35 0 -12 0 0 0 22 1 0 24 -47 -14 49 -11 32 0 7 0 0 2 0 42 -45 0 22 22 -40 0 0 -32 0 44 0 -3 38 0 -21 0 -8 24 0 0 45 38 43 0 0 -6 0 0 -33 0 0 0 0 46 0 0 0 -15 -28 0 0 
5 0 0 0 0 0 33 -39 0 0 -44 0 0 -4 -21 0 48 -43 0 0 -3 -21 25 0 0 31 0 0 0 0 16 -11 0 7 0 0 0 0 6 0 -9 0 0 0 0 9 0 20 0 31 7 0 0 -8 -43 28 35 33 0 0 0 28 -22 0 13 0 -37 -24 0 46 0 0 -29 23 0 0 -25 0 18 0 0 0 -26 -3 0 0 0 0 12 -27 
-17 7 -35 0 0 0 -1 -24 0 0 0 47 7 0 0 -38 -36 20 0 0 0 8 -21 0 19 0 14 -43 0 0 0 0 0 0 0 -16 -27 0 6 0 -29 -21 0 17 -38 0 8 0 0 0 0 0 20 46 0 19 0 2 0 0 -48 0 23 0 0 -21 -4 -23 -8 0 24 0 0 0 23 -33 0 0 0 0 13 -20 0 -20 0 17 24 -5 31 0 
0 0 0 0 0 0 0 -39 -43 0 0 0 0 0 0 36 29 -16 21 -20 25 -19 0 0 0 41 30 0 0 0 18 0 0 0 0 0 -26 13 -42 0 0 0 0 0 21 -2 2 11 -23 31 0 0 0 12 2 38 0 -24 9 -2 0 -28 0 0 8 0 -39 -18 24 9 0 35 -28 33 -25 0 18 0 -7 -37 0 0 37 0 0 -32 0 0 -14 0 
0 0 0 -48 0 -20 0 -46 38 0 0 0 -5 35 0 0 -28 0 0 -15 0 37 0 -41 4 43 39 0 0 0 -24 0 -8 0 0 0 0 -11 -38 0 0 -31 0 0 0 0 -29 12 0 0 -40 0 0 0 0 6 0 0 30 -46 -19 0 -23 25 26 10 -45 0 0 -30 3 -38 -16 -4 0 0 0 0 -37 0 -36 0 29 0 0 0 43 0 -45 0 
-6 3 32 -10 0 0 35 -18 0 38 0 0 -20 -8 0 0 -15 -1 26 0 0 -48 -17 45 5 0 49 0 7 44 0 -29 -43 -41 0 0 0 0 0 38 -45 0 0 -6 -4 0 0 0 -21 44 -13 40 48 0 44 20 26 -4 0 0 0 0 0 0 0 -24 -27 0 0 0 -23 0 23 -47 15 0 0 13 0 -36 23 -7 22 47 0 0 -12 43 -47 0 
10 0 0 0 1 47 -12 -28 0 0 -37 0 -45 26 -13 0 -40 0 0 10 0 -11 0 0 14 0 -19 0 0 0 -40 19 0 -8 -43 29 0 0 -44 22 0 35 -28 -9 -20 0 0 -17 0 45 0 0 -31 38 0 0 -30 -7 -21 0 -17 0 41 -38 0 0 -48 0 0 0 20 0 0 0 -23 0 0 -20 0 0 -7 24 21 -3 18 -28 0 47 0 0 
0 0 0 -47 0 0 43 0 0 0 37 -45 0 0 0 0 0 39 28 13 0 8 -49 0 0 -4 -3 49 35 -43 27 45 0 -10 -46 -48 -28 -22 0 0 -34 48 42 0 -10 0 0 -29 17 43 -23 0 -24 -5 0 0 0 0 34 0 16 -25 0 -43 0 13 -41 -13 -4 14 -49 36 -8 40 0 46 -26 0 37 29 22 21 0 0 11 0 0 0 0 -16 
0 -15 0 27 45 0 0 0 0 2 0 8 -15 0 0 -41 -47 0 -41 0 0 0 -30 0 0 0 0 -33 0 33 -46 0 0 0 -8 0 -2 0 17 0 0 1 -14 22 32 0 -15 0 0 0 -18 0 30 0 15 0 -10 0 0 0 0 0 0 0 21 0 0 -13 0 6 0 -7 -15 47 18 0 -3 -20 0 0 47 -3 0 0 0 0 0 0 -11 0 
-33 -4 -11 -2 0 0 0 29 0 0 -48 0 0 -32 0 0 0 -12 11 0 0 -6 -4 -42 0 0 0 17 10 0 46 -14 -16 0 0 9 9 0 -21 0 -17 33 0 0 0 0 0 21 0 0 -37 -10 15 8 -3 0 -17 -37 0 0 10 0 0 -14 -37 -35 46 0 0 -21 -47 0 -38 0 0 0 0 0 0 0 0 18 11 0 0 -49 0 0 -14 0 
0 -39 -33 0 36 0 0 -31 -39 -10 0 0 0 0 0 -6 0 9 -25 -40 0 0 0 -2 -45 0 -19 0 0 32 0 17 0 0 0 0 14 -39 0 13 -49 0 -23 30 -7 0 0 4 0 0 0 0 2 -32 44 0 0 5 0 11 48 -44 0 0 12 -39 0 -3 -8 0 -22 -37 0 -43 11 0 0 17 -32 0 0 -28 0 0 -49 0 27 -2 -5 -30 
0 -27 0 39 0 0 0 0 0 0 0 0 -43 0 0 11 0 43 13 0 31 0 0 0 0 0 0 0 0 40 0 43 0 37 -32 40 27 -26 -8 0 0 15 -24 0 33 -23 20 -16 12 0 23 25 0 0 -23 0 0 0 -49 10 0 -38 9 0 -15 41 -39 0 39 13 0 0 0 39 -27 -15 0 24 0 43 -12 0 0 0 0 27 0 48 -9 0 
-47 0 -19 0 -40 0 0 -2 0 0 -5 0 0 0 -7 0 -42 0 0 -14 31 46 24 0 0 0 27 0 -25 7 0 0 44 -24 0 0 0 49 47 20 39 0 -45 49 0 16 0 0 43 0 0 0 -16 -41 29 0 26 0 -2 0 0 39 -22 0 0 -16 0 -23 0 0 32 0 0 -34 1 -28 0 -5 0 0 43 47 0 0 0 -2 48 40 41 0 
19 0 34 0 0 18 0 0 0 39 0 0 -20 0 0 40 -3 -21 0 0 -36 0 0 0 0 0 18 0 -43 0 0 0 1 -33 -12 27 26 38 -25 -14 0 0 0 0 -36 0 -3 -27 12 43 -9 0 0 33 1 0 13 0 0 0 0 -17 26 47 0 26 -4 -5 48 0 20 0 14 0 0 0 12 31 -14 -45 -47 0 0 -11 -14 -5 -9 41 -27 -34 
0 0 5 0 40 -9 19 0 0 -12 0 0 0 0 -5 29 0 0 -3 0 0 24 -28 0 0 37 0 30 0 0 28 0 0 0 -49 0 0 0 0 -42 0 0 0 0 0 -19 26 -47 0 47 26 0 -42 0 -44 0 0 0 0 3 0 0 -27 0 1 -27 0 0 0 -15 19 23 47 0 -10 0 -27 0 0 0 0 0 -16 0 0 -30 0 0 -34 -21 
