100
-38 -48 -45 29 -37 23 0 22 0 -41 0 13 32 -46 -23 -17 10 0 0 25 0 -16 0 -23 -36 -21 17 40 -10 -20 -37 -33 0 0 0 -10 -17 0 46 0 -1 18 0 -49 0 -27 11 12 -23 -42 5 0 0 41 10 25 0 -41 -37 0 41 -16 9 -16 -40 21 2 0 23 41 -22 0 14 21 -39 -14 -13 46 0 -16 -47 0 0 19 35 -19 15 -26 30 6 -35 0 4 -48 -19 0 0 -2 3 -12 
0 1 -8 43 0 -22 23 -42 -49 -25 18 0 -39 0 -10 -26 -1 34 -45 0 7 -5 5 18 5 -17 0 0 -6 10 0 0 -33 43 -48 -3 -23 -30 -49 -44 -41 -23 1 -27 0 46 -2 0 -23 30 -38 47 -48 0 12 0 0 -26 0 0 0 22 -8 1 27 43 13 0 0 -29 -1 18 0 0 0 -38 0 32 20 0 25 -38 13 0 0 -32 -3 -44 0 25 -7 -30 0 12 0 -16 23 0 0 0 
1 7 0 0 3 0 0 -15 -4 -39 -27 47 2 0 35 -37 15 0 -43 37 45 4 -28 28 -8 -45 0 0 32 16 -26 -49 29 14 -24 -11 24 0 0 -42 -43 44 18 0 -38 -33 -6 -7 0 0 0 29 0 -25 31 -40 -40 30 13 -19 0 -21 35 0 -8 -33 38 47 0 0 42 8 -29 -10 0 -11 32 -31 -11 -33 0 -19 34 5 -8 33 0 11 -47 18 0 -25 -1 43 33 -45 -41 -24 0 -13 
-8 0 8 0 19 -30 0 0 47 0 0 -23 0 -21 0 -38 3 11 37 -40 -45 0 0 29 0 0 4 0 20 43 -41 32 -42 33 0 -41 0 27 -35 0 0 37 33 24 9 0 -39 0 -19 18 47 0 0 39 29 12 38 -49 -1 -37 37 14 18 2 -46 0 0 -15 44 -6 9 38 0 0 0 -25 -36 39 22 -20 -6 -43 0 0 1 42 25 0 0 -5 6 -21 20 40 -25 -26 -18 -45 0 -30 
43 0 0 -37 -43 -17 -37 -27 0 18 -18 0 30 0 0 1 -38 -34 0 0 41 -2 35 -20 -27 0 -8 4 0 0 5 17 -47 -7 -49 12 -43 17 0 -2 0 0 -47 19 0 34 -43 -43 -5 1 0 0 45 40 -35 9 0 8 -18 -15 22 -48 0 0 -29 0 -43 29 -40 41 0 17 -32 -6 7 -12 0 -37 -20 0 47 -6 0 14 9 -15 0 0 29 -31 0 11 48 -45 0 -47 13 23 0 2 
0 3 19 -43 -9 28 14 0 0 33 -31 0 25 38 -13 1 0 -48 0 17 0 -7 -42 -23 -8 0 3 -16 20 -19 0 0 -18 29 0 37 -11 21 -19 -27 -29 -34 0 0 -22 -34 4 33 -1 33 -19 0 0 43 0 0 48 -22 -8 0 16 -31 14 0 0 3 26 25 19 -22 0 0 -42 -10 -41 0 -33 -49 30 0 25 44 0 -37 12 0 -20 0 0 -24 0 -37 19 3 30 2 -41 5 -7 0 
-22 0 -30 -17 28 -30 -1 0 9 0 0 0 -15 5 22 0 1 -19 -38 0 0 -1 43 0 -24 -39 -46 -18 -28 0 24 -13 0 0 -2 -47 -5 32 0 -10 30 0 -22 -47 12 -40 0 -49 24 40 -2 0 2 0 16 -25 0 -32 34 33 39 -27 -22 1 39 0 -17 4 -38 -24 7 0 28 -24 -21 -2 30 -49 5 -46 -20 -30 -26 2 -49 0 -40 0 43 0 0 -43 38 0 0 -27 -39 -23 -30 -43 
23 0 0 -37 14 -1 36 0 -44 27 0 -10 -23 24 -9 0 -36 -18 -42 4 32 -3 13 0 -10 -34 39 -26 0 7 29 35 0 27 0 -45 34 -49 25 32 0 -7 -45 -41 -19 0 -3 3 13 -7 0 1 0 -15 48 -1 -40 8 -15 0 49 -30 38 -28 0 8 0 -10 0 0 39 -12 31 0 23 21 14 -10 -18 -35 -5 46 -9 -40 23 35 38 0 0 0 0 0 -39 -46 -42 0 -4 13 -46 5 
-42 -15 0 -27 0 0 0 0 -32 35 43 -20 -31 -10 0 42 -14 0 0 33 -10 21 35 -40 -41 0 28 -44 0 -24 -37 37 0 -48 -44 -29 0 0 26 -14 -42 -33 42 -12 10 -5 0 15 0 -6 -44 -27 35 -46 -44 -39 -2 22 -39 46 0 37 -16 -3 1 0 38 -13 41 26 0 9 -35 39 8 0 -34 5 8 -6 4 0 4 0 -16 0 26 34 -41 -21 0 34 0 0 0 0 -13 29 -37 -5 
-49 -4 47 0 0 9 -44 -32 36 -32 -40 48 46 -44 0 -31 -11 0 6 42 0 10 0 0 16 0 33 0 -21 0 20 29 -33 -19 -4 16 41 0 0 0 2 -25 23 0 -45 30 -49 -5 0 0 23 0 37 41 -17 0 0 48 28 30 -37 11 0 28 0 -13 -43 0 -20 0 11 -40 0 11 -39 -36 -14 0 25 0 26 -16 -17 -23 -36 0 0 -9 0 -30 0 14 -21 0 32 45 -35 4 0 -32 
-25 -39 0 18 33 0 27 35 -32 0 38 0 12 0 0 -14 0 48 -14 0 0 0 7 0 -28 -37 0 0 6 -47 -46 -30 -11 27 0 29 18 -18 -32 25 18 0 -32 43 21 -23 4 22 -42 -27 -2 -21 -30 -47 15 -47 43 31 -24 11 0 -15 38 -21 0 40 -27 0 -16 0 -10 0 -36 49 -14 0 -2 28 18 -47 38 -49 0 -21 -22 5 4 -6 -34 -4 0 -33 0 0 0 0 0 -13 0 -18 
18 -27 0 -18 -31 0 0 43 -40 38 0 -7 13 0 -40 0 0 23 -40 -12 -26 -33 0 0 0 28 0 -8 -2 -2 0 25 21 9 30 -21 0 -27 0 30 -7 34 -40 7 -37 -3 -1 0 43 -38 18 -27 -12 4 0 0 0 0 -5 7 45 -11 0 -45 24 36 0 43 -1 32 0 16 44 -9 0 42 0 25 0 0 0 -6 12 -20 0 -23 0 0 -20 0 -2 0 -31 0 46 -40 -32 -9 34 49 
0 47 -23 0 0 0 -10 -20 48 0 -7 45 -47 2 36 0 -35 27 -9 20 4 -5 0 0 -48 -37 0 0 0 -10 -37 49 21 28 -33 -36 37 -41 -33 10 -27 0 0 -42 -3 -4 40 20 48 -15 5 8 -1 42 -7 0 0 -3 -5 -5 -39 0 -16 0 0 0 23 49 -14 0 -22 49 0 14 0 28 6 36 -17 0 0 8 -30 2 0 -13 -30 -30 32 -43 20 -16 25 -7 -9 -12 9 43 0 -21 
-39 2 0 30 25 -15 -23 -31 46 12 13 -47 14 36 2 29 0 1 -12 0 47 -47 -32 11 19 0 -29 37 0 0 -29 41 32 0 -9 0 -46 13 0 8 25 -19 4 37 31 46 -27 23 36 0 21 0 5 39 1 -9 0 35 -8 26 0 28 -41 11 -25 13 38 -11 0 2 20 12 0 0 11 -20 0 6 23 -35 0 0 0 0 0 21 1 30 -3 0 0 36 44 -17 0 -11 -12 0 11 -14 
0 0 -21 0 38 5 24 -10 -44 0 0 2 36 0 -40 35 0 0 -36 -2 40 -3 18 -20 0 -20 -15 0 10 13 21 8 -14 0 -3 15 4 -36 10 22 36 7 0 0 0 0 10 -15 0 0 38 29 38 -12 39 0 0 -18 -31 -43 8 41 -27 0 42 0 4 0 0 -5 32 43 0 -3 44 -23 0 0 0 20 -23 -23 28 10 0 -11 16 0 31 0 -5 29 12 -43 31 -34 7 0 -43 -2 
-10 35 0 0 -13 22 -9 0 0 0 -40 36 2 -40 -31 38 17 -29 24 6 -42 49 34 26 -1 7 0 5 0 -35 -30 -42 -29 0 0 45 12 -25 0 29 0 8 -19 37 -48 -11 8 -35 -11 46 0 24 34 4 43 -43 -4 -12 49 0 48 -2 -26 -13 -17 12 -5 10 -24 0 20 0 0 0 -22 49 12 -31 0 0 0 0 -12 -37 0 -23 -44 -16 0 0 25 -21 0 7 0 0 -49 -30 -4 44 
-26 -37 -38 1 1 0 0 42 -31 -14 0 0 29 35 38 14 -28 14 27 0 0 0 3 12 14 19 0 -38 0 -41 -6 0 -15 -10 0 -16 -16 0 0 12 -2 0 -21 -29 -29 44 6 28 -7 27 41 0 0 -5 16 -2 9 41 14 0 0 -2 0 -4 8 -41 45 28 -42 -2 16 11 15 46 18 -35 -6 -18 -20 25 -23 18 -42 30 -28 -5 -16 -29 44 25 -12 -20 7 45 0 0 -28 0 47 -6 
-1 15 3 -38 0 1 -36 -14 -11 0 0 -35 0 0 17 -28 -46 -10 2 -39 -34 2 41 -19 25 -17 -12 34 8 0 -47 0 0 0 -36 0 -14 4 0 -10 7 0 41 2 -11 -18 -11 11 16 37 -49 -6 -12 45 44 -21 -48 37 -41 -2 -3 47 0 45 42 0 24 16 0 31 0 41 43 0 0 -4 41 -34 37 13 30 -4 44 -19 20 0 -42 -35 21 0 42 0 39 -46 -5 2 45 0 0 20 
34 0 11 -34 -48 -19 -18 0 0 48 23 27 1 0 -29 14 -10 -7 28 0 35 45 0 -45 0 5 -2 -40 0 0 25 4 44 0 26 1 0 0 0 14 30 39 49 -19 -3 -47 0 0 -22 24 4 0 -14 0 0 6 -42 34 -20 -19 0 0 8 12 -15 11 17 -9 0 -30 0 13 0 -37 -32 0 38 -3 0 0 -23 0 44 -39 7 -46 35 19 38 0 -36 -5 40 -35 0 34 -6 -9 -28 21 
-45 -43 37 0 0 -38 -42 0 6 -14 -40 -9 -12 -36 24 27 2 28 4 43 -48 -38 25 0 30 -39 -48 26 0 0 10 -18 -10 0 -28 -19 0 5 0 0 0 -44 0 0 0 0 -46 38 18 -46 17 -7 5 7 0 35 0 10 0 0 -25 -43 41 8 -18 -25 33 -39 44 0 -47 25 0 12 48 0 23 0 18 3 42 36 0 -14 -24 39 45 18 28 -27 39 3 29 -2 25 -11 48 -12 0 -15 
0 37 -40 0 17 0 4 33 42 0 -12 20 0 -2 6 0 -39 0 43 44 35 40 21 25 0 -12 0 0 39 0 39 32 -27 0 33 0 0 -17 0 16 0 0 0 49 -7 0 -19 -25 43 0 35 -12 40 31 -37 0 -43 0 -45 0 46 -42 20 18 -24 -47 34 21 18 0 0 0 0 0 28 0 0 -31 -1 25 -22 0 -41 37 0 -49 -49 0 -49 0 15 -16 -42 -16 -25 0 5 42 0 24 
7 45 -45 41 0 0 32 -10 0 0 -26 4 47 40 -42 0 -34 35 -48 35 -8 -24 40 0 32 -7 25 32 0 0 -11 0 2 -11 -37 -27 -14 17 43 0 7 -33 12 14 27 -14 44 0 21 0 0 -20 -48 19 -2 0 0 -48 -36 0 -40 14 -16 0 -11 0 0 -15 48 -13 13 -49 -13 7 0 46 -35 -38 5 3 -16 0 -16 0 0 44 1 0 0 -1 0 24 -48 -44 13 -22 -15 -1 -38 0 
-5 4 0 -2 -7 -1 -3 21 10 0 -33 -5 -47 -3 49 0 2 45 -38 40 -24 21 -6 30 -30 -26 0 -18 32 0 -29 46 0 0 0 -48 -29 11 -38 -31 -45 0 0 -23 -21 22 7 0 30 -23 0 3 -34 -32 9 -19 0 15 37 0 33 -26 34 -45 28 17 -41 27 42 32 42 -5 34 0 0 12 14 29 0 0 0 31 -14 0 -45 0 -37 15 27 -44 -23 1 -33 49 -36 29 4 -1 0 -11 
5 -28 0 35 -42 43 13 35 0 7 0 0 -32 18 34 3 41 0 25 21 40 -6 0 -49 0 -8 0 -19 0 25 2 -33 0 -34 0 -33 0 6 -16 31 30 -24 -16 15 18 39 24 -8 0 0 31 0 0 0 0 21 -29 0 29 -48 0 9 -18 48 0 23 -39 32 -39 0 -41 -21 0 5 -40 0 22 27 0 10 0 0 17 -31 -25 18 26 -16 1 0 -33 0 -30 -22 -7 5 0 34 -23 22 
18 28 29 -20 -23 0 0 -40 0 0 0 0 11 -20 26 12 -19 -45 0 25 0 30 -49 -27 -26 0 0 0 -28 -2 9 14 27 44 0 0 -29 -8 -6 -35 37 47 13 40 34 2 0 41 -49 0 32 -48 0 17 0 43 35 -22 -26 4 0 -22 32 0 -21 13 -11 0 27 6 -39 -26 49 38 0 24 -45 -33 0 40 -12 -8 29 0 39 33 -12 -17 0 -15 -29 32 34 -6 25 14 48 -12 0 -23 
5 -8 0 -27 -8 -24 -10 -41 16 -28 0 -48 19 0 -1 14 25 0 30 0 32 -30 0 -26 -40 20 4 -40 47 0 0 6 6 -42 -38 0 -44 -46 0 -21 11 10 33 22 0 -41 24 -33 -30 49 0 28 -36 33 -11 -31 24 49 32 -14 0 -29 -9 45 0 0 0 -44 25 49 0 -34 48 0 -3 13 -10 -43 0 -42 0 32 25 -32 -38 -26 -7 0 0 36 0 39 -32 6 27 22 -6 -11 22 -48 
-17 -45 0 0 0 -39 -34 0 0 -37 28 -37 0 -20 7 19 -17 5 -39 -12 -7 -26 -8 0 20 37 19 0 33 0 26 -45 -1 0 -11 -9 -29 0 0 -45 47 32 -24 -43 39 0 0 0 12 -43 -42 7 -43 8 0 7 -13 -2 3 15 10 0 3 0 -33 -11 -15 0 -7 40 0 29 0 31 30 33 -36 -31 0 35 48 1 33 0 15 -4 0 31 4 31 22 -30 -46 2 -22 0 22 45 -28 0 
0 0 4 -8 3 -46 39 28 33 0 0 0 -29 -15 0 0 -12 -2 -48 0 25 0 0 0 4 19 47 -5 47 29 26 0 34 37 16 49 21 -18 23 20 0 -28 42 -14 9 0 -24 -45 0 0 43 0 -10 12 42 34 -1 -12 13 36 13 6 -5 -30 44 -18 -41 0 31 0 36 46 -22 -36 -11 0 0 -37 7 -48 -44 -6 -9 32 0 26 -39 -30 19 26 -26 22 -30 -40 0 42 20 -9 0 -21 
0 0 0 4 -16 -18 -26 -44 0 0 -8 0 37 0 5 -38 34 -40 26 0 32 -18 -19 0 -40 0 -5 0 28 24 22 12 32 -24 -46 0 -13 36 36 15 41 13 25 -7 33 -31 38 38 2 -6 28 -40 23 -16 -46 0 -49 0 -7 44 0 26 -24 -36 32 0 -1 49 -18 -30 19 9 -35 10 48 0 17 -20 0 -29 -38 39 0 34 9 42 18 0 36 29 0 -21 43 0 0 -4 -36 0 15 -35 
-6 32 20 0 20 -28 0 0 -21 6 -2 0 0 10 0 0 8 0 0 39 0 32 0 -28 47 33 47 28 -18 0 0 0 2 0 8 2 -29 -41 -15 0 0 20 0 -3 26 0 -28 32 0 39 0 4 0 -7 46 12 0 2 22 -3 -37 9 0 -33 0 0 -37 0 -10 -48 -2 -27 30 -17 -29 0 21 4 -16 27 -27 0 19 0 1 40 0 0 -37 0 4 0 -10 -20 0 0 -2 0 -41 0 
10 16 43 0 -19 0 7 -24 0 -47 -2 -10 0 13 -35 -41 0 0 0 0 0 0 25 -2 0 0 29 24 0 15 -22 0 -17 -28 42 -25 -33 -21 0 17 0 0 30 -4 16 25 0 -35 12 0 34 -25 0 0 26 0 -41 -34 -49 41 28 0 -16 0 28 -22 1 -45 31 0 31 46 20 -38 0 -45 0 -12 -12 21 45 -3 0 28 28 0 0 -9 0 0 -9 -5 0 23 0 39 -45 19 -37 0 
0 -26 -41 5 0 24 29 -37 20 -46 0 -37 -29 21 -30 -6 -47 25 10 39 -11 -29 2 9 0 26 26 22 0 -22 -6 10 7 0 0 -40 -13 0 -23 -18 -37 -26 -29 -43 0 0 -4 37 -24 -9 13 47 0 -9 44 0 22 38 41 -33 -43 37 -47 0 0 -10 22 -14 0 40 0 0 0 -10 18 0 2 0 -30 0 -12 25 -13 0 21 -16 0 0 0 -49 40 -40 22 -36 -13 27 17 -24 35 0 
0 -49 32 17 0 -13 35 37 29 -30 25 49 41 8 -42 0 0 4 -18 32 0 46 -33 14 6 -45 0 12 0 0 10 0 15 2 0 -16 0 -42 6 33 2 -26 -11 -3 40 0 0 31 -26 -32 0 0 0 -17 45 0 -24 25 0 -8 46 12 0 0 38 -5 24 19 -28 -43 -47 4 26 0 34 22 0 0 0 1 0 6 -13 0 -1 -43 -36 -41 0 -48 0 18 0 -43 0 15 0 -20 15 -3 
-33 29 -42 -47 -18 0 0 0 -33 -11 21 21 32 -14 -29 -15 0 44 -10 -27 2 0 0 27 6 -1 34 32 2 -17 7 15 44 -23 29 1 -44 46 -12 -27 -45 0 33 28 -3 -33 -36 32 29 -43 0 0 24 43 32 48 -42 10 18 -46 41 0 -25 0 -16 -47 0 0 29 23 0 -31 37 0 -2 -29 28 0 17 -44 0 0 -9 0 35 0 39 41 35 -10 -17 -36 32 -47 31 0 33 24 16 3 
43 14 33 -7 29 0 27 -48 -19 27 9 28 0 0 0 -10 0 0 0 0 -11 0 -34 44 -42 0 37 -24 0 -28 0 2 -23 -15 32 -20 -3 0 33 2 -24 27 -9 3 -37 5 -48 0 -31 0 -10 -21 -9 13 20 -42 0 11 -38 44 0 30 0 30 0 -21 34 0 -26 -19 0 25 0 -39 33 0 33 44 15 0 6 0 47 42 19 -28 0 0 0 0 0 -2 -46 0 20 0 11 10 5 -26 
-48 -24 0 -49 0 -2 0 -44 -4 0 30 -33 -9 -3 0 0 -36 26 -28 33 -37 0 0 0 -38 -11 16 -46 8 42 0 0 29 32 5 35 -46 -20 0 -15 0 31 4 0 36 41 -3 0 -48 47 0 0 -17 16 30 0 48 0 0 0 0 -38 -13 32 34 0 0 43 0 0 -4 38 28 -31 33 33 -1 -44 -38 39 -17 0 -34 -13 46 -29 -13 16 0 -25 0 -20 37 10 -22 23 0 -23 -18 -32 
-3 -11 -41 12 37 -47 -45 -29 16 29 -21 -36 0 15 45 -16 0 1 -19 0 -27 -48 -33 0 0 -9 49 0 2 -25 -40 -16 1 -20 35 -27 -37 0 14 -23 -40 13 -5 30 -48 -32 0 -7 0 -21 -48 25 0 -38 -43 0 -14 0 23 -8 0 28 -1 1 28 -17 -18 28 24 -47 8 26 0 -44 0 0 -37 12 -15 -2 -2 -15 27 -46 20 4 0 0 -49 0 -8 0 -21 24 39 19 0 -48 -25 0 
-23 24 0 -43 -11 -5 34 0 41 18 0 37 -46 4 12 -16 -14 0 0 0 -14 -29 0 -29 -44 -29 21 -13 -29 -33 -13 0 -44 -3 -46 -37 -48 0 -16 26 -27 -32 28 2 -17 -14 -39 39 -38 0 21 1 0 -27 -48 -41 48 43 -27 -4 0 23 24 -9 -22 -41 25 25 15 44 -13 -13 41 37 -2 -13 -47 27 5 0 -43 -8 24 0 -9 22 11 -42 49 31 -30 0 -13 -41 -45 0 45 46 -6 47 
-30 0 27 17 21 32 -49 0 0 -18 -27 -41 13 -36 -25 0 4 0 5 -17 17 11 6 -8 -46 0 -18 36 -41 -21 0 -42 46 0 -20 0 0 -43 14 6 -21 14 9 -15 45 37 23 0 22 38 46 -19 0 0 -23 20 -49 0 -47 -22 0 32 20 19 -38 -22 20 -33 43 -43 -15 46 0 36 -7 45 0 4 23 -16 7 -31 -13 -28 -16 23 0 -8 -15 -38 0 0 0 14 47 0 44 -24 0 0 
-49 0 -35 0 -19 0 25 26 0 -32 0 -33 0 10 0 0 0 0 0 0 43 -38 -16 -6 0 0 23 36 -15 0 -23 6 -12 33 0 14 -16 14 33 -4 -47 32 -42 20 -12 -33 29 5 39 32 -15 0 -43 0 0 -23 18 0 -4 0 -27 1 -9 -22 -33 0 -29 46 0 14 -24 0 -30 -25 0 18 0 0 0 -26 -3 0 -35 12 -27 0 -35 -13 10 -20 0 17 24 -5 31 23 -39 -24 37 0 
-44 -42 0 -2 -27 -10 32 -14 0 25 30 10 8 22 29 12 -10 14 0 16 0 -31 31 -35 -21 -45 20 15 0 17 -18 33 -27 2 -15 -23 26 6 -4 0 -32 0 0 -14 -40 46 29 0 0 0 43 0 -45 0 23 -7 22 47 0 0 -12 43 -47 -40 -8 -17 0 18 -28 2 -18 -33 0 0 44 0 -16 24 0 0 -11 -36 -34 0 -14 0 0 27 -2 -5 -30 0 48 -9 0 40 41 -7 15 0 
-41 -43 0 0 -29 30 0 -42 2 18 -7 -27 25 36 0 -2 7 30 0 0 7 -45 30 37 11 47 0 41 0 0 -37 2 -45 -24 0 -40 -27 -21 -47 -32 -21 30 7 13 11 28 18 11 -18 -33 21 23 33 -49 -16 -42 0 0 -1 29 37 0 -10 20 0 -21 0 16 47 6 33 0 0 0 -29 -21 36 22 -45 -18 -6 -39 41 0 41 -23 -46 0 -10 -27 -43 -26 0 0 0 43 13 5 -30 0 
-23 44 37 0 -34 0 -7 -33 -25 0 34 0 -19 7 8 0 0 39 -44 0 -33 0 -24 47 10 32 -28 13 20 0 -26 -26 0 27 31 13 -32 14 32 0 30 0 0 -11 -19 24 47 28 0 -12 -25 -32 0 0 -49 48 0 -23 -47 46 27 -26 -39 0 0 -32 0 0 -42 47 -20 0 18 14 -29 -8 0 0 -2 29 0 44 0 -19 -3 0 0 31 -37 30 0 36 17 27 14 0 41 -24 -26 24 
1 18 33 -47 0 -22 -45 42 23 -32 -40 0 4 0 -19 -21 41 49 0 0 12 0 -16 13 33 -24 42 25 0 30 -29 -11 33 -9 4 -5 28 9 -42 0 7 0 -45 -30 -18 -37 -17 -33 39 26 15 -37 46 -37 -7 0 43 10 -45 34 12 27 0 46 48 -33 39 -32 -44 39 25 -37 -14 -30 44 45 -4 -5 -2 0 39 -14 1 -17 -49 -43 -38 44 0 -11 0 -47 40 34 0 -42 -17 24 -1 36 
-27 0 24 19 0 -47 -41 -12 0 43 7 -42 37 0 37 -29 2 -19 0 49 14 -23 15 40 22 -43 -14 -7 -3 -4 -43 -3 28 3 0 30 2 -15 20 -14 13 -11 -30 48 0 -24 40 25 -18 0 -24 11 0 47 -6 24 0 -42 0 24 0 18 0 -17 29 -25 -42 30 38 0 46 40 48 -42 9 0 0 25 1 -21 -35 -42 0 -48 -45 -14 -12 0 -49 14 -24 14 44 44 -44 0 0 41 -14 11 
0 -38 9 0 -22 12 -19 10 -45 21 -37 -3 31 0 -48 -29 -11 -3 0 -7 27 -21 18 34 0 39 9 33 26 16 0 40 -3 -37 36 -48 -17 45 -12 -40 11 -19 -18 0 -45 -30 -34 -6 -43 0 24 -30 21 -38 0 -12 0 -24 0 -13 -21 16 10 0 38 11 -49 -2 -49 -28 -43 15 31 0 17 7 19 0 38 -47 0 45 0 0 -11 42 0 35 0 46 24 0 -23 46 22 0 0 44 36 13 
46 -33 0 34 -34 -40 0 -5 30 -23 -3 -4 46 0 -11 44 -18 -47 0 0 -14 22 39 2 -41 0 0 -31 0 25 0 0 -33 5 41 -32 -14 37 -33 46 28 24 -37 -24 -30 -49 0 -16 -42 0 0 0 9 41 19 -15 -1 -15 16 -41 0 21 -5 -14 0 31 -27 0 0 47 -14 32 -23 -27 21 0 29 39 18 -14 -14 30 0 -27 0 41 0 0 0 -21 28 15 0 38 -35 42 0 0 22 -38 
-2 -6 -39 -43 4 0 -3 0 -49 4 -1 40 -27 10 8 6 -11 0 -46 -19 44 7 24 0 24 0 -24 38 -28 0 -4 0 -36 -48 -3 0 -39 23 29 29 18 47 -17 40 -34 0 -14 5 -25 -37 18 -17 30 21 -30 -25 -38 -42 -3 12 -23 24 0 0 -42 -25 -29 0 31 28 0 -13 26 -1 0 -37 -35 6 7 35 -3 0 -38 0 -3 36 0 32 -22 2 31 0 -1 4 -17 43 0 38 -13 25 
0 -7 0 -43 33 -49 3 15 -5 22 0 20 23 -15 -35 28 11 0 38 -25 0 0 -8 41 -33 0 -45 38 32 -35 37 31 32 0 0 -7 39 0 5 0 11 28 -33 25 -6 -16 5 26 33 -49 0 0 0 0 0 18 18 0 0 -10 42 33 -27 2 6 0 -35 -25 -11 -29 -40 -34 17 -46 0 0 -22 37 -28 0 0 0 19 21 36 0 0 -1 -48 -46 -3 44 -49 -42 31 43 0 -25 0 -12 
-23 0 -19 -5 -1 24 13 0 0 -42 43 48 36 0 -11 -7 16 -22 18 43 21 30 0 -49 -30 12 0 2 0 12 -24 -26 29 -31 -48 0 -38 22 39 0 -18 0 39 -18 -43 -42 -25 33 -38 -36 37 0 -1 0 -18 -2 -45 0 36 -15 44 -19 0 0 -47 -35 -6 -23 -34 -22 39 -33 0 16 34 0 -7 0 0 26 -2 38 12 0 0 -35 9 0 43 -22 0 -41 0 33 7 29 40 -42 -30 -33 
30 0 18 1 33 40 -7 -6 0 -27 -38 -15 0 0 46 27 37 24 -46 0 0 -23 0 0 49 -43 0 -6 39 0 -9 -32 -43 0 47 -21 0 38 32 0 -33 -12 26 0 0 0 -37 -49 -36 21 0 -22 16 49 8 38 30 -24 5 0 0 0 11 -6 -45 0 -18 26 16 0 -11 -17 47 39 0 43 0 33 -37 -27 -13 -26 45 0 1 -21 1 0 7 -44 49 -32 -30 -29 2 0 0 37 30 15 
-38 0 47 0 -19 -2 0 -44 23 -2 18 5 21 38 0 41 -49 4 17 35 0 0 31 32 0 -42 43 28 0 34 13 0 0 -10 0 -48 21 46 -15 43 21 -25 15 -24 24 0 18 0 37 0 -49 -14 14 0 4 0 19 21 -24 0 28 0 -46 4 3 8 -48 16 -43 -8 2 14 26 0 0 -40 -15 -27 -8 -10 0 15 45 0 16 42 0 8 25 -2 27 20 0 -19 38 17 6 3 11 36 
47 29 0 0 0 0 1 -27 0 -21 -27 8 0 29 24 0 -6 0 -7 -12 -20 3 0 -48 28 7 0 -40 4 -25 47 0 0 -21 0 25 1 -19 0 0 23 -32 -37 11 -30 0 -17 0 0 -22 -14 0 0 -12 -18 0 -47 3 -13 0 0 5 -15 45 7 0 16 -34 15 24 7 -26 0 -21 -45 21 -25 0 -1 -10 -17 0 7 -28 -8 0 0 0 -19 47 -30 0 0 0 43 -13 45 4 0 -12 
-48 0 0 45 0 2 0 35 37 -30 -12 -1 5 38 34 0 -12 -14 5 40 -48 -34 0 0 -36 -43 -10 23 0 0 0 0 24 -9 -17 0 0 0 -43 -45 33 0 46 0 21 9 30 0 -1 16 14 0 14 -33 33 -15 48 42 -7 -4 0 -34 48 13 48 0 -21 2 0 -45 -18 13 -5 -45 23 -28 0 -6 22 47 -43 0 -13 -18 31 -39 18 -42 1 23 -20 0 -21 -36 0 29 49 0 -26 9 
0 -25 39 40 43 0 -15 -46 41 -47 4 42 39 -12 4 -5 45 0 7 31 19 -32 0 17 33 8 12 -16 -7 0 -9 -17 43 13 16 -38 -27 0 0 0 -49 0 -37 47 -38 41 21 0 0 49 0 -12 -33 -39 0 -16 0 17 40 -26 -31 -21 48 0 16 35 -14 -25 0 1 0 22 -15 0 -11 -45 0 -1 0 23 -48 0 -41 -3 15 0 -47 0 23 -38 42 26 -8 -25 0 -10 0 31 -41 0 
12 31 29 -35 0 16 48 -44 -17 15 0 -7 1 39 43 16 44 0 0 -37 -2 9 0 0 -11 0 42 -46 46 26 44 45 32 20 30 -43 -48 -23 0 23 -16 -49 -7 -6 0 19 -30 0 -18 8 4 -18 33 0 -16 -23 0 8 0 0 0 -44 0 -43 -5 -9 4 5 0 43 11 0 0 0 -37 9 16 -33 0 49 4 -36 -35 0 -25 43 26 -2 -35 30 0 -19 -40 0 25 -2 29 41 46 -10 
0 -40 12 9 0 -25 -1 -39 0 -47 0 0 -9 0 -43 -2 -21 6 35 0 0 -19 21 43 -31 7 34 0 12 0 0 0 48 -42 0 0 -41 20 -23 -7 -42 48 0 24 -12 -15 -25 18 -2 38 0 0 -15 -16 -23 22 8 -27 0 0 48 0 0 -47 -26 -20 16 0 0 -31 0 11 -40 10 37 0 -26 0 -24 0 0 32 16 6 35 0 0 0 39 48 13 -23 0 0 -26 -48 -22 -10 -38 26 
0 -40 38 0 48 0 -40 -2 0 43 0 0 0 0 -4 9 -48 -42 0 -43 0 0 -29 35 24 -13 -1 -49 0 -41 22 -24 -42 0 48 -14 48 -49 18 22 0 0 43 0 0 -1 -38 18 -45 30 19 -47 48 0 0 8 3 31 -37 1 0 0 -29 0 13 14 49 -26 0 11 42 -30 -33 -27 -48 -13 0 32 -11 0 -44 12 21 30 -21 23 -30 20 0 18 31 -27 0 0 0 -13 45 -18 41 0 
-26 30 -49 8 -22 -32 8 22 48 31 0 -3 35 -18 -12 41 37 34 10 0 -48 15 0 -22 49 -2 -12 0 2 -34 38 25 10 11 0 0 43 0 0 47 0 -23 10 -42 -24 -15 -42 0 0 -24 21 3 42 17 8 -27 31 0 -47 8 0 0 -1 18 -7 3 0 -26 -19 42 -38 -38 0 0 11 -13 22 -34 0 0 -4 24 16 0 15 42 0 0 -5 -30 0 -34 0 11 36 16 -1 0 -10 -1 
0 13 -1 -18 -8 34 -15 -39 28 -24 -5 -5 -8 -31 49 14 -41 -20 0 -45 -36 37 29 -26 32 3 13 -7 22 -49 41 0 18 -38 0 23 -27 -47 -4 0 -1 -47 -45 0 0 16 -3 0 36 5 -24 -13 -7 40 0 0 -37 -47 6 -23 -15 -43 -6 44 0 44 24 -34 37 -44 0 0 9 -31 0 37 31 -42 0 0 -1 44 0 0 -18 -30 0 0 -15 21 0 0 -32 -42 -33 -20 -15 0 0 0 
0 -19 -37 -15 0 33 0 46 30 11 7 -5 26 -43 0 0 -2 -19 0 0 0 0 -48 4 -14 15 36 44 -3 41 -33 -8 -46 44 0 -8 -4 -22 0 0 29 46 34 24 -13 -41 12 -10 -15 0 0 0 -4 -26 0 0 1 8 -23 15 -28 10 0 46 -30 22 0 -35 0 0 45 0 0 24 -9 -10 36 26 -25 -43 -28 -21 2 24 26 0 0 39 40 19 -25 0 0 -19 0 32 43 29 0 -38 
0 0 37 22 16 39 49 0 -37 0 45 -39 0 8 48 0 -3 0 -25 46 -40 33 0 0 0 10 13 0 -37 28 -43 46 41 0 0 0 0 0 -27 -12 37 27 12 0 -21 0 -23 42 44 0 28 0 0 -31 0 48 0 0 -15 -28 -30 0 11 -48 -1 26 -5 0 -43 13 12 0 5 -31 -29 -22 6 -11 8 -1 15 0 0 0 0 0 -21 41 -1 28 31 26 42 0 46 4 28 -49 41 -42 
22 -21 14 -48 -31 -27 -30 37 11 -15 -11 0 28 41 -2 -2 47 0 -43 -42 14 -26 9 -22 -29 0 6 26 9 0 37 12 0 30 -38 28 23 32 1 43 0 -26 27 18 16 21 24 33 -19 0 0 5 -34 -21 -44 0 0 0 -43 10 0 -23 4 32 25 3 -13 -29 6 28 -28 0 -43 -47 0 27 0 0 12 27 -6 0 46 -21 0 0 0 34 -47 17 -26 0 14 -22 -34 -27 0 8 -45 0 
-8 35 18 0 14 -22 38 -16 0 38 0 -16 -41 -27 -26 0 0 8 41 20 -16 34 -18 32 -9 3 -5 -24 0 -16 -47 0 -25 0 -13 -1 24 20 -9 -47 -10 -39 0 0 10 -5 0 -27 0 11 -46 -15 48 48 0 0 -29 -1 -6 0 11 4 -8 -4 31 -37 -25 -26 -22 0 -17 0 -14 1 0 0 38 22 -11 0 27 44 41 -10 -43 -20 -2 0 0 0 17 -28 14 -28 15 0 16 -12 -32 0 
1 0 2 0 0 1 -28 -3 28 -21 -45 0 11 0 -13 -4 45 12 8 18 0 -45 48 0 45 0 -30 -36 -33 0 0 0 0 30 32 1 -9 19 -22 -40 20 0 46 -17 0 -14 0 2 0 -6 4 45 13 0 -43 -47 0 18 44 46 -48 32 -4 15 -2 14 3 22 -36 0 13 -25 -39 -11 -26 -30 -44 0 24 -12 -7 0 4 -46 7 -35 17 14 16 40 3 -10 -28 -21 17 8 0 -6 -20 -36 
27 -8 -46 -29 0 39 0 1 0 0 24 0 -25 42 -17 8 42 -15 -18 -24 -11 28 0 -21 0 -33 44 32 0 28 0 38 -16 0 34 28 -22 -38 -33 -8 0 0 48 29 38 0 -42 6 -47 -45 3 7 48 16 -5 -26 13 -7 0 -30 -1 25 31 -2 0 0 27 29 18 -6 6 1 -8 0 -4 5 -35 -14 0 0 6 11 0 0 35 -7 -3 -9 -15 0 16 -14 -30 -4 0 21 31 -34 43 8 
43 -33 0 0 3 0 8 0 -13 40 36 0 13 0 12 -41 0 11 -25 -47 0 17 23 13 0 -11 -18 0 0 -22 -10 -5 -47 -21 0 -17 -41 -22 0 -17 -21 -32 -33 -25 11 31 -25 0 -35 0 8 0 0 35 -9 -20 14 3 44 22 26 3 -37 14 0 10 29 43 0 -35 -22 0 -39 18 46 0 5 0 27 0 0 -38 -38 40 4 45 15 -11 0 -6 -8 0 10 -9 -35 -38 -7 7 48 0 
13 38 0 -43 26 -17 0 38 -43 -27 0 23 38 4 -5 45 24 17 33 34 0 -41 -39 -11 0 -15 -41 -1 -37 1 22 24 0 34 0 -18 25 20 -29 0 0 0 39 -42 -49 -27 -29 -35 -6 -18 -48 16 -21 -14 4 16 49 0 24 0 -5 -13 -25 3 27 29 0 -39 0 0 39 -1 0 -19 47 -40 46 -41 -41 0 37 28 -31 -44 43 -32 -30 -33 36 37 -49 28 9 -19 -21 22 31 7 0 -28 
0 47 -15 29 25 4 -10 -13 0 0 43 49 -11 0 10 28 16 -9 -39 21 -15 27 32 0 -44 0 0 49 0 -45 -14 19 0 0 43 28 25 -33 46 18 16 0 -32 30 -2 0 0 -25 -23 26 16 -34 2 -25 5 0 -26 -26 -34 -35 0 -29 -26 22 29 43 -39 -18 19 47 7 -26 49 -24 0 -46 40 -19 39 8 0 0 0 -15 41 -42 0 44 42 33 4 43 -3 -11 0 30 -33 43 39 32 
0 0 44 -40 19 -38 0 41 -20 -16 -1 -14 0 0 -24 -42 0 0 44 18 48 42 -39 27 25 -7 31 -18 -10 31 0 -28 29 -26 0 24 15 43 0 -28 47 -42 -44 38 -49 0 31 -11 -34 16 -43 15 0 0 0 0 0 -19 37 0 -43 6 -22 -36 18 0 0 19 -15 -19 -14 0 0 -26 24 0 -27 0 -10 0 0 32 -35 -14 0 -29 49 28 0 0 0 12 0 0 0 0 0 -49 -37 -12 
-29 0 -6 41 -22 -24 0 26 0 0 32 0 2 -5 0 -2 31 -30 0 0 -13 32 0 6 49 40 0 -30 -48 0 40 -43 23 -19 0 -47 44 -43 14 2 6 47 39 0 -28 47 28 -29 -22 0 -8 24 -45 1 43 -31 11 42 -44 0 13 28 0 0 -6 -35 0 47 -19 0 15 -3 0 -21 0 -22 -28 -44 0 28 -17 0 -27 -44 0 1 0 -6 31 -11 8 20 -29 0 -9 0 6 0 10 -37 
-1 42 9 0 0 7 39 0 11 -10 0 -22 20 32 20 16 0 0 -47 0 13 42 -41 -39 0 0 36 19 -2 31 0 -47 0 0 -4 8 -13 -15 -24 -18 33 -20 25 46 -43 -14 0 -40 39 -11 2 7 -18 0 11 0 42 -38 0 45 12 -28 -17 13 6 -22 39 7 -14 15 0 -35 -49 0 -19 -28 5 -16 47 -20 16 -20 -8 0 -24 43 -21 -28 47 -44 14 32 0 4 41 0 -44 0 -49 26 
18 8 38 17 0 0 -12 9 -40 0 16 49 12 43 0 11 41 13 25 0 -49 -5 -21 -26 -34 29 46 9 -27 46 0 4 -31 25 38 26 -13 46 0 -33 0 0 -37 40 15 32 -13 -34 -33 -17 14 -26 13 22 0 11 -30 -38 0 0 0 0 0 -25 1 0 -1 -26 0 -3 -35 -42 -8 0 0 0 -38 -43 34 -1 -13 0 13 0 -9 10 37 0 -10 0 0 0 44 39 -20 -32 -21 32 42 -31 
0 -29 0 -32 -42 28 31 -35 0 -36 44 0 0 0 0 15 43 0 0 0 -13 34 0 49 48 0 -22 -35 30 20 0 26 37 0 28 0 41 0 -30 0 0 18 -14 48 31 -23 26 17 0 47 26 0 -5 -15 0 -40 -33 0 9 0 5 -43 -14 -39 -8 -39 0 49 0 0 -49 -8 -33 34 41 15 0 29 11 0 43 43 0 0 -41 0 16 -39 6 -14 43 6 -40 8 20 -14 0 27 -16 -22 
0 -10 0 -6 -10 -24 0 39 11 49 -9 14 0 -3 0 46 0 -37 12 0 7 0 5 38 0 31 -36 10 -17 -38 -10 0 0 -39 -31 -44 37 36 -25 0 0 14 -30 -42 0 -27 -1 -46 16 39 0 -21 -45 0 0 10 -27 0 -31 24 -31 -47 1 -11 0 18 -19 -24 -26 -21 0 0 34 0 0 1 0 -38 0 -8 -23 0 -40 0 0 0 -25 0 25 2 3 -38 -28 -9 -10 0 19 -35 5 0 
0 0 0 7 -41 -21 23 8 -39 -14 0 0 11 44 -22 18 0 -32 48 28 0 0 -40 0 -3 30 -11 48 -29 0 18 34 -2 33 33 0 -2 -7 0 44 -29 -29 44 9 17 21 0 0 34 0 0 -45 23 -11 -37 37 -48 11 0 -9 -29 0 0 -26 -4 46 47 0 24 0 -19 0 41 0 -37 0 -25 -15 0 10 19 -31 -33 8 0 -41 0 8 32 -27 0 -37 -11 -42 0 32 42 0 -23 -47 
-38 -11 -25 -12 0 -2 21 0 -36 0 42 28 -20 -23 49 -35 -4 0 0 0 46 12 0 24 13 33 0 0 0 -45 0 22 -29 0 33 0 -13 45 18 0 -21 -8 45 0 7 0 -37 0 0 43 -40 21 -28 -45 9 0 -13 -13 37 -10 -22 27 0 -30 5 0 -40 -46 0 -22 -28 0 15 1 0 -11 0 40 -26 0 0 0 -30 -27 -23 4 -29 0 0 -34 43 0 8 0 0 0 -18 -30 -25 13 
0 32 -36 0 -33 30 14 -34 -14 -2 0 6 0 0 12 -6 41 38 23 0 -35 14 22 -45 -10 -36 0 17 21 0 2 0 28 33 -1 -37 -47 0 0 -16 36 0 -4 0 19 29 -35 -22 -7 0 -15 -25 0 0 16 -26 0 22 31 36 6 0 38 -44 -35 5 46 40 -27 -28 5 -38 0 0 -25 0 5 15 1 47 -49 47 2 -10 -19 1 0 -23 41 0 27 -38 0 20 -15 0 0 6 -9 -27 
32 -31 39 -37 -49 -49 -10 5 0 28 25 36 6 0 -31 -18 -34 -3 0 -31 -38 29 27 -33 -43 -31 -37 -20 4 -12 0 0 0 44 -44 12 27 4 0 24 22 0 -5 25 0 39 6 37 0 33 -27 0 -6 -1 -33 0 32 -34 -42 26 -11 0 22 0 -14 0 -41 -19 0 -44 -16 -43 29 -38 -15 40 15 3 0 39 18 7 0 0 -22 0 32 40 -49 29 0 48 0 -44 11 -22 5 6 12 -42 
20 -11 22 -20 30 5 -18 8 25 18 0 -17 23 0 0 -20 37 0 18 -1 5 0 0 0 0 0 7 0 -16 -12 -30 0 17 15 -38 -15 5 23 0 0 -45 -2 -2 1 38 18 7 -28 0 -37 -8 -1 22 0 0 -24 -11 0 0 -25 8 12 -11 24 0 27 -41 39 -10 0 47 34 11 0 0 -26 1 0 0 29 -42 -37 -33 -44 18 24 30 44 -36 1 -44 0 25 -9 5 24 0 0 42 0 
0 -33 -20 0 0 -46 -35 -6 0 -47 0 0 -35 20 0 25 13 0 3 25 3 0 10 40 -42 35 -48 -29 27 21 0 1 -44 0 39 -2 0 -16 -26 0 -18 29 0 -21 -47 -14 35 0 26 -27 -10 -10 47 23 49 0 0 0 0 -43 -1 27 0 -12 0 0 0 8 0 28 -20 -1 0 -8 10 0 47 39 29 0 0 0 30 0 0 0 27 -36 -42 -18 -18 0 34 37 -7 0 -49 -22 -11 0 
25 0 -6 47 25 -20 -5 4 26 38 0 0 0 -23 0 -23 30 -23 42 -22 -16 0 0 -12 0 48 -44 -38 -27 45 -12 0 0 6 -17 -2 -43 7 -3 -11 -6 0 39 -35 0 -14 -3 0 -2 -13 0 -17 -43 -48 4 0 -44 -4 -1 -28 15 -6 27 -7 6 0 37 0 0 -17 16 -13 43 -23 19 0 -49 18 -42 0 0 0 0 -39 24 0 17 44 35 41 -7 -23 11 -37 26 0 23 43 0 -38 
-38 -19 -43 -6 44 -30 46 0 -16 -49 -6 8 0 -23 0 18 -4 0 36 0 0 31 0 -8 32 1 -6 39 0 -3 25 6 0 0 0 -15 -8 -31 0 -36 -39 44 -14 -42 45 30 0 0 38 -26 15 0 0 0 -36 32 12 24 44 -21 0 0 44 0 11 -38 28 0 32 0 -20 0 43 0 -31 0 47 7 -37 0 0 0 0 15 22 -48 9 -46 -22 0 -4 -47 0 2 28 0 0 0 0 10 
13 34 0 0 0 -26 -9 4 -17 0 12 -30 0 28 -12 -42 44 44 0 -41 -16 -14 17 29 25 33 -9 0 19 0 -13 -13 -9 47 -34 27 24 -13 -35 -34 41 0 1 0 0 0 -38 19 12 45 45 7 -13 -41 -35 16 21 16 0 2 0 46 41 4 0 -38 -31 0 -35 -27 -8 13 0 -40 -33 -30 2 0 -33 30 0 0 -8 33 -10 7 13 0 4 0 47 27 -5 -2 -24 27 35 41 0 17 
0 5 0 14 -37 2 -40 0 -23 -21 -20 2 0 10 -37 30 -19 -39 -14 37 0 0 -31 0 -32 0 32 34 0 28 0 0 0 42 -13 -46 0 -28 12 0 0 -19 -17 -48 0 -27 0 21 0 0 0 -28 -18 -3 0 6 30 0 0 24 0 -21 -10 -46 0 40 -44 -15 -14 -44 0 0 0 0 8 -27 -10 0 -44 0 -39 15 33 0 -14 0 5 -40 37 44 -35 37 -47 0 -3 42 -14 0 -5 -40 
0 -8 1 9 12 -49 23 -16 -36 -22 0 0 0 0 0 -28 20 7 -24 0 0 -45 -25 39 -38 15 0 9 1 28 21 -1 35 19 46 20 -9 -16 -27 -14 41 -3 -49 -45 -11 0 -3 36 0 1 16 -8 31 15 -25 35 -21 15 -18 26 0 0 -43 7 35 4 43 41 0 0 -24 -9 -41 0 0 -23 -19 -22 18 0 24 22 -10 -14 27 0 4 -32 -21 27 -2 -28 6 0 41 40 -47 -3 36 0 
-32 33 42 -15 0 0 35 0 0 5 -23 -13 21 -11 -23 -5 0 -46 39 -49 44 0 18 33 -26 -4 26 42 40 0 -16 -43 0 -28 -29 4 22 23 0 0 -23 0 -43 -14 42 41 36 0 -35 -21 42 0 -39 0 43 0 23 42 -30 0 0 0 -20 -35 -7 45 -32 -42 -29 1 43 10 0 0 -41 4 1 0 24 0 0 -48 7 0 0 -15 -13 -21 0 -34 48 0 0 0 -8 39 0 -9 -21 10 
-3 0 25 0 -20 -40 38 26 0 4 0 -30 1 16 -44 -16 -42 35 45 -49 1 -37 26 -12 -7 0 -39 18 0 0 0 -36 39 0 -13 0 11 0 -35 0 -46 0 -38 -12 0 0 0 0 9 1 0 0 18 -47 26 0 -30 0 0 0 -21 0 -2 17 -3 15 -30 0 49 0 -21 37 16 -25 0 -29 0 32 30 27 17 9 13 5 4 -13 -29 0 14 44 0 0 -33 0 0 0 0 -32 43 14 
-44 11 0 0 0 0 0 34 -9 -6 0 -30 30 0 -16 -29 -35 19 18 0 0 15 -16 -17 0 31 -30 0 0 -9 0 -41 41 0 16 0 -42 -8 -13 27 0 31 44 0 35 0 32 -1 0 0 8 0 -42 0 -2 0 20 0 0 39 41 34 0 14 -9 -11 -33 44 28 -6 -28 0 -39 0 8 0 -23 40 44 -36 44 -46 0 -40 -32 -21 0 27 0 45 9 0 35 -46 19 0 -14 6 46 -3 
0 -47 0 29 0 43 0 -41 0 -34 -20 32 -3 31 0 44 21 38 28 -49 0 27 1 0 0 4 19 36 -37 0 0 0 35 0 0 -49 49 -15 10 -2 -10 -37 0 -49 0 0 -22 -48 43 7 25 -19 1 23 -35 39 0 -5 -15 40 -1 -47 0 16 -15 0 36 42 0 31 47 -10 6 25 32 0 41 -49 -36 -42 35 -22 4 37 -21 0 14 0 0 -49 31 -24 28 15 0 0 25 25 -19 20 
25 18 -5 -31 -24 0 0 -21 -30 -4 0 -43 0 0 0 25 0 0 -27 0 -1 -44 0 -15 36 31 26 29 0 0 -49 -48 -10 0 -25 0 31 -38 -20 -5 -27 30 -11 14 46 -21 2 -46 -22 -44 -2 47 23 -38 30 48 18 -30 21 19 28 17 0 40 0 -6 37 33 0 -11 -44 0 -14 2 -27 -34 0 29 1 -18 41 0 0 44 27 -34 44 45 -49 -25 27 -40 12 30 -41 -22 -4 0 -2 -23 
-7 0 6 0 0 0 0 0 0 0 -2 20 0 -5 25 -12 42 -36 39 15 0 -23 -33 -29 0 22 -26 0 4 -9 40 0 -17 0 0 -8 -30 0 0 -30 -43 0 0 -24 24 28 31 -3 0 49 27 -30 -20 42 0 13 31 0 0 -25 31 -26 17 3 16 -8 -49 4 0 8 14 0 43 3 0 43 27 0 -44 -18 -7 -4 47 -35 -2 48 0 9 31 27 0 0 -24 -20 -22 29 -9 -15 -48 0 
-30 -25 -21 11 -37 -43 0 34 14 -33 0 -16 36 29 -21 -20 0 -5 3 -16 24 1 0 32 39 -30 22 -21 0 -5 -40 18 -36 -2 -20 0 0 0 17 0 -26 36 -47 14 0 15 0 44 -41 -32 20 0 0 26 -19 -23 -27 -34 0 0 26 0 -28 -10 -14 0 28 43 12 20 32 0 6 -38 -37 0 -38 48 0 0 -23 -47 27 37 -28 0 0 0 -24 -40 0 0 0 25 25 0 5 26 0 -31 
0 -1 20 48 19 38 -39 0 -21 0 -31 25 44 12 0 7 39 40 29 -42 -48 -33 -30 34 -32 -46 -30 43 -10 0 22 0 32 -46 37 -21 -13 0 24 48 0 17 40 44 -23 0 -1 -49 0 -30 0 0 -21 -8 -40 0 0 0 -32 0 42 14 14 -28 -30 10 9 -3 0 -29 0 44 -40 -28 -11 8 0 0 25 34 11 0 -5 -47 6 0 -33 35 28 12 -24 0 0 -34 43 11 4 38 -19 0 
12 43 40 -45 3 0 -46 0 0 0 0 -7 -17 -43 7 45 -46 -35 -2 -16 -44 49 -22 -6 6 2 -40 0 -20 23 -36 -43 -47 0 10 24 -41 14 -5 -9 0 27 34 44 46 38 4 -42 33 -29 -19 0 -36 -25 0 0 0 11 -42 -19 0 -22 -28 -21 -4 -9 -19 -11 0 0 4 39 8 -9 -42 0 20 -44 -9 37 -37 2 -2 0 0 0 0 -46 15 30 -20 25 -34 19 40 -15 31 0 -28 28 
0 33 -25 0 30 0 -42 0 32 0 46 -9 0 31 0 0 -5 0 25 -25 13 -36 -7 25 27 -22 0 0 0 0 -13 0 31 20 -22 39 -45 47 31 0 0 14 0 -44 22 -35 -17 31 7 2 38 43 0 0 25 -26 0 36 -33 0 46 -34 15 17 0 -35 -21 0 0 -9 41 -20 20 -10 0 0 -15 11 5 -7 26 28 -24 -3 41 -8 0 19 0 -41 -22 25 43 40 0 0 28 18 -37 -11 
-16 -45 -26 -47 2 -27 0 0 45 0 -40 -12 -11 -34 0 0 2 34 -11 0 -22 29 5 14 22 0 42 -4 0 39 27 15 0 0 23 19 0 0 23 40 43 0 -42 0 0 42 43 43 29 0 17 -13 29 -10 -2 -48 -13 16 -20 32 4 -27 0 8 21 -38 22 30 0 0 0 -32 -14 0 32 0 0 -22 24 0 0 0 27 42 40 39 0 0 0 -22 29 0 11 -15 0 -16 -21 9 39 28 
23 -41 -18 13 -41 -39 -4 -13 -35 0 -32 9 -12 7 -49 -28 45 -6 48 5 -15 4 0 48 -6 22 20 -36 -2 -45 17 0 33 11 0 0 45 44 -39 41 13 41 -17 0 0 0 0 0 40 0 6 45 49 0 29 -22 45 -1 -15 43 28 0 16 0 31 -7 31 -33 0 6 -44 -21 0 19 42 -18 0 5 0 -49 23 0 35 -14 -47 0 0 -14 25 -4 -9 5 4 31 28 -21 -28 40 -36 47 
0 -24 -45 23 5 -23 13 29 4 -13 -9 43 0 0 -30 0 0 -9 -12 42 -1 -1 34 -12 -11 45 -9 0 0 19 -24 -20 24 10 -23 -48 46 -24 -24 -7 5 -24 24 41 44 0 38 -25 -42 37 3 4 0 31 41 -10 -18 0 0 29 -49 8 -12 -6 -34 7 7 43 -49 0 0 32 27 -35 0 -30 6 6 0 -22 43 0 41 0 -3 -9 -32 6 25 0 -15 26 38 0 18 9 40 27 0 38 
0 0 0 0 -7 -30 -46 -37 0 0 34 0 11 -43 -4 47 0 -28 0 0 -38 0 -23 0 22 -28 0 15 -41 -37 35 15 16 5 -18 -25 -6 0 37 15 -30 -26 -1 -14 36 22 -13 0 -30 30 11 0 -26 -41 46 -38 41 -10 0 0 41 -45 -32 -20 43 48 0 39 -37 10 -49 42 -16 5 -23 -25 -9 12 42 -11 0 0 0 -5 36 -21 43 46 -19 -2 -48 0 -19 -28 -37 39 -36 0 -9 0 
0 -13 -30 2 0 -43 5 -5 -32 -18 49 -21 -14 -2 44 -6 20 21 -15 24 0 -11 22 -23 -48 0 -21 -35 0 0 0 -3 3 -26 -32 0 47 0 0 0 0 24 36 11 13 -38 25 -12 -33 15 36 -12 9 0 -10 26 0 -1 0 -38 -42 0 0 -36 8 0 -28 32 -12 -37 26 -31 -22 0 -47 13 -27 -42 0 0 -38 10 17 -40 0 10 14 -3 20 -23 0 -31 0 28 -11 28 47 38 0 -9 
