100
0 40 0 26 0 24 -2 0 -1 0 38 0 -35 0 4 0 6 0 0 0 44 37 0 0 22 -39 0 0 0 0 0 4 -21 -27 0 0 0 -45 0 0 0 0 0 0 0 27 0 0 0 0 0 0 6 0 0 0 0 5 0 0 0 0 0 0 0 0 16 0 0 0 0 31 0 0 0 -2 0 0 0 0 0 0 0 0 -20 0 0 0 0 0 0 4 0 0 -35 0 0 0 34 0 
0 0 48 0 0 0 0 18 0 0 0 -43 -47 34 -15 -1 0 0 0 0 0 -7 0 0 0 0 0 13 0 -49 0 39 36 0 0 0 0 -44 0 0 0 0 -44 0 0 0 25 0 0 0 0 0 0 0 0 20 0 0 0 0 0 0 0 0 0 0 0 0 0 0 0 -41 0 36 0 0 0 42 0 0 0 0 0 0 0 7 0 0 0 0 0 0 0 0 0 0 0 0 0 0 
0 -41 -23 0 0 0 0 0 12 19 -39 0 0 0 0 0 0 0 0 -21 0 24 18 0 0 0 0 18 0 0 0 0 0 -22 0 0 -13 0 0 0 0 39 0 -28 0 0 21 0 0 0 0 0 0 -2 0 0 0 0 0 0 0 0 0 0 0 -21 0 0 0 0 0 0 0 0 0 0 0 0 0 -17 0 0 0 0 22 0 0 0 0 0 27 0 13 0 0 0 0 32 -16 3 
48 -23 0 -23 -49 0 35 12 0 0 0 0 0 0 40 -5 0 0 0 1 0 0 -35 0 0 24 0 0 0 0 0 0 0 0 0 0 0 -41 43 0 0 0 0 0 0 0 0 0 0 0 0 0 0 -17 0 0 0 0 0 0 0 0 0 0 39 0 0 3 0 -14 14 0 33 4 0 0 0 -22 0 0 0 0 0 0 0 43 22 0 0 0 0 -24 11 0 0 0 13 0 0 0 
0 0 -23 0 0 0 0 0 0 -19 41 16 0 0 0 0 0 0 0 11 24 0 -12 0 -30 0 0 -45 33 0 -39 0 0 0 0 0 0 16 0 0 0 0 42 -24 0 4 3 -17 0 -38 0 0 41 20 0 0 34 0 -1 0 0 14 0 0 0 0 0 0 0 0 0 0 0 10 0 0 -21 -7 -30 0 0 0 0 0 0 0 0 0 0 0 0 0 0 0 -26 -28 39 0 0 -34 
0 0 -49 0 0 0 -14 8 0 0 0 0 0 0 0 0 0 15 0 0 0 0 31 0 17 0 0 0 43 45 0 15 0 44 0 0 40 35 -18 37 0 0 0 0 0 0 -31 0 0 24 18 0 0 0 -32 23 -19 0 -14 0 0 0 0 0 14 4 0 0 0 -47 -36 0 0 0 19 -35 0 0 0 0 23 -40 0 0 20 0 0 0 37 0 -24 -45 32 0 0 0 0 0 5 0 
0 0 0 0 0 0 16 0 0 0 0 0 0 0 27 6 0 0 0 0 -49 35 0 0 0 -23 0 0 0 41 0 0 0 0 0 0 -9 0 0 0 0 0 14 -44 0 24 0 0 -42 0 0 0 0 -18 0 0 0 0 0 25 0 0 31 0 0 0 -48 0 0 20 0 0 0 0 0 0 -12 8 0 0 0 0 0 0 0 0 -47 -23 -45 0 0 -14 0 0 0 -30 0 0 0 0 
0 0 35 0 -14 16 0 -34 0 0 0 0 0 0 0 0 0 0 -12 0 0 0 0 0 0 0 0 0 0 -37 0 0 0 0 0 36 0 0 0 0 -30 44 0 0 0 0 0 16 0 2 0 0 -41 0 0 0 25 0 42 0 0 44 0 0 0 -39 0 0 0 0 11 0 32 0 18 0 0 0 0 7 0 0 35 0 0 0 33 0 0 0 0 0 -5 0 0 0 0 -26 0 -19 
18 0 12 0 8 0 -34 0 30 -18 0 0 0 19 0 -47 0 28 0 -37 0 0 0 9 0 0 33 0 0 -42 0 0 0 -43 0 0 0 18 -8 -48 -9 0 0 0 -34 0 0 22 33 -43 0 0 0 0 0 0 0 0 0 0 0 18 0 0 0 -46 8 14 0 0 0 18 5 0 0 0 0 0 -44 0 0 -33 30 40 0 0 0 0 0 0 0 -16 0 0 0 -48 0 0 38 0 
0 12 0 0 0 0 0 30 -11 0 0 26 0 -37 0 34 2 0 15 0 0 0 -16 19 0 46 0 0 0 0 0 0 0 0 0 0 0 -49 0 0 4 -3 -39 0 -13 0 0 0 -33 48 0 0 30 0 0 0 0 0 0 0 0 0 0 -4 5 1 0 0 0 0 0 0 -24 0 0 0 0 33 0 0 0 0 0 0 0 0 0 0 0 5 48 0 -42 0 0 0 0 0 -31 0 
0 19 0 -19 0 0 0 -18 0 0 0 0 36 0 0 0 0 0 0 0 0 0 0 -43 35 0 0 0 0 0 0 0 0 15 0 0 -40 0 0 0 0 19 0 0 -49 0 0 0 -39 0 0 0 0 -8 0 0 0 0 0 0 48 0 7 0 0 15 0 0 27 0 0 19 0 0 28 0 4 2 0 0 0 0 0 0 0 0 0 -48 0 0 0 0 34 0 0 0 -12 0 0 0 
0 -39 0 41 0 0 0 0 0 0 0 25 0 0 0 0 13 0 0 0 -7 0 0 0 0 0 28 40 0 0 0 -30 0 0 0 -30 0 0 0 -48 49 0 0 2 0 0 28 0 0 0 0 0 6 35 0 0 0 0 0 0 18 0 0 0 48 0 0 0 40 0 0 16 0 0 0 0 21 0 0 0 0 19 0 0 0 47 0 0 0 0 -15 0 0 0 -3 0 4 0 0 0 
-43 0 0 16 0 0 0 0 26 0 25 0 0 0 0 0 0 0 0 0 0 0 35 44 0 0 17 -38 -42 0 0 0 -10 -39 0 0 0 -1 -8 -32 0 17 0 0 -2 0 29 -39 30 0 0 0 -42 3 0 0 -22 0 0 0 13 43 0 -47 -33 13 0 0 0 0 0 0 0 0 0 -40 0 0 0 0 0 0 -44 0 0 0 -31 0 0 44 0 0 0 32 -41 -4 0 0 0 0 
-47 0 0 0 0 0 0 0 0 36 0 0 0 0 0 0 -45 0 26 0 0 0 0 0 0 0 0 0 5 0 0 11 0 0 0 0 0 47 0 49 0 0 0 0 0 -24 0 28 0 0 0 0 26 0 -46 8 -17 0 0 0 -42 0 0 0 0 0 0 0 0 0 0 0 -44 0 0 0 44 41 0 -17 0 0 0 0 0 0 0 0 0 0 0 -18 0 0 0 0 0 10 -2 33 
34 0 0 0 0 0 0 19 -37 0 0 0 0 0 0 -1 0 0 0 0 0 0 0 0 0 -38 -5 15 -19 0 0 0 0 0 0 0 0 0 0 0 0 0 0 0 0 15 6 -11 -28 0 3 0 1 0 0 0 0 0 0 0 0 0 0 0 0 0 0 0 0 0 -9 0 14 0 0 0 0 0 0 -47 0 0 0 -2 0 -45 0 41 0 0 -1 0 0 0 -46 0 0 0 0 20 
-15 0 40 0 0 27 0 0 0 0 0 0 0 0 -22 1 0 0 -49 0 0 0 1 0 0 -24 0 0 0 19 0 -33 0 0 0 0 -17 0 0 -11 -28 0 0 -2 0 -13 0 0 5 0 0 0 0 2 0 0 24 -33 0 0 0 -8 0 -6 0 0 -34 -14 0 18 0 0 29 0 0 0 0 0 0 0 44 0 0 0 0 0 -32 0 0 46 0 0 0 0 0 0 0 0 0 0 
-1 0 -5 0 0 6 0 -47 34 0 0 0 0 -1 1 0 -34 0 0 0 0 0 0 -31 -16 0 0 0 0 0 -33 0 -19 0 -20 0 0 0 0 0 0 0 -14 0 0 0 0 0 0 -23 46 0 -22 0 0 0 -40 0 0 0 0 29 0 0 -23 0 0 0 0 0 0 0 28 0 0 27 0 0 0 44 0 0 -2 0 39 0 0 -39 0 -11 0 -48 0 -39 0 0 0 0 0 0 
0 0 0 0 0 0 0 0 2 0 13 0 -45 0 0 -34 0 0 -32 -23 0 0 0 0 0 0 0 0 36 35 27 0 0 -34 0 49 0 0 0 0 0 0 0 0 0 0 0 0 0 0 0 0 -12 0 0 0 0 0 0 -1 0 0 0 0 0 0 0 0 0 0 23 0 0 0 0 0 40 0 0 23 0 0 0 0 0 0 0 0 0 -46 0 0 0 0 0 0 0 0 35 0 
0 0 0 0 15 0 0 28 0 0 0 0 0 0 0 0 0 -35 0 -8 0 0 24 0 0 0 0 0 0 0 0 0 23 0 0 0 0 -18 -3 0 0 0 0 0 0 0 -12 0 12 0 -31 0 0 0 0 0 0 0 0 0 0 0 0 0 0 0 -20 -32 0 0 0 0 0 0 0 0 0 0 0 0 0 0 0 0 0 30 0 0 25 0 19 0 15 0 0 0 0 0 0 20 
0 0 0 0 0 0 -12 0 15 0 0 0 26 0 -49 0 -32 0 0 0 0 0 16 0 0 0 0 0 0 0 10 0 -5 0 -14 0 0 0 30 0 0 0 6 0 0 -42 0 0 13 40 0 0 0 0 0 0 0 0 0 0 0 0 30 36 0 0 0 0 11 27 17 0 30 0 0 0 22 0 27 0 0 4 0 20 0 0 0 0 0 23 0 0 0 0 0 0 0 0 46 0 
0 -21 1 11 0 0 0 -37 0 0 0 0 0 0 0 0 -23 -8 0 0 -6 -12 0 47 0 0 0 4 0 0 0 0 0 0 0 0 23 0 0 0 0 0 0 24 -1 48 0 15 0 0 18 0 0 0 0 0 0 17 0 0 0 0 32 36 0 0 0 0 0 0 0 0 0 0 0 41 0 6 0 0 46 0 0 0 0 0 0 0 0 0 37 0 0 15 0 -28 0 0 0 0 
0 0 0 24 0 -49 0 0 0 0 -7 0 0 0 0 0 0 0 0 -6 -6 0 0 0 0 0 0 0 0 0 0 -6 0 0 0 0 0 0 0 -40 0 0 0 0 0 0 0 0 0 40 0 0 0 0 0 -11 0 0 0 0 -13 0 0 0 0 0 0 0 0 44 0 0 0 0 0 -22 0 0 34 -29 0 -7 0 0 0 0 0 -31 -25 26 11 0 0 0 0 0 0 -39 -14 0 
-7 24 0 0 0 35 0 0 0 0 0 0 0 0 0 0 0 0 0 -12 0 15 0 -48 18 0 0 0 0 -45 0 -41 0 -5 -12 0 14 0 -37 0 0 0 0 0 0 0 -12 0 0 -43 0 0 0 -14 0 0 0 0 21 -9 0 -36 0 47 0 19 0 0 0 0 0 0 0 0 0 0 -37 -9 -20 27 0 -27 0 0 0 -7 45 0 0 0 0 0 0 0 -23 0 0 0 0 0 
0 18 -35 -12 31 0 0 0 -16 0 0 35 0 0 1 0 0 24 16 0 0 0 0 -5 -34 0 0 0 -10 0 0 5 0 -44 0 0 0 0 0 0 0 -34 0 0 0 0 0 0 0 0 0 0 1 0 0 0 43 0 31 0 -48 0 0 17 0 0 0 0 46 18 0 0 0 0 0 40 0 15 -2 0 0 0 0 0 0 38 0 0 0 -32 0 0 -44 0 0 0 0 0 15 0 
0 0 0 0 0 0 0 9 19 -43 0 44 0 0 0 -31 0 0 0 47 0 -48 -5 38 0 0 34 0 36 38 0 0 0 0 0 0 0 0 16 0 0 0 0 0 0 0 0 -7 0 0 -49 0 -13 25 0 -48 0 34 0 -21 0 0 0 0 0 0 0 0 0 0 0 0 0 0 -13 14 0 23 7 0 -17 -12 0 0 0 -14 0 -13 0 0 0 0 0 0 0 0 0 0 0 0 
0 0 0 -30 17 0 0 0 0 35 0 0 0 0 0 -16 0 0 0 0 0 18 -34 0 0 0 0 0 0 0 -39 0 0 0 4 0 0 0 0 0 -32 0 0 0 0 0 0 0 0 0 8 0 0 0 0 0 0 0 0 0 -39 0 0 0 0 0 0 4 0 0 11 0 23 0 0 0 0 0 0 0 0 39 0 0 0 0 0 0 0 0 44 0 0 0 0 0 0 -34 0 -11 
0 0 24 0 0 -23 0 0 46 0 0 0 0 -38 -24 0 0 0 0 0 0 0 0 0 0 0 -45 0 0 0 0 0 0 0 0 48 28 0 0 0 0 16 0 -32 0 0 0 0 0 0 34 -21 0 -35 25 0 0 20 36 -37 0 0 -4 0 0 0 0 0 0 8 -43 -18 0 -20 0 0 0 0 0 0 0 0 0 0 0 0 0 0 32 0 33 28 0 0 0 -6 0 0 -12 0 
0 0 0 0 0 0 0 33 0 0 28 17 0 -5 0 0 0 0 0 0 0 0 0 34 0 -45 0 0 0 -42 0 0 0 2 0 0 0 0 0 0 0 30 -36 0 -39 3 0 0 -22 0 0 47 0 0 0 0 0 0 0 47 0 0 0 0 0 0 0 0 32 0 0 0 0 0 0 0 0 0 0 0 0 0 28 0 0 0 0 0 0 47 0 35 1 0 12 45 0 -38 0 -29 
13 18 0 -45 0 0 0 0 0 0 40 -38 0 15 0 0 0 0 0 4 0 0 0 0 0 0 0 0 0 0 0 22 0 0 0 0 0 0 37 0 0 11 0 0 0 0 0 -10 41 30 4 1 0 10 0 0 0 0 0 0 0 0 39 0 0 -25 32 0 0 0 0 0 0 30 41 -7 0 0 21 0 0 -7 0 0 0 0 28 0 0 0 0 0 0 0 0 0 -47 0 0 0 
0 0 0 33 43 0 0 0 0 0 0 -42 5 -19 0 0 36 0 0 0 0 0 -10 36 0 0 0 0 0 0 0 0 -25 0 0 0 0 0 0 0 0 0 0 0 -4 0 0 0 0 0 0 0 0 -5 -20 0 0 0 0 18 0 0 -11 0 0 0 0 -9 0 0 24 0 -21 42 0 0 0 0 0 0 1 -15 0 0 44 0 0 0 0 0 0 3 0 0 0 0 0 0 0 -45 
-49 0 0 0 45 41 -37 -42 0 0 0 0 0 0 19 0 35 0 0 0 0 -45 0 38 0 0 -42 0 0 -37 0 0 0 31 0 0 0 -42 0 0 0 0 0 0 29 0 0 -29 23 -20 0 0 0 0 0 0 0 0 0 0 0 0 -12 -8 0 0 0 0 0 -7 0 0 0 0 28 0 0 0 -39 0 0 0 0 22 -30 0 0 0 16 0 0 0 0 0 0 -2 0 0 0 0 
0 0 0 -39 0 0 0 0 0 0 0 0 0 0 0 -33 27 0 10 0 0 0 0 0 -39 0 0 0 0 0 0 0 0 0 0 0 1 0 0 0 0 0 0 -2 -4 0 0 0 43 0 0 0 -43 0 0 -17 0 44 0 26 0 0 0 0 0 0 0 -33 0 -43 26 0 0 0 0 0 0 0 0 0 -21 0 0 0 48 0 0 -26 0 0 0 0 0 0 -7 0 0 0 0 8 
39 0 0 0 15 0 0 0 0 0 -30 0 11 0 -33 0 0 0 0 0 -6 -41 5 0 0 0 0 22 0 0 0 0 46 18 0 0 0 0 0 0 0 0 -47 0 0 -37 0 0 21 -29 0 -43 0 0 0 0 0 0 0 0 0 0 0 0 0 0 13 -25 0 0 0 0 0 0 0 0 16 0 0 0 -14 -30 0 44 0 0 0 0 0 33 0 0 0 0 0 0 0 0 0 0 
36 0 0 0 0 0 0 0 0 0 0 -10 0 0 0 -19 0 23 -5 0 0 0 0 0 0 0 0 0 -25 0 0 46 0 -37 0 0 0 0 0 0 0 1 0 0 0 0 0 0 0 -24 15 -48 0 0 0 0 41 0 0 0 0 49 0 0 0 0 -48 -10 0 9 -9 0 0 0 0 28 0 0 -40 0 0 -20 0 0 31 0 0 0 39 -48 44 0 0 0 33 0 0 0 0 43 
0 -22 0 0 44 0 0 -43 0 15 0 -39 0 0 0 0 -34 0 0 0 0 -5 -44 0 0 0 2 0 0 31 0 18 -37 0 0 -31 0 0 28 0 -22 0 0 0 0 0 0 0 0 0 0 0 -42 0 0 0 0 0 0 0 0 0 0 0 0 0 10 24 0 0 0 -47 0 0 0 0 -15 0 0 -43 0 -5 0 0 0 0 -5 -32 0 -2 0 0 -5 20 0 0 0 0 0 0 
0 0 0 0 0 0 0 0 0 0 0 0 0 0 0 -20 0 0 -14 0 0 -12 0 0 4 0 0 0 0 0 0 0 0 0 0 0 0 0 8 -15 0 -40 0 4 0 0 0 -45 0 0 0 0 -46 0 0 2 0 0 0 0 0 0 0 37 -41 0 0 0 0 0 0 0 8 4 0 0 0 0 33 0 0 0 0 0 0 0 0 0 -39 0 0 0 0 -6 0 0 29 -20 0 0 
0 0 0 0 0 0 36 0 0 0 -30 0 0 0 0 0 49 0 0 0 0 0 0 0 0 48 0 0 0 0 0 0 0 -31 0 0 0 13 0 0 0 -16 0 -22 0 0 0 0 0 0 -7 0 0 0 34 0 0 0 0 0 0 0 0 0 0 -29 -3 0 0 -32 0 -17 0 0 0 4 0 0 0 0 0 0 0 23 2 0 0 23 0 0 0 0 0 0 0 0 45 33 0 8 
0 -13 0 0 40 -9 0 0 0 -40 0 0 0 0 -17 0 0 0 0 23 0 14 0 0 0 28 0 0 0 0 1 0 0 0 0 0 0 0 0 -27 0 -5 0 0 0 0 0 0 -8 0 0 8 0 -27 -35 0 0 -12 -19 0 0 0 -37 0 0 0 0 0 0 0 21 0 39 0 0 0 0 0 0 0 0 0 0 0 0 0 0 0 -24 0 29 0 -37 0 0 0 0 0 0 -21 
-44 0 -41 16 35 0 0 18 -49 0 0 -1 47 0 0 0 0 -18 0 0 0 0 0 0 0 0 0 0 0 -42 0 0 0 0 0 13 0 0 0 18 0 0 0 0 0 0 -48 0 0 0 0 0 0 0 49 0 0 0 9 0 0 -39 0 17 0 0 19 0 0 0 0 0 0 44 0 0 33 0 0 17 0 -44 0 0 0 18 -25 0 0 16 0 0 -14 0 0 0 0 9 0 0 
0 0 43 0 -18 0 0 -8 0 0 0 -8 0 0 0 0 0 -3 30 0 0 -37 0 16 0 0 0 37 0 0 0 0 0 28 8 0 0 0 0 -39 0 0 0 -26 9 0 0 0 0 -32 0 0 5 0 -21 0 44 0 0 0 0 0 0 5 0 0 -46 0 0 0 -45 -2 0 0 0 0 0 0 0 0 0 0 0 0 0 0 0 0 0 0 0 -42 0 0 0 0 20 0 0 0 
0 0 0 0 37 0 0 -48 0 0 -48 -32 49 0 -11 0 0 0 0 0 -40 0 0 0 0 0 0 0 0 0 0 0 0 0 -15 0 -27 18 -39 39 24 0 0 0 0 1 0 -23 0 0 0 6 0 0 -15 0 32 0 0 0 -39 -8 -11 0 0 0 0 0 0 0 0 0 0 0 0 0 0 2 -18 0 0 0 0 0 0 28 0 3 0 0 0 15 0 0 0 0 -35 0 0 0 
0 0 0 0 0 0 -30 -9 4 0 49 0 0 0 -28 0 0 0 0 0 0 0 0 0 -32 0 0 0 0 0 0 0 0 -22 0 0 0 0 0 24 0 0 0 25 0 10 0 0 0 0 0 0 0 -39 0 0 47 -35 0 0 -1 0 0 0 0 10 0 0 0 31 0 0 0 0 0 0 0 0 0 0 13 0 0 0 1 0 0 0 -10 0 44 0 0 0 0 0 24 -8 0 0 
0 39 0 0 0 0 44 0 -3 19 0 17 0 0 0 0 0 0 0 0 0 0 -34 0 0 16 30 11 0 0 0 0 1 0 -40 -16 -5 0 0 0 0 0 0 0 0 -41 37 10 0 0 0 0 0 0 0 0 41 43 0 0 0 0 38 0 0 0 0 0 0 0 0 -20 0 0 0 0 8 0 0 0 0 0 36 0 0 0 0 0 0 0 0 -18 0 10 0 0 40 0 0 -22 
-44 0 0 42 0 14 0 0 -39 0 0 0 0 0 0 -14 0 0 6 0 0 0 0 0 0 0 -36 0 0 0 0 -47 0 0 0 0 0 0 0 0 0 0 0 44 0 9 -23 0 0 0 0 0 0 -6 0 0 0 0 0 0 -46 0 29 0 0 0 0 0 6 0 0 -8 0 0 0 0 8 0 0 0 -45 11 0 0 0 0 0 36 40 0 -30 0 0 0 0 0 -8 -5 -1 0 
0 -28 0 -24 0 -44 0 0 0 0 2 0 0 0 -2 0 0 0 0 24 0 0 0 0 0 -32 0 0 0 0 -2 0 0 0 4 -22 0 0 -26 0 25 0 44 0 0 0 0 0 0 0 -5 0 32 0 0 0 0 0 0 0 0 0 0 0 0 0 -5 -3 0 33 0 0 0 0 0 0 43 0 0 0 0 0 8 0 0 0 0 0 0 -44 0 0 0 0 0 0 0 -6 0 0 
0 0 0 0 0 0 0 -34 -13 -49 0 -2 0 0 0 0 0 0 0 -1 0 0 0 0 0 0 -39 0 -4 29 -4 0 0 0 0 0 0 0 9 0 0 0 0 0 0 -13 0 -17 0 0 0 0 44 0 0 19 0 0 20 0 0 0 -39 0 31 0 0 -24 0 9 0 0 0 0 0 -3 0 -15 0 0 0 0 0 0 0 0 0 0 0 -9 0 0 0 0 0 0 0 0 0 0 
0 0 0 4 0 24 0 0 0 0 0 0 -24 15 -13 0 0 0 -42 48 0 0 0 0 0 0 3 0 0 0 0 -37 0 0 0 0 0 0 0 1 10 -41 9 0 -13 0 0 0 0 0 0 0 -8 -49 0 0 0 0 0 -1 0 0 46 -34 0 0 0 0 49 0 -24 23 21 13 -14 0 0 0 0 0 0 0 0 0 0 0 0 0 0 0 0 0 0 23 0 2 15 0 0 0 
25 21 0 3 -31 0 0 0 0 0 28 29 0 6 0 0 0 -12 0 0 0 -12 0 0 0 0 0 0 0 0 0 0 0 0 0 0 0 -48 0 0 0 37 -23 0 0 0 31 0 0 0 43 0 0 0 0 0 -31 -3 0 0 0 0 0 0 0 32 0 0 0 0 0 0 0 -45 0 0 0 0 0 0 -23 -2 0 -24 17 0 0 0 0 -8 -6 0 -30 0 0 40 0 0 -31 0 
0 0 0 -17 0 0 16 22 0 0 0 -39 28 -11 0 0 0 0 0 15 0 0 0 -7 0 0 0 -10 0 -29 0 0 0 0 -45 0 0 0 0 -23 0 10 0 0 -17 0 0 36 5 0 0 0 0 -44 0 0 47 0 38 19 0 6 30 -4 0 0 43 0 0 25 0 0 0 0 0 0 0 0 0 0 0 0 0 32 0 0 13 0 0 -32 0 0 0 0 0 0 10 0 0 12 
0 0 0 0 0 -42 0 33 -33 -39 0 30 0 -28 5 0 0 12 13 0 0 0 0 0 0 0 -22 41 0 23 43 21 0 0 0 0 -8 0 0 0 0 0 0 0 0 0 0 5 0 0 0 0 0 7 0 0 -19 0 0 48 0 -4 0 0 0 0 0 0 0 0 0 0 0 -24 0 0 -7 0 0 -32 0 0 0 0 0 1 0 0 0 0 0 0 0 0 32 0 -10 17 28 0 
0 0 0 -38 24 0 2 -43 48 0 0 0 0 0 0 -23 0 0 40 0 40 -43 0 0 0 0 0 30 0 -20 0 -29 -24 0 0 0 0 0 -32 0 0 0 0 0 0 0 0 0 0 0 13 -31 0 0 0 0 0 0 0 0 38 32 -42 0 0 0 0 -42 0 6 40 0 0 0 40 0 -9 33 0 0 0 0 8 0 0 41 0 0 0 0 41 0 0 0 0 48 0 0 0 20 
0 0 0 0 18 0 0 0 0 0 0 0 0 3 0 46 0 -31 0 18 0 0 0 -49 8 34 0 4 0 0 0 0 15 0 0 -7 0 0 0 0 0 0 0 -5 0 0 43 0 0 13 0 0 0 0 -16 0 46 0 7 0 30 0 0 0 0 0 -25 0 0 0 3 0 0 -17 -44 0 0 0 38 0 0 0 -21 0 0 0 0 41 0 0 0 0 0 0 0 25 38 0 45 0 
0 0 0 0 0 0 0 0 0 0 0 0 0 0 0 0 0 0 0 0 0 0 0 0 0 -21 47 1 0 0 0 -43 -48 0 0 0 8 0 0 6 0 0 0 0 0 0 0 0 0 -31 0 0 0 21 0 0 -9 0 -13 0 0 -44 0 0 0 0 0 -3 0 0 0 0 0 0 -49 0 -39 5 0 0 0 0 0 -49 2 0 0 -21 0 0 -38 0 0 0 0 0 27 34 0 35 
0 0 0 41 0 0 -41 0 30 0 6 -42 26 1 0 -22 -12 0 0 0 0 0 1 -13 0 0 0 0 0 0 -43 0 0 -42 -46 0 0 0 5 0 0 0 0 32 44 -8 0 0 0 0 0 0 0 0 0 0 0 0 0 0 0 12 0 0 0 0 0 0 0 9 0 -14 0 0 0 0 0 -2 0 -9 0 0 0 0 0 46 -2 0 0 0 0 0 0 0 -5 0 0 0 0 34 
0 -2 -17 20 0 -18 0 0 0 -8 35 3 0 0 2 0 0 0 0 0 0 -14 0 25 0 -35 0 10 -5 0 0 0 0 0 0 0 -27 0 0 0 -39 0 -6 0 0 -49 0 -44 7 0 0 21 0 -43 0 0 15 12 0 0 0 -43 0 0 0 0 0 -28 0 -49 -30 -21 0 0 0 0 39 0 0 36 41 0 0 -43 0 0 0 36 0 0 0 34 0 0 0 0 0 35 23 14 
0 0 0 0 -32 0 0 0 0 0 0 0 -46 0 0 0 0 0 0 0 0 0 0 0 0 25 0 0 -20 0 0 0 0 0 0 34 -35 49 -21 -15 0 0 0 0 0 0 0 0 0 0 -16 0 0 0 0 0 0 0 43 0 0 0 0 0 19 47 23 0 -46 0 0 0 0 0 0 0 0 25 0 19 0 0 0 -49 0 0 0 0 0 0 10 -39 0 0 0 22 0 0 6 0 
20 0 0 0 23 0 0 0 0 0 0 0 8 0 0 0 0 0 0 0 -11 0 0 -48 0 0 0 0 0 0 -17 0 0 0 2 0 0 0 0 0 0 0 0 0 19 0 0 0 0 0 0 0 0 0 0 0 0 28 0 37 0 0 0 0 0 -48 0 0 0 34 0 0 0 0 0 0 0 -6 0 35 0 0 -48 0 0 0 0 -45 0 0 -3 0 0 0 0 0 0 0 0 0 
0 0 0 34 -19 0 25 0 0 0 0 -22 -17 0 24 -40 0 0 0 0 0 0 43 0 0 0 0 0 0 0 0 0 41 0 0 0 0 0 44 32 47 41 0 0 0 0 -31 47 -19 0 46 -9 0 15 0 0 0 0 0 0 0 -34 0 45 0 -12 0 0 0 0 0 0 0 0 0 -41 0 0 0 0 0 0 0 0 0 0 0 42 -26 0 -28 0 0 0 -14 0 0 0 0 0 
0 0 0 0 0 0 0 0 0 0 0 0 0 0 -33 0 0 0 0 17 0 0 0 34 0 20 0 0 0 0 44 0 0 0 0 0 -12 0 0 0 -35 43 0 0 0 0 -3 0 0 0 0 0 0 12 0 28 0 0 0 0 38 9 0 0 0 0 39 0 0 0 0 -13 29 0 0 0 0 0 0 0 0 0 0 -36 0 0 31 20 0 -38 0 -19 0 0 -33 0 -11 0 0 0 
0 0 0 -1 -14 0 42 0 0 0 0 0 0 0 0 0 0 0 0 0 0 21 31 0 0 36 0 0 0 0 0 0 0 0 0 0 -19 9 0 0 0 0 0 0 20 0 0 38 0 0 7 -13 0 0 43 0 0 0 22 0 0 0 0 0 0 0 0 0 0 30 0 0 0 0 0 0 0 0 43 0 0 0 0 -47 0 -49 0 0 0 0 0 0 -47 0 0 0 0 0 -47 40 
0 0 0 0 0 25 0 0 0 0 0 0 0 0 0 0 -1 0 0 0 0 -9 0 -21 0 -37 47 0 18 0 26 0 0 0 0 0 0 0 0 0 0 0 0 0 0 -1 0 19 48 0 0 0 0 0 0 37 0 0 0 0 0 0 0 0 0 0 0 0 0 0 0 19 0 0 0 0 35 0 -24 5 0 0 0 24 3 0 0 0 0 0 -30 0 -11 -48 0 0 0 0 0 0 
0 0 0 0 0 0 0 0 0 48 18 13 -42 0 0 0 0 0 0 0 -13 0 -48 0 -39 0 0 0 0 0 0 0 0 0 0 0 0 0 0 -39 -1 0 -46 0 0 0 0 0 0 38 30 0 0 0 0 0 0 38 0 0 0 41 0 0 0 0 -44 0 0 0 -46 -45 0 0 9 0 0 0 0 0 0 26 -22 0 0 0 0 0 -47 0 0 20 -33 -42 16 0 0 0 0 0 
0 0 0 14 0 0 44 18 0 0 0 43 0 0 -8 29 0 0 0 0 0 -36 0 0 0 0 0 0 0 0 0 0 49 0 0 0 0 -39 0 -8 0 0 0 0 0 0 0 6 -4 32 0 -44 12 -43 0 0 -34 9 0 0 41 38 0 0 0 0 0 38 0 0 -20 0 0 0 0 0 0 0 0 -14 13 0 0 0 0 2 0 0 0 0 0 23 0 0 0 0 0 0 0 0 
0 0 0 0 0 31 0 0 0 7 0 0 0 0 0 0 0 0 30 32 0 0 0 0 0 -4 0 39 -11 -12 0 0 0 0 0 0 -37 0 0 -11 0 38 29 0 -39 46 0 30 0 -42 0 0 0 0 0 0 0 0 0 0 0 0 -4 0 0 0 0 0 0 0 -40 -10 0 0 0 0 0 0 0 0 0 0 32 0 0 0 0 0 -46 0 25 0 0 0 0 -11 -35 -36 0 0 
0 0 0 0 0 0 0 0 -4 0 0 -47 0 0 -6 0 0 0 36 36 0 47 17 0 0 0 0 0 0 -8 0 0 0 0 37 0 0 17 5 0 0 0 0 0 0 -34 0 -4 0 0 0 0 0 0 0 0 45 0 0 0 0 0 0 0 0 0 0 0 0 -8 0 0 0 0 -36 0 0 0 0 0 -12 0 0 0 0 -33 0 0 -37 -12 0 -38 0 11 0 0 0 0 11 0 
0 0 39 0 14 0 0 0 5 0 48 -33 0 0 0 -23 0 0 0 0 0 0 0 0 0 0 0 0 0 0 0 0 0 0 -41 0 0 0 0 0 0 0 0 0 31 0 0 0 0 0 0 0 0 0 19 0 0 0 0 0 0 0 0 0 0 0 0 -18 0 0 45 0 14 0 0 0 0 0 0 0 -30 0 0 0 0 0 0 -19 -39 -1 2 18 0 0 0 0 -15 0 0 0 
0 -21 0 0 4 0 -39 -46 1 15 0 13 0 0 0 0 0 0 0 0 0 19 0 0 0 0 0 -25 0 0 0 0 0 0 0 -29 0 0 0 0 10 0 0 0 0 0 32 0 0 0 0 0 0 0 47 -48 -12 0 0 0 0 0 0 0 0 0 23 -3 0 -18 0 0 0 31 0 29 -39 0 0 23 0 0 -38 0 -44 0 0 0 0 0 0 0 0 0 27 0 0 0 0 -2 
0 0 0 0 0 -48 0 8 0 0 0 0 0 0 -34 0 0 -20 0 0 0 0 0 0 0 0 0 32 0 0 0 13 -48 10 0 -3 0 19 -46 0 0 0 0 -5 0 0 0 43 0 0 -25 0 0 0 23 0 0 39 0 0 -44 0 0 0 0 23 -25 0 0 0 32 -27 28 0 0 0 0 0 0 0 0 0 0 0 0 0 0 0 0 0 0 0 0 -38 0 0 -35 13 8 0 
0 0 3 0 0 0 0 14 0 0 0 0 0 0 -14 0 0 -32 0 0 0 0 0 0 4 0 0 0 -9 0 -33 -25 -10 24 0 0 0 0 0 0 0 0 0 -3 -24 0 0 0 0 -42 0 -3 0 -28 0 0 0 0 0 0 0 38 0 0 -18 -3 0 -3 0 0 0 0 0 0 0 0 0 0 0 0 0 0 0 0 19 0 0 0 0 0 0 -32 0 0 3 0 0 0 0 24 
0 0 0 0 0 0 0 0 0 27 40 0 0 0 0 0 0 0 11 0 0 0 46 0 0 0 32 0 0 0 0 0 0 0 0 0 0 0 0 0 0 0 6 0 0 49 0 0 0 0 0 0 0 0 -46 0 0 0 0 0 0 0 0 0 0 0 0 0 0 0 0 0 -22 0 0 0 0 0 0 0 0 0 0 -24 0 11 0 0 0 0 -34 0 -4 0 0 0 0 0 0 0 
0 0 -14 0 -47 20 0 0 0 0 0 0 0 0 18 0 0 0 27 0 44 0 18 0 0 8 0 0 0 -7 -43 0 9 0 0 -32 0 0 0 0 31 0 0 33 9 0 0 25 0 6 0 0 9 -49 0 34 0 0 30 0 0 0 0 -8 0 -18 0 0 0 0 15 0 12 0 0 0 0 0 0 0 -47 0 33 0 0 0 0 0 0 0 -8 0 0 0 0 0 11 0 0 0 
0 0 14 0 -36 0 11 0 0 0 0 0 0 -9 0 0 23 0 17 0 0 0 0 0 11 -43 0 0 24 0 26 0 -9 0 0 0 21 0 -45 0 0 0 0 0 0 -24 0 0 0 40 3 0 0 -30 0 0 0 0 0 0 -46 -20 -40 0 45 0 32 0 0 15 0 -8 34 -19 0 0 0 0 4 0 0 22 0 0 0 0 40 0 0 0 0 0 7 0 0 0 0 0 0 0 
-41 0 0 0 0 0 0 18 0 19 16 0 0 0 0 0 0 0 0 0 0 0 0 0 0 -18 0 0 0 0 0 0 0 -47 0 -17 0 0 -2 0 0 -20 -8 0 0 23 0 0 0 0 0 0 -14 -21 0 0 0 -13 0 19 -45 0 -10 0 0 0 -27 0 0 0 -8 11 0 0 0 0 -32 0 -44 0 0 39 0 8 0 -19 0 0 35 -13 0 0 0 0 0 0 -2 0 0 0 
0 0 33 0 0 0 32 5 -24 0 0 0 -44 14 29 28 0 0 30 0 0 0 0 0 23 0 0 0 -21 0 0 0 0 0 8 0 39 0 0 0 0 0 0 0 0 21 0 0 0 0 0 0 0 0 0 0 0 29 0 0 0 0 0 0 14 0 28 0 -22 12 34 0 44 0 0 0 -44 0 39 25 -40 0 4 0 -10 0 0 0 0 0 -36 0 45 0 0 0 0 32 0 0 
36 0 4 10 0 0 0 0 0 0 0 0 0 0 0 0 0 0 0 0 0 0 0 0 0 -20 0 30 42 0 0 0 0 0 4 0 0 44 0 0 0 0 0 0 0 13 -45 0 -24 0 -17 0 0 0 0 0 0 0 0 0 0 0 0 0 0 31 0 0 0 0 -19 0 0 0 0 0 -8 0 0 0 28 0 0 0 0 0 0 0 0 0 0 0 0 0 0 0 -34 34 0 -24 
0 0 0 0 19 0 18 0 0 28 0 0 0 0 0 0 0 0 0 0 0 0 0 -13 0 0 0 41 0 28 0 0 0 0 0 0 0 0 0 0 0 0 0 0 0 -14 0 0 0 40 -44 -49 0 0 0 0 0 0 0 0 9 0 0 -36 0 0 0 0 0 0 0 0 0 0 0 0 0 0 0 0 0 0 0 0 -19 0 21 0 0 7 0 0 0 0 0 0 0 11 0 0 
0 0 0 0 -35 0 0 0 0 0 0 -40 0 0 0 27 0 0 0 41 -22 0 40 14 0 0 0 -7 0 0 0 0 28 0 0 4 0 0 0 0 0 0 0 0 -3 0 0 0 0 0 0 0 0 0 0 0 -41 0 0 0 0 0 0 0 0 29 0 0 0 0 0 0 0 0 0 0 0 0 0 0 0 0 0 -36 0 0 0 0 -7 0 12 0 0 0 21 0 0 0 0 0 
0 0 0 -21 0 -12 0 0 0 4 21 0 44 0 0 0 40 0 22 0 0 -37 0 0 0 0 0 0 0 0 0 16 0 -15 0 0 0 33 0 0 0 8 8 43 0 0 0 0 -7 -9 0 -39 0 39 0 0 0 0 0 35 0 0 0 0 0 -39 0 0 0 0 0 -32 -44 -8 0 0 -21 0 0 -30 0 0 0 -21 -11 -2 34 0 0 24 0 0 0 0 33 0 0 0 12 0 
42 0 -22 -7 0 8 0 0 33 2 0 0 41 0 0 0 0 0 0 6 0 -9 15 23 0 0 0 0 0 0 0 0 0 0 0 0 0 0 0 2 0 0 0 0 -15 0 0 0 0 33 0 5 -2 0 25 -6 0 0 0 0 0 0 0 0 0 0 0 0 0 0 0 0 0 0 0 0 0 0 -28 0 7 0 -41 15 8 0 27 0 0 0 0 0 0 0 18 49 0 -8 0 0 
0 0 0 -30 0 0 0 -44 0 0 0 0 0 0 0 0 0 0 27 0 34 -20 -2 7 0 0 0 21 0 -39 0 0 -40 0 33 0 0 0 0 -18 0 0 0 0 0 0 0 0 0 0 38 0 0 0 0 0 0 0 43 -24 0 0 0 0 0 0 0 0 0 0 4 -44 39 0 0 0 0 -28 0 0 0 0 0 0 0 28 -35 0 0 0 0 0 13 0 0 0 0 0 2 -26 
0 -17 0 0 0 0 7 0 0 0 0 0 -17 -47 0 44 23 0 0 0 -29 27 0 0 0 0 0 0 0 0 0 0 0 -43 0 0 0 17 0 0 0 0 0 0 0 0 0 0 -32 0 0 0 -9 36 19 35 0 0 0 5 0 -14 0 0 0 23 0 0 0 0 0 0 25 0 0 0 -30 0 0 0 0 0 0 0 0 0 0 0 0 0 -36 0 0 0 0 0 0 22 0 0 
0 0 0 0 23 0 0 0 0 0 0 0 0 0 44 0 0 0 0 46 0 0 0 -17 0 0 0 0 1 0 -21 -14 0 0 0 0 0 0 0 0 13 0 -45 0 0 0 -23 0 0 0 0 0 0 41 0 0 0 0 0 0 0 13 0 -12 -30 0 0 0 0 -47 0 0 -40 28 0 0 0 7 0 0 0 46 -33 0 0 0 8 4 0 -1 0 0 -21 0 0 0 37 0 0 -7 
0 0 0 0 -40 0 0 -33 0 0 19 0 0 0 0 0 0 0 4 0 -7 -27 0 -12 39 0 0 -7 -15 0 0 -30 -20 -5 0 0 0 -44 0 0 0 0 11 0 0 0 -2 0 0 0 0 0 0 0 0 0 0 0 0 0 26 0 0 0 0 0 0 0 0 0 22 39 0 0 0 0 0 0 0 0 46 18 0 -16 0 0 0 0 0 0 0 0 0 0 -47 0 0 0 0 0 
0 0 0 0 0 0 35 30 0 0 0 -44 0 0 0 -2 0 0 0 0 0 0 0 0 0 0 28 0 0 0 0 0 0 0 0 0 0 0 0 0 0 36 0 8 0 0 0 0 0 8 -21 0 0 0 0 -48 0 0 0 0 -22 0 32 0 0 -38 0 0 0 33 0 0 4 0 0 0 0 -41 0 0 -33 0 0 -11 0 0 0 0 0 0 0 0 0 0 0 0 -22 0 -24 -46 
0 0 0 0 0 0 0 40 0 0 0 0 0 -2 0 0 0 0 20 0 0 0 0 0 0 0 0 0 0 22 0 44 0 0 0 23 0 0 0 0 0 0 0 0 0 0 -24 32 0 0 0 -49 0 -43 -49 0 0 -36 -47 24 0 0 0 0 0 0 0 0 -24 0 0 8 0 0 0 -36 -21 15 0 0 0 -16 -11 0 0 -7 0 0 0 0 0 -41 0 0 0 18 0 0 0 17 
0 22 0 0 20 0 0 0 0 0 0 0 0 0 0 39 0 0 0 0 0 0 0 0 0 0 0 0 44 -30 48 0 31 0 0 2 0 0 0 0 1 0 0 0 0 0 17 0 0 0 0 2 0 0 0 0 0 0 0 3 0 0 0 0 0 -44 0 19 0 0 0 0 -10 0 -19 0 -11 8 0 0 0 0 0 0 -43 42 0 29 20 0 0 0 0 0 0 0 0 0 0 -4 
7 0 43 0 0 0 0 0 0 0 47 0 0 -45 0 0 0 30 0 0 0 -7 38 -14 0 0 0 0 0 0 0 0 0 0 0 0 0 18 0 28 0 0 0 0 0 0 0 0 1 41 0 0 46 0 0 0 0 0 -49 0 0 2 0 -33 0 0 0 0 11 0 0 -19 0 0 0 0 -2 0 28 0 0 0 0 -7 42 0 0 0 0 0 0 -33 0 0 9 0 0 0 -7 0 
0 0 22 0 0 -47 33 0 0 0 0 -31 0 0 -32 0 0 0 0 0 0 45 0 0 0 0 0 28 0 0 0 0 0 -5 0 0 0 -25 0 0 0 0 0 0 0 0 0 13 0 0 0 0 -2 0 0 0 0 31 0 0 0 0 0 0 0 0 0 0 0 0 40 0 0 0 21 0 34 27 -35 0 8 0 0 0 0 0 0 0 -22 6 0 26 0 31 0 0 0 0 -7 0 
0 0 0 0 0 -23 0 0 0 -48 0 0 0 41 0 -39 0 0 0 0 -31 0 0 -13 0 0 0 0 0 0 -26 0 0 -32 0 23 0 0 0 3 0 0 36 0 0 0 0 0 0 0 41 -21 0 36 0 -45 42 20 0 0 0 0 0 0 -19 0 0 0 0 0 0 0 0 0 0 0 0 0 0 0 4 0 0 0 29 0 0 0 0 0 0 0 0 0 0 -48 0 0 0 0 
0 0 0 0 37 -45 0 0 0 0 0 0 0 0 0 0 0 25 0 0 -25 0 0 0 0 32 0 0 0 16 0 0 39 0 -39 0 -24 0 0 0 -10 0 40 0 0 0 0 0 0 0 0 0 0 0 0 0 -26 0 0 0 -47 0 -46 -37 -39 0 0 0 0 0 0 35 0 0 0 -7 0 0 0 0 0 0 0 0 20 0 -22 0 0 0 0 0 4 -25 0 0 0 0 0 0 
0 0 0 0 0 0 0 0 5 0 0 44 0 0 46 -11 -46 0 23 0 26 0 -32 0 0 0 47 0 0 0 0 33 -48 -2 0 0 0 16 0 0 0 0 0 -44 -9 0 -8 -32 0 0 0 0 0 0 0 0 0 -38 0 0 0 0 0 -12 -1 0 0 0 0 0 0 -13 0 0 7 0 24 0 0 0 -1 0 0 0 0 0 6 0 0 0 32 0 0 0 0 0 0 38 0 0 
0 27 0 0 -24 0 0 0 48 0 -15 0 0 -1 0 0 0 19 0 37 11 0 0 0 44 33 0 0 0 0 0 0 44 0 0 0 29 0 0 0 44 0 -30 0 0 0 -6 0 0 41 0 -38 0 0 10 -3 -28 0 0 -30 0 0 25 0 2 0 0 0 -34 -8 0 0 -36 0 0 12 0 0 0 -36 0 0 0 0 0 0 0 0 0 32 0 17 21 0 0 0 -36 0 -32 0 
0 0 -24 0 -45 -14 0 -16 0 0 0 0 -18 0 0 -48 0 0 0 0 0 0 0 0 0 28 35 0 3 0 0 0 0 0 0 0 0 0 -42 15 0 -18 0 0 0 0 0 0 0 0 0 0 0 34 -39 0 0 -19 0 0 20 23 0 -38 18 0 0 -32 0 0 0 0 0 0 0 0 0 0 0 0 0 0 0 -41 0 -33 26 0 0 0 17 21 0 0 0 0 0 -25 0 0 
0 13 11 0 32 0 -5 0 -42 34 0 0 0 0 0 0 0 15 0 0 0 0 -44 0 0 0 1 0 0 0 0 0 0 -5 0 0 -37 -14 0 0 0 0 0 0 0 0 -30 0 0 0 0 0 0 0 0 0 0 0 -47 -11 -33 0 0 0 0 0 0 0 -4 0 7 0 45 0 0 0 0 0 13 0 -21 0 0 0 0 0 0 0 4 0 21 0 0 0 0 -6 0 0 0 1 
0 0 0 0 0 0 0 0 0 0 0 32 0 0 0 -39 0 0 0 15 0 0 0 0 0 0 0 0 0 0 0 0 0 20 -6 0 0 0 0 0 0 10 0 0 0 23 0 0 0 0 0 0 0 0 0 0 0 0 0 -48 -42 0 0 11 0 0 -38 0 0 0 0 0 0 0 0 0 0 0 0 0 0 0 0 0 0 0 31 0 -25 0 0 0 0 0 0 0 11 -34 0 0 
0 0 0 -26 0 0 0 0 0 0 -3 -41 0 -46 0 0 0 0 0 0 0 -23 0 0 0 0 12 0 0 0 -7 0 33 0 0 0 0 0 0 0 0 0 0 0 0 0 0 0 32 0 0 0 -5 0 0 0 -14 -33 0 0 16 0 0 0 0 27 0 3 0 0 0 0 0 0 0 21 33 18 0 0 0 -47 0 0 0 9 0 0 0 0 0 0 0 0 -3 0 0 0 0 0 
0 0 0 -28 0 -30 0 -48 0 0 0 -4 0 0 0 0 0 0 0 -28 0 0 0 0 0 -6 45 0 0 -2 0 0 0 0 0 0 0 0 0 0 0 0 0 0 0 2 40 0 0 48 25 0 0 0 22 0 0 0 0 0 0 0 -11 0 0 0 0 0 0 0 0 0 0 0 0 0 0 49 0 0 0 0 0 18 0 0 0 -48 0 0 0 0 -6 0 0 0 0 29 0 0 
0 0 13 39 0 0 0 0 0 -12 4 0 0 0 0 0 0 0 0 0 0 0 0 0 0 0 0 -47 0 0 0 0 0 0 29 45 0 0 20 -35 24 40 -8 0 0 15 0 10 -10 0 38 27 0 0 0 0 0 -11 0 0 0 0 -35 0 -15 0 -35 0 0 11 0 -2 0 -34 0 0 0 0 0 0 37 0 -22 0 0 0 0 0 0 0 -36 0 0 11 0 0 -37 0 0 -36 
0 32 0 0 0 0 -26 0 0 0 0 0 10 0 0 0 0 0 0 0 -39 0 0 0 -34 0 -38 0 0 0 0 0 0 0 -20 33 0 9 0 0 -8 0 -5 -6 0 0 0 0 17 0 0 34 0 35 0 0 0 0 0 0 0 0 -36 0 0 0 13 0 0 0 0 0 32 34 11 0 0 -8 0 22 0 0 0 0 0 0 0 0 0 38 0 -25 0 -34 0 29 0 -49 0 0 
0 -16 0 0 5 0 0 38 -31 0 0 0 -2 0 0 0 35 0 46 0 -14 0 15 0 0 -12 0 0 0 0 0 0 0 0 0 0 0 0 0 0 0 0 -1 0 0 0 -31 0 28 0 45 0 0 23 6 0 0 0 -47 0 0 0 0 11 0 0 8 0 0 0 0 0 0 0 0 0 12 0 2 0 0 0 -24 0 0 -7 -7 0 0 0 -32 0 0 0 0 0 0 0 0 0 
0 3 0 -34 0 0 -19 0 0 0 0 0 33 20 0 0 0 20 0 0 0 0 0 0 -11 0 -29 0 -45 0 8 0 43 0 0 8 -21 0 0 0 0 -22 0 0 0 0 0 12 0 20 0 35 34 14 0 0 0 0 40 0 0 0 0 0 0 -2 0 24 0 0 0 0 0 -24 0 0 0 0 -26 0 -7 0 -46 17 -4 0 0 0 0 0 0 0 1 0 0 0 -36 0 0 28 
