70
0 0 -11 0 0 -27 0 0 0 -49 0 0 0 0 0 0 0 -41 0 0 -13 0 0 0 0 27 0 0 0 0 10 0 0 0 0 0 0 0 0 0 0 0 0 0 -36 0 0 0 0 0 0 0 17 0 -49 0 0 0 35 -34 0 0 0 0 0 0 0 0 0 0 
0 0 0 -5 48 0 -38 0 0 46 0 0 0 -35 0 0 0 4 38 0 0 -32 0 25 0 0 -18 0 0 0 0 -20 6 0 0 0 0 -45 0 0 0 0 0 0 0 0 0 0 -28 0 0 42 0 0 0 0 -49 -6 1 0 0 0 0 0 0 -16 0 -41 0 0 
0 0 0 0 0 0 0 0 -41 0 0 0 23 0 -41 -7 0 -41 0 0 0 1 0 0 0 3 -12 0 1 0 0 0 43 0 0 0 0 23 0 0 0 0 0 0 -25 18 0 0 0 0 0 -10 0 46 -41 0 0 0 0 21 0 0 0 0 -20 0 0 0 0 5 
0 0 0 0 0 0 0 -6 0 0 0 0 0 0 0 0 0 0 0 0 0 0 0 -48 0 0 0 0 0 0 0 0 0 0 0 -41 0 0 0 0 -3 0 38 0 0 0 0 0 0 0 0 0 -9 0 0 0 0 0 0 0 0 12 0 0 0 0 0 17 0 0 
-5 0 0 22 -8 0 -16 0 36 0 0 0 0 0 0 0 0 0 -1 18 0 0 0 0 32 32 0 0 36 0 -45 0 0 0 0 0 0 -32 0 0 0 0 0 0 0 0 0 0 0 0 0 -30 0 0 0 -33 0 0 0 0 0 0 0 0 0 0 7 0 0 -41 
48 0 0 -8 0 0 0 0 0 0 0 0 0 0 0 0 0 -27 0 0 0 25 0 0 0 -31 0 34 0 -18 0 0 0 16 -43 0 28 -8 0 0 0 0 0 0 0 0 0 1 0 0 0 -48 -14 7 0 1 0 0 0 0 0 0 0 -43 0 0 0 0 0 5 
0 0 0 0 0 36 0 41 41 0 0 0 0 0 0 0 0 0 -25 0 0 0 9 14 0 0 13 0 0 0 0 -21 35 0 -8 0 0 0 0 34 -16 0 42 8 0 0 0 0 0 -35 0 0 0 0 0 0 0 0 0 0 0 0 0 25 -42 0 0 5 0 0 
-38 0 0 -16 0 0 0 33 0 0 0 -31 0 18 0 -25 0 -7 -47 -45 0 0 0 0 0 0 0 0 0 -13 0 39 19 0 0 0 0 0 0 0 0 0 0 0 -28 0 0 0 0 -38 3 0 0 0 0 0 0 0 0 0 -45 0 0 0 0 0 0 0 4 0 
0 0 -6 0 0 41 33 20 43 0 0 0 0 0 0 12 -7 -49 0 0 0 0 0 0 0 0 0 -41 0 -44 0 0 0 0 0 0 0 0 0 0 0 -18 0 0 -2 0 39 0 0 0 0 45 0 0 0 0 41 0 0 -28 0 42 0 0 0 0 0 0 0 -46 
0 -41 0 36 0 41 0 43 0 0 0 0 0 0 0 0 -6 0 0 0 0 0 0 0 0 0 -25 -36 39 0 0 0 0 0 47 0 -43 0 0 0 0 0 0 25 -4 0 0 0 -5 0 0 0 -21 0 10 3 -37 0 0 0 0 0 0 0 5 0 0 0 0 -29 
46 0 0 0 0 0 0 0 0 0 -17 0 -27 0 0 0 0 35 0 0 0 0 0 0 0 0 1 0 45 0 0 0 0 0 0 0 -2 35 0 0 0 -27 0 -8 4 0 0 0 0 0 0 -15 0 0 -7 -49 0 0 0 -43 0 0 0 0 0 43 0 -47 0 0 
0 0 0 0 0 0 0 0 0 -17 0 0 34 -43 0 0 0 -5 0 -18 0 0 0 0 0 44 0 0 9 0 8 0 25 0 0 0 0 0 0 0 0 0 0 0 0 0 0 -43 0 0 0 0 0 0 0 0 0 0 17 0 0 0 -6 0 -49 0 0 0 0 0 
0 0 0 0 0 0 -31 0 0 0 0 0 0 34 47 0 0 0 0 0 0 0 0 0 -9 0 0 0 0 -1 -25 11 0 0 -37 0 0 0 0 0 0 0 20 -31 0 0 0 -40 0 -24 0 0 0 0 0 0 -31 0 25 0 0 0 -13 1 0 0 0 0 0 0 
0 23 0 0 0 0 0 0 0 -27 34 0 -19 0 0 0 -42 -23 -8 0 3 -16 20 -19 0 0 0 0 0 0 0 0 0 0 0 0 0 -16 0 0 0 0 0 0 0 0 -29 0 0 0 0 0 -22 0 0 0 0 0 0 33 -1 0 0 35 0 0 0 0 0 0 
-35 0 0 0 0 0 18 0 0 0 -43 34 0 0 0 0 0 0 0 19 0 -41 0 0 0 -14 0 0 0 0 3 26 25 19 0 0 0 0 0 0 17 0 0 0 0 0 0 0 0 0 -49 0 48 0 -27 0 0 0 0 0 0 12 0 -20 0 0 -24 0 0 0 
0 -41 0 0 0 0 0 0 0 0 0 47 0 0 0 0 0 0 0 0 0 0 0 0 2 0 0 -4 -15 0 0 0 24 0 0 0 9 0 0 0 0 -45 0 0 22 0 1 0 0 0 0 0 47 0 0 0 0 0 0 0 0 0 0 -39 -46 0 2 0 0 0 
0 -7 0 0 0 0 -25 12 0 0 0 0 0 0 0 0 0 0 -13 0 0 -2 0 0 0 0 -25 14 -10 0 0 0 0 0 0 0 -47 12 -40 0 0 47 0 24 40 0 33 0 35 0 0 25 -37 0 0 34 33 0 0 35 5 40 0 0 0 0 0 -17 0 0 
0 0 0 0 0 0 0 -7 -6 0 0 0 -42 0 0 0 0 -38 -24 0 0 0 0 28 -24 0 0 0 0 0 0 0 9 0 0 5 -46 0 0 0 0 0 -35 0 0 0 0 0 0 0 0 -40 0 0 0 0 0 0 -43 0 0 -46 0 0 0 -39 0 0 0 0 
4 -41 0 0 -27 0 -7 -49 0 35 -5 0 -23 0 0 0 -38 0 0 -43 0 0 10 0 0 0 0 0 0 0 47 -46 0 0 -9 0 0 0 35 0 0 0 0 0 0 0 0 0 -41 12 0 0 0 29 17 0 -7 0 0 0 -4 0 0 35 0 0 0 -36 0 0 
38 0 0 -1 0 -25 -47 0 0 0 0 0 -8 0 0 -13 -24 0 34 -49 0 0 0 0 9 -7 0 0 0 -41 0 -14 0 0 -46 -30 0 -7 0 0 0 4 -11 0 -7 0 0 20 0 -23 -26 0 0 0 0 0 0 0 0 0 0 0 0 0 0 0 0 0 0 0 
0 0 0 18 0 0 -45 0 0 0 -18 0 0 19 0 0 0 -43 -49 0 0 0 0 0 12 9 0 0 0 0 0 14 0 0 0 0 0 0 -35 0 0 0 46 0 -25 9 0 -22 0 0 0 0 0 0 0 0 1 0 0 0 -46 0 27 0 0 -44 0 0 0 0 
0 0 0 0 0 0 0 0 0 0 0 0 3 0 0 0 0 0 0 0 0 0 -44 15 0 -14 0 0 0 0 0 -39 0 0 0 0 0 0 -14 0 0 0 0 0 28 0 35 0 0 0 -41 0 0 0 0 0 0 0 0 0 0 0 0 0 -34 0 0 -48 0 0 
-32 1 0 0 25 0 0 0 0 0 0 0 -16 -41 0 -2 0 0 0 0 0 -5 0 0 0 26 0 32 8 0 0 0 0 0 0 0 0 0 0 0 0 0 0 0 0 -47 0 0 0 0 0 0 0 0 0 0 0 0 0 27 0 0 0 0 43 0 0 0 0 -39 
0 0 0 0 0 9 0 0 0 0 0 0 20 0 0 0 0 10 0 0 -44 0 46 0 37 0 0 0 0 0 0 0 0 0 0 0 0 0 0 0 0 0 -46 0 0 0 0 0 0 0 0 0 0 0 0 8 0 -34 0 -12 0 0 0 38 0 0 0 0 0 0 
25 0 -48 0 0 14 0 0 0 0 0 0 -19 0 0 0 28 0 0 0 15 0 0 34 0 47 0 0 0 0 -45 0 0 0 0 0 0 0 0 0 -13 0 -23 0 0 0 0 0 36 -32 0 0 0 0 15 0 -1 0 0 0 0 0 -11 0 0 0 0 0 0 0 
0 0 0 32 0 0 0 0 0 0 0 -9 0 0 2 0 -24 0 9 12 0 0 37 0 0 0 0 0 10 0 0 16 0 0 9 0 0 0 0 0 0 29 0 0 0 0 -49 0 0 0 0 0 0 -10 0 0 2 0 0 46 0 0 0 -41 0 0 0 0 0 -5 
0 3 0 32 -31 0 0 0 0 0 44 0 0 -14 0 0 0 0 -7 9 -14 26 0 47 0 0 0 23 0 37 0 0 0 0 0 0 0 0 0 0 0 0 7 0 0 0 -27 -45 28 0 0 0 0 -43 0 -20 0 11 0 0 0 0 11 0 0 0 0 0 0 0 
-18 -12 0 0 0 13 0 0 -25 1 0 0 0 0 0 -25 0 0 0 0 0 0 0 0 0 0 0 0 0 12 0 0 0 26 -16 0 -40 -17 0 0 0 0 -9 0 -30 0 0 0 9 47 0 0 45 0 0 0 0 0 0 0 0 22 0 0 0 0 0 0 0 0 
0 0 0 0 34 0 0 -41 -36 0 0 0 0 0 -4 14 0 0 0 0 0 32 0 0 0 23 0 0 0 0 49 0 0 -14 0 0 0 0 -21 -28 -37 0 21 0 0 0 0 0 -41 -39 0 0 0 -4 0 0 0 0 0 -8 0 0 -18 -32 0 0 0 0 0 11 
0 1 0 36 0 0 0 0 39 45 9 0 0 0 -15 -10 0 0 0 0 0 8 0 0 10 0 0 0 0 14 0 0 0 0 -23 0 44 0 0 0 21 0 -23 0 -21 -30 0 0 24 0 0 0 0 43 0 0 0 -24 0 0 0 0 0 -15 3 0 8 33 -6 -16 
0 0 0 0 -18 0 -13 -44 0 0 0 -1 0 0 0 0 0 0 -41 0 0 0 0 0 0 37 12 0 14 0 0 0 0 0 0 0 0 0 0 -35 0 0 -2 0 0 44 0 0 0 0 0 0 0 0 -19 0 -41 0 0 0 0 0 0 0 0 0 0 0 -34 -4 
0 0 0 -45 0 0 0 0 0 0 8 -25 0 3 0 0 0 47 0 0 0 0 0 -45 0 0 0 49 0 0 0 0 -21 0 0 0 0 0 0 0 0 0 0 0 0 0 0 -30 0 0 0 0 0 0 0 0 -2 0 0 -12 0 0 0 0 0 0 0 0 0 0 
-20 0 0 0 0 -21 39 0 0 0 0 11 0 26 0 0 0 -46 -14 14 -39 0 0 0 16 0 0 0 0 0 0 0 0 0 0 0 -27 25 0 0 0 0 0 0 0 30 0 30 -21 0 0 0 0 0 0 0 0 0 0 0 0 0 37 0 7 0 0 0 0 0 
6 43 0 0 0 35 19 0 0 0 25 0 0 25 24 0 9 0 0 0 0 0 0 0 0 0 0 0 0 0 -21 0 0 0 0 0 0 0 0 -15 2 0 -27 0 0 0 0 0 -12 0 0 0 0 -5 0 -43 0 0 0 -25 0 -38 36 0 0 0 0 -41 0 -6 
0 0 0 0 16 0 0 0 0 0 0 0 0 19 0 0 0 0 0 0 0 0 0 0 0 0 26 -14 0 0 0 0 0 11 0 40 29 -6 0 0 0 0 -17 0 0 0 0 0 0 0 0 0 0 37 0 0 0 0 0 0 8 48 -31 0 46 0 0 0 0 0 
0 0 0 0 -43 -8 0 0 47 0 0 -37 0 0 0 0 0 -9 -46 0 0 0 0 0 9 0 -16 0 -23 0 0 0 0 0 0 -9 0 0 26 0 0 0 0 0 0 0 0 0 0 0 0 28 0 0 27 0 -44 0 0 0 0 0 -5 0 0 0 0 0 0 0 
0 0 -41 0 0 0 0 0 0 0 0 0 0 0 0 0 5 0 -30 0 0 0 0 0 0 0 0 0 0 0 0 0 0 40 -9 -37 0 0 0 0 0 0 0 0 0 0 0 0 21 0 48 -36 0 0 37 0 0 0 0 -40 0 0 -27 0 0 0 0 0 0 0 
0 0 0 0 28 0 0 0 -43 -2 0 0 0 0 9 -47 -46 0 0 0 0 0 0 0 0 0 -40 0 44 0 0 -27 0 29 0 0 0 0 0 -26 0 20 48 0 0 28 0 8 0 0 0 0 15 0 0 0 0 0 0 0 0 -41 0 0 -39 0 0 0 28 0 
-45 23 0 -32 -8 0 0 0 0 35 0 0 -16 0 0 12 0 0 -7 0 0 0 0 0 0 0 -17 0 0 0 0 25 0 -6 0 0 0 0 0 0 0 0 0 0 0 -36 11 0 0 0 14 0 0 0 0 0 36 -17 0 0 0 0 0 0 0 0 0 0 0 0 
0 0 0 0 0 0 0 0 0 0 0 0 0 0 0 -40 0 35 0 -35 -14 0 0 0 0 0 0 -21 0 0 0 0 0 0 26 0 0 0 -13 0 0 31 0 0 0 0 0 -31 48 0 0 0 0 0 0 0 39 0 0 0 0 9 0 0 34 0 0 0 8 0 
0 0 0 0 0 34 0 0 0 0 0 0 0 0 0 0 0 0 0 0 0 0 0 0 0 0 0 -28 0 -35 0 0 -15 0 0 0 -26 0 0 0 0 0 0 0 0 0 0 0 0 0 -12 0 47 0 -14 15 0 -22 0 0 -29 37 0 0 0 0 30 0 0 0 
0 0 -3 0 0 -16 0 0 0 0 0 0 0 17 0 0 0 0 0 0 0 0 0 -13 0 0 0 -37 21 0 0 0 2 0 0 0 0 0 0 0 0 0 0 -29 0 0 0 13 0 8 0 0 43 0 0 12 0 -48 -12 0 0 0 -16 0 36 0 21 0 0 0 
0 0 0 0 0 0 0 -18 0 -27 0 0 0 0 -45 47 0 0 4 0 0 0 0 0 29 0 0 0 0 0 0 0 0 0 0 0 20 0 31 0 0 0 39 0 0 0 0 0 -42 0 0 -8 26 0 0 0 0 0 0 0 11 -25 13 0 0 -3 3 0 4 0 
0 0 38 0 0 42 0 0 0 0 0 20 0 0 0 0 -35 0 -11 46 0 0 -46 -23 0 7 -9 21 -23 -2 0 0 -27 -17 0 0 48 0 0 0 0 39 0 0 30 0 0 0 -23 0 0 0 0 0 0 0 0 0 0 0 0 0 0 0 0 0 0 0 21 1 
0 0 0 0 0 8 0 0 25 -8 0 -31 0 0 0 24 0 0 0 0 0 0 0 0 0 0 0 0 0 0 0 0 0 0 0 0 0 0 0 0 -29 0 0 0 0 -13 0 0 0 0 0 0 0 0 29 0 0 -11 -12 0 11 0 0 -5 0 0 35 0 0 -36 
0 -25 0 0 0 0 -28 -2 -4 4 0 0 0 0 22 40 0 0 -7 -25 28 0 0 0 0 0 -30 0 -21 0 0 0 0 0 0 0 0 0 0 0 0 0 30 0 -2 0 3 0 0 0 0 0 0 0 0 0 0 0 31 0 0 0 0 0 13 0 0 0 8 -14 
0 18 0 0 0 0 0 0 0 0 0 0 0 0 0 0 0 0 0 9 0 -47 0 0 0 0 0 0 -30 44 0 30 0 0 0 0 28 -36 0 0 0 0 0 -13 0 0 0 0 0 0 -31 0 0 0 37 0 0 22 36 0 0 0 0 0 0 0 0 0 0 0 
0 0 0 0 0 0 0 39 0 0 0 0 -29 0 1 33 0 0 0 0 35 0 0 0 -49 -27 0 0 0 0 0 0 0 0 0 0 0 11 0 0 0 0 0 0 3 0 0 -18 0 0 0 0 0 0 0 37 9 -45 0 0 0 0 0 0 0 0 0 0 0 0 
0 0 0 0 1 0 0 0 0 0 -43 -40 0 0 0 0 0 0 20 -22 0 0 0 0 0 -45 0 0 0 0 -30 30 0 0 0 0 8 0 -31 0 13 0 0 0 0 0 -18 0 0 0 0 0 0 0 0 42 0 0 0 0 0 48 -5 0 49 0 3 0 0 0 
-28 0 0 0 0 0 0 0 -5 0 0 0 0 0 0 35 0 -41 0 0 0 0 0 36 0 28 9 -41 24 0 0 -21 -12 0 0 21 0 0 48 0 0 -42 -23 0 0 0 0 0 0 0 -23 0 0 0 0 0 0 0 0 0 0 0 -36 0 0 0 0 0 -11 16 
0 0 0 0 0 -35 -38 0 0 0 0 -24 0 0 0 0 0 12 -23 0 0 0 0 -32 0 0 47 -39 0 0 0 0 0 0 0 0 0 0 0 0 8 0 0 0 0 0 0 0 0 0 31 0 0 -15 0 0 12 0 0 0 0 0 45 0 7 0 0 -44 0 0 
0 0 0 0 0 0 3 0 0 0 0 0 0 -49 0 0 0 0 -26 0 -41 0 0 0 0 0 0 0 0 0 0 0 0 0 0 48 0 14 0 -12 0 0 0 0 0 -31 0 0 -23 31 0 -45 10 0 0 0 -11 45 0 0 -42 49 34 0 16 0 -10 23 -21 0 
42 -10 0 -30 -48 0 0 45 0 -15 0 0 0 0 0 25 -40 0 0 0 0 0 0 0 0 0 0 0 0 0 0 0 0 0 28 -36 0 0 0 0 0 -8 0 0 0 0 0 0 0 0 -45 0 -9 0 -42 0 0 0 0 0 0 0 0 0 0 0 0 0 -15 0 
0 0 -9 0 -14 0 0 0 -21 0 0 0 -22 48 47 -37 0 0 0 0 0 0 0 0 0 0 45 0 0 0 0 0 0 0 0 0 15 0 0 47 43 26 0 0 0 0 0 0 0 0 10 -9 -21 0 0 0 0 0 37 -48 -11 8 0 0 19 0 0 0 0 0 
0 46 0 0 7 0 0 0 0 0 0 0 0 0 0 0 0 29 0 0 0 0 0 0 -10 -43 0 -4 43 0 0 0 -5 37 0 0 0 0 0 0 0 0 0 0 0 0 0 0 0 -15 0 0 0 0 0 0 0 24 0 0 0 0 0 0 0 -29 -41 0 49 0 
0 -41 0 0 0 0 0 0 10 -7 0 0 0 -27 0 0 0 17 0 0 0 0 0 15 0 0 0 0 0 -19 0 0 0 0 27 37 0 0 0 -14 0 0 0 29 0 37 0 0 0 0 0 -42 0 0 0 16 0 37 0 0 0 -3 0 12 0 0 0 10 0 0 
0 0 0 -33 1 0 0 0 3 -49 0 0 0 0 0 34 0 0 0 0 0 0 8 0 0 -20 0 0 0 0 0 0 -43 0 0 0 0 0 0 15 12 0 0 0 0 0 37 42 0 0 0 0 0 0 16 0 0 0 0 0 0 0 0 -22 0 -22 0 0 0 0 
-49 0 0 0 0 0 0 41 -37 0 0 -31 0 0 0 33 0 -7 0 1 0 0 0 -1 2 0 0 0 0 -41 -2 0 0 0 -44 0 0 36 39 0 0 0 0 0 0 0 9 0 0 12 -11 0 0 0 0 0 0 0 0 0 0 0 0 0 44 0 0 0 0 0 
-6 0 0 0 0 0 0 0 0 0 0 0 0 0 0 0 0 0 0 0 0 0 -34 0 0 11 0 0 -24 0 0 0 0 0 0 0 0 -17 0 -22 -48 0 0 -11 0 22 -45 0 0 0 45 0 0 24 37 0 0 0 -44 -16 0 0 0 -31 0 0 0 0 0 0 
1 0 0 0 0 0 0 0 0 0 17 25 0 0 0 0 -43 0 0 0 0 0 0 0 0 0 0 0 0 0 0 0 0 0 0 0 0 0 0 0 -12 0 0 -12 31 36 0 0 0 0 0 0 37 0 0 0 0 -44 0 0 0 0 1 -5 0 0 0 0 0 27 
0 21 0 0 0 0 0 -28 0 -43 0 0 33 0 0 35 0 0 0 0 0 27 -12 0 46 0 0 -8 0 0 -12 0 -25 0 0 -40 0 0 0 0 0 0 0 0 0 0 0 0 0 0 0 0 -48 0 0 0 0 -16 0 0 0 0 0 0 0 -13 0 0 0 0 
0 0 0 0 0 0 -45 0 0 0 0 0 -1 0 0 5 0 -4 0 -46 0 0 0 0 0 0 0 0 0 0 0 0 0 8 0 0 0 0 0 -29 0 11 0 11 0 0 0 0 0 0 -42 0 -11 0 0 0 0 0 0 0 0 0 8 0 0 0 0 0 0 -38 
0 0 12 0 0 0 0 42 0 0 0 0 0 12 0 40 -46 0 0 0 0 0 0 0 0 0 22 0 0 0 0 0 -38 48 0 0 -41 0 9 37 0 -25 0 0 0 0 0 48 0 0 49 0 8 0 -3 0 0 0 0 0 0 0 0 0 0 -6 0 -15 -10 0 
0 0 0 0 0 0 0 0 0 0 -6 -13 0 0 0 0 0 0 0 27 0 0 0 -11 0 11 0 -18 0 0 0 37 36 -31 -5 -27 0 0 0 0 -16 13 0 0 0 0 0 -5 -36 45 34 0 0 0 0 0 0 0 1 0 8 0 -16 0 0 0 0 0 12 -2 
0 0 0 0 -43 25 0 0 0 0 0 1 35 -20 -39 0 0 35 0 0 0 0 38 0 -41 0 0 -32 -15 0 0 0 0 0 0 0 0 0 0 0 0 0 0 -5 0 0 0 0 0 0 0 0 0 0 12 -22 0 -31 -5 0 0 0 0 0 -21 0 0 41 0 0 
0 -20 0 0 0 -42 0 0 5 0 -49 0 0 0 -46 0 0 0 0 0 -34 43 0 0 0 0 0 0 3 0 0 7 0 46 0 0 -39 0 34 0 36 0 0 0 13 0 0 49 0 7 16 0 19 0 0 0 44 0 0 0 0 0 0 -21 31 0 -2 -33 0 0 
-16 0 0 0 0 0 0 0 0 43 0 0 0 0 0 0 -39 0 0 -44 0 0 0 0 0 0 0 0 0 0 0 0 0 0 0 0 0 0 0 0 0 -3 0 0 0 0 0 0 0 0 0 0 0 -29 0 -22 0 0 0 -13 0 -6 0 0 0 0 0 0 -1 0 
0 0 0 7 0 0 0 0 0 0 0 0 0 -24 2 0 0 0 0 0 0 0 0 0 0 0 0 0 8 0 0 0 0 0 0 0 0 0 0 30 21 3 0 35 0 0 0 3 0 0 -10 0 0 -41 0 0 0 0 0 0 0 0 0 0 -2 0 0 0 0 0 
-41 0 17 0 0 5 0 0 0 -47 0 0 0 0 0 -17 0 -36 0 0 -48 0 0 0 0 0 0 0 33 0 0 0 -41 0 0 0 0 0 0 0 0 0 0 0 0 0 0 0 0 -44 23 0 0 0 10 0 0 0 0 0 0 -15 0 41 -33 0 0 44 0 0 
0 0 0 0 0 0 4 0 0 0 0 0 0 0 0 0 0 0 0 0 0 0 0 0 0 0 0 0 -6 -34 0 0 0 0 0 0 28 0 8 0 0 4 21 0 8 0 0 0 -11 0 -21 -15 0 49 0 0 0 0 0 0 0 -10 12 0 0 -1 0 0 0 0 
0 5 0 -41 5 0 0 -46 -29 0 0 0 0 0 0 0 0 0 0 0 0 -39 0 0 -5 0 0 11 -16 -4 0 0 -6 0 0 0 0 0 0 0 0 0 1 -36 -14 0 0 0 16 0 0 0 0 0 0 0 0 0 27 0 -38 0 -2 0 0 0 0 0 0 -8 
