100
0 0 -11 27 0 0 0 -43 0 23 0 22 0 -41 0 13 0 0 0 0 0 27 -7 6 -6 0 0 0 0 0 10 0 0 0 -36 0 0 0 17 0 17 45 0 0 -37 -33 0 0 0 0 0 0 -17 0 46 0 -1 0 48 -49 0 -27 0 -33 47 0 0 -42 5 0 0 0 0 -32 0 25 0 -41 -37 0 41 0 6 0 0 0 0 -45 0 21 2 0 23 0 -20 42 14 0 -49 -6 
1 0 0 46 0 -16 0 -41 0 19 35 0 0 0 15 0 7 23 19 -49 0 0 -41 0 0 0 1 0 0 0 3 -12 0 1 -8 43 0 0 0 0 23 0 0 0 0 0 45 0 18 0 0 -35 -10 0 46 -41 0 -27 21 0 0 0 0 -20 -36 0 5 -17 0 0 -6 10 0 0 -33 0 0 -47 19 0 -23 -30 0 0 31 -39 0 0 0 0 0 -3 0 38 18 0 0 0 8 -9 
0 0 47 -48 0 12 0 0 0 0 0 17 0 0 22 -8 0 -16 0 36 -36 -5 -29 -1 18 0 0 0 0 32 32 0 30 0 0 -45 0 13 0 0 -32 -3 -44 0 25 -7 -30 0 0 0 -33 0 -16 23 0 0 0 7 0 0 3 0 0 -15 -4 -39 -27 0 0 0 25 0 0 0 -31 0 34 0 -18 0 0 0 16 -43 0 28 -8 -45 0 0 0 48 1 22 -48 -14 7 0 1 -12 
0 47 0 0 0 0 0 -9 -26 0 0 0 5 36 -2 26 0 0 0 0 0 29 0 -25 0 -3 9 14 2 0 0 -19 0 -21 35 0 -8 -33 0 34 -16 0 42 8 0 -2 0 -35 0 0 32 0 0 0 -11 -33 0 -19 34 5 0 0 0 33 0 0 0 -31 0 18 0 -25 -1 43 33 -45 -41 -24 0 -13 0 39 19 0 20 0 0 0 22 -23 0 0 0 30 0 0 3 0 0 0 
46 -48 0 0 0 0 0 40 -28 0 0 0 0 0 0 4 0 20 43 0 -28 0 0 12 -7 -49 0 0 0 -35 0 0 0 -41 -3 0 0 0 0 -48 -10 0 -47 27 -2 0 39 0 0 0 12 0 0 0 -49 -1 0 -28 -46 39 0 -24 0 -46 0 0 0 0 0 0 0 0 -6 9 0 0 0 0 0 0 -25 -36 39 0 0 -15 47 0 -43 0 0 0 0 18 -4 30 0 0 -5 0 
0 0 0 0 32 -2 10 3 -37 0 0 -18 0 0 5 0 0 -37 -43 -17 0 -27 -31 18 -18 0 0 0 0 0 0 1 0 45 0 36 0 -40 0 40 11 0 -27 0 -8 4 0 0 0 0 -22 -23 0 -7 -49 0 0 17 0 0 0 0 0 -2 0 0 -47 0 0 0 0 34 -43 -43 -5 1 0 0 0 0 -28 41 0 9 0 8 0 25 -20 28 0 0 0 0 0 0 0 0 -43 0 
-16 12 0 0 -2 -24 39 -47 17 0 0 0 -6 7 -12 0 0 0 0 -20 0 47 0 0 0 0 0 0 18 -9 -27 0 -1 -25 11 48 -45 0 0 0 0 13 0 0 -31 0 0 -9 0 0 -24 35 0 -3 -25 25 0 0 0 -13 1 0 -48 0 17 0 -7 -42 -23 -8 0 3 -16 20 -19 0 0 0 0 12 0 0 37 0 -16 0 0 0 0 -19 0 -29 0 0 -2 -22 0 0 0 4 
0 0 0 0 10 39 33 -1 0 0 35 -12 43 0 0 0 0 0 0 19 0 -41 21 -14 0 0 0 0 3 26 25 19 0 15 0 0 17 38 0 0 0 -33 -49 30 0 25 44 0 -37 12 0 -20 0 0 -24 0 0 0 0 19 3 30 2 0 0 -4 -15 17 24 0 0 0 9 0 0 0 0 -45 0 2 0 0 1 -19 0 0 47 0 -30 -39 -24 -39 -46 -18 -28 0 0 29 -31 0 
-41 0 -9 40 3 -47 -1 -2 0 0 -19 0 32 0 -10 0 17 0 29 0 0 12 -40 0 -49 24 40 -2 0 2 0 16 -25 0 0 29 0 -12 28 35 5 40 0 39 0 -17 4 -38 -24 7 0 28 -24 -21 0 0 0 0 9 0 0 5 -46 -20 0 29 0 0 2 0 0 0 0 -40 0 0 0 0 0 0 -43 38 0 0 0 0 0 -39 0 0 0 0 3 0 22 10 0 0 0 0 
0 0 -26 -28 -37 17 0 0 0 0 -10 -23 24 -9 0 -36 -18 -42 0 0 0 32 -3 0 0 -31 29 17 0 -7 42 -4 0 0 35 0 0 0 -36 0 22 1 0 25 0 9 -7 -45 -41 -19 0 -3 3 13 -7 0 0 -38 -15 48 -1 0 20 0 -23 -26 0 0 0 0 0 38 0 0 2 0 -10 0 0 39 -12 0 0 9 0 12 0 14 0 5 0 0 -35 0 0 0 46 0 -25 9 
19 0 0 0 0 0 0 0 0 0 -22 0 38 0 0 0 0 0 -39 -46 -42 0 -4 0 -22 0 0 0 -37 -32 0 -15 -39 0 0 -31 0 0 0 0 0 0 -29 0 0 0 33 -10 21 35 0 0 0 -41 0 28 -44 0 0 0 0 -37 37 0 -48 0 0 -5 0 0 0 26 0 32 8 0 0 0 0 37 -8 0 -5 0 0 -47 0 0 0 -44 0 0 0 0 -27 27 0 31 43 48 
35 0 0 0 0 0 35 -19 -10 -22 -37 24 25 0 0 0 0 0 -3 0 0 19 0 35 0 0 -46 33 9 0 -30 0 8 0 0 -34 5 8 0 38 0 0 0 -49 34 0 47 0 0 0 0 -45 8 0 0 0 0 0 0 -13 29 -37 -5 36 -32 -40 48 46 -44 0 0 0 -9 0 0 0 34 0 0 0 10 0 0 0 16 33 0 -21 0 20 29 0 -4 -49 0 0 0 44 -10 0 
0 17 0 0 -18 0 -12 0 -23 0 24 0 2 -25 23 0 -45 30 0 0 0 -5 0 0 23 0 37 41 0 0 0 0 0 48 0 7 0 -5 -20 -45 0 -15 0 0 -43 0 -20 0 11 0 0 0 0 11 -39 0 0 0 0 0 0 0 12 -5 26 -16 0 -40 -17 49 0 -9 0 -30 0 14 0 -8 32 45 -35 4 0 0 22 0 11 12 0 0 0 48 48 -14 0 0 0 0 -21 -28 
0 0 5 0 0 -6 43 32 24 38 25 2 -37 0 0 0 0 0 0 0 -41 -39 5 -4 0 0 35 -8 26 0 0 -32 0 0 0 0 0 11 0 14 -18 0 -23 0 44 21 21 -29 35 0 0 -30 -47 0 -37 -12 -17 -41 34 0 0 0 -15 38 -21 0 40 0 -6 -16 0 0 0 0 0 -48 -35 0 0 -2 0 0 44 0 0 -27 46 -19 0 -41 0 0 5 4 -6 -34 -4 0 0 -21 
0 0 36 0 0 7 0 0 -9 0 0 -25 0 0 0 0 0 -13 0 0 0 0 0 -7 0 -5 -40 0 0 23 -40 -12 -26 -33 0 0 0 0 0 0 0 0 9 14 23 25 21 0 0 0 30 -21 0 -27 0 30 0 0 0 0 44 22 -40 -23 0 0 -1 0 0 0 -15 2 0 -27 0 0 0 0 0 -12 0 0 -5 7 45 0 -25 0 -38 36 0 0 0 0 -41 0 -6 11 0 40 
15 22 -2 0 5 -12 0 -10 0 0 0 23 0 0 29 -6 0 0 0 25 0 0 0 0 41 0 0 0 0 37 0 -2 -20 0 -2 0 -31 0 46 0 0 -19 0 -9 0 48 -47 -5 -5 36 0 28 0 0 27 0 -44 0 0 4 -5 0 0 0 0 -3 -40 0 0 0 0 0 -24 -20 -9 48 -36 29 -28 -15 -40 0 -47 0 0 0 -42 -3 0 0 -26 12 0 0 -15 0 -1 0 0 0 
0 -8 26 4 0 0 0 0 -36 0 0 0 0 0 -6 0 -26 0 -7 0 0 -3 0 -41 0 0 -39 0 -16 0 0 0 23 0 0 0 -14 0 0 11 0 0 0 14 0 28 6 36 -17 0 0 0 34 0 -8 34 -16 0 31 0 0 0 0 -43 20 -16 0 -1 0 39 0 -12 9 43 0 -21 0 8 6 23 0 0 0 0 0 47 0 0 47 -47 0 15 0 -22 0 0 -29 37 0 0 
7 0 0 0 0 0 0 17 -18 0 0 -45 0 0 0 -26 -29 0 0 0 0 0 0 0 -9 0 -46 13 0 8 0 0 43 0 4 0 0 -48 -12 23 -16 0 36 0 21 0 5 39 1 -9 0 0 0 21 0 26 0 28 -41 11 -25 13 0 0 -3 3 26 0 32 30 27 -23 26 0 0 0 14 0 0 -35 0 0 0 0 0 21 1 0 0 -13 0 0 0 0 0 0 44 0 0 0 
23 -16 0 20 -37 0 0 0 -42 0 0 30 0 -13 0 0 0 0 -11 -12 0 11 -14 0 -40 35 0 0 -36 -2 0 3 0 0 0 0 0 0 0 0 0 -20 -15 0 10 13 0 0 -40 0 -14 0 0 -8 -31 0 0 -36 0 0 0 22 36 0 0 0 0 0 0 0 0 30 0 -18 0 0 0 29 38 -12 39 0 0 0 0 0 0 0 0 -43 0 0 0 0 0 25 0 0 42 0 
19 0 0 43 -43 0 0 29 0 -39 -3 0 0 0 0 -7 0 -11 0 0 4 0 0 -5 0 49 -42 -3 0 25 0 0 0 0 0 0 0 31 31 -36 0 10 0 -11 16 0 31 0 0 -15 0 26 -27 0 0 0 45 0 7 0 -43 -2 -31 38 0 0 13 -42 -20 -17 -34 0 34 0 16 0 -10 23 -21 -35 -30 -42 0 0 0 0 0 0 0 0 0 0 0 0 0 -15 -21 8 -19 37 
-49 36 0 0 -17 -20 19 0 0 -46 0 0 0 0 25 0 0 -12 0 -48 -11 8 0 -6 0 0 46 0 24 0 24 0 0 43 0 -11 0 -41 0 49 0 48 -2 0 0 0 -13 0 0 0 12 0 0 2 0 0 0 0 0 20 0 0 0 -22 0 -22 0 0 0 0 0 0 0 0 0 -12 -37 0 -23 -44 -16 0 0 25 -21 0 0 -17 0 -49 -30 -4 0 0 24 0 -28 14 27 0 
0 -36 0 -28 0 0 0 0 0 -42 0 0 -41 0 0 0 0 0 4 -11 0 0 3 12 14 19 0 -38 0 -41 -6 0 -15 -10 0 -16 -16 0 0 12 -2 0 -21 -29 -29 44 0 23 0 -33 0 0 0 0 0 -1 0 -5 16 -2 0 0 -8 0 14 0 0 -2 0 -4 0 0 0 -41 45 0 0 0 -42 -2 0 0 0 0 0 0 0 -47 0 -48 0 0 0 0 -6 0 0 0 0 0 
0 -5 29 0 -27 47 -41 12 32 0 19 -5 -39 0 0 -3 0 11 0 8 0 -28 0 0 -44 0 -37 0 0 20 0 0 -5 -16 0 -4 0 0 0 -1 26 0 44 0 45 0 0 0 0 -6 -25 0 45 -21 0 2 -39 0 19 0 4 5 14 0 0 0 -45 0 0 0 0 8 0 -47 0 0 0 -36 0 0 5 0 0 0 0 43 0 -31 0 0 2 -11 -18 -11 11 0 0 0 0 -12 
-41 -29 0 0 -31 0 21 -40 -3 -4 0 0 5 0 0 0 0 -14 0 0 3 0 0 0 -6 -12 45 44 -21 -48 37 -41 -2 -3 47 0 45 42 0 24 0 0 0 0 31 0 41 43 0 0 -4 0 0 0 0 0 0 37 0 0 46 0 -4 0 0 0 0 20 0 -42 -35 0 -6 42 0 39 -46 0 0 28 0 45 0 0 20 -7 28 0 0 0 -14 -19 -31 0 0 5 -2 -40 0 0 
0 -1 -25 12 18 0 -14 0 0 0 35 0 -4 -7 0 -41 0 0 -5 -6 12 0 0 25 4 44 0 0 41 0 11 0 14 30 39 49 -19 -3 0 0 -19 0 27 18 0 0 0 0 0 0 0 0 6 -42 34 0 0 0 0 0 0 0 32 8 12 -15 11 17 0 -33 -30 0 13 0 0 -15 23 0 0 17 0 0 0 -23 0 0 0 0 0 0 0 7 -46 35 0 -43 0 0 0 0 
0 18 0 -7 -18 0 0 -49 0 -22 0 23 0 0 41 0 -9 -40 0 0 14 -44 -6 4 49 -33 17 0 0 0 0 30 34 0 19 38 0 0 0 -36 49 -35 0 25 0 30 -39 -48 0 44 3 10 -18 -10 0 -28 -19 0 0 0 46 0 0 0 0 0 0 0 0 0 0 0 0 -32 0 18 -46 0 -39 0 0 0 0 0 7 0 35 0 10 0 0 -25 -43 0 -36 25 22 0 40 0 
0 0 -3 -49 0 0 0 24 -31 0 0 0 0 -5 0 0 0 35 49 0 19 0 -12 44 -33 -39 44 0 -47 0 -48 0 15 0 0 0 23 0 0 44 0 -12 -12 26 0 -14 -24 39 45 18 28 -27 0 0 0 0 0 0 29 0 6 0 17 0 48 -12 0 0 0 0 44 0 -43 33 0 32 40 7 0 0 0 0 0 39 0 39 32 0 0 29 0 0 0 0 -17 0 16 0 0 0 
1 0 9 0 0 0 0 40 29 0 -46 37 35 -40 0 -39 -46 0 -42 46 0 -37 45 0 17 44 0 0 5 0 0 -19 0 0 0 0 0 0 0 35 -12 40 31 -37 0 -43 0 0 -19 46 0 0 16 0 18 -24 0 -40 27 -46 46 0 0 0 0 28 0 0 -31 0 0 -36 49 0 0 -41 0 -24 0 0 0 0 0 0 0 -49 0 0 0 -37 -23 0 0 0 -13 21 -48 49 0 32 
0 0 14 0 0 0 0 -2 17 0 33 41 -8 0 0 0 13 0 -3 0 -38 0 44 0 0 0 0 33 37 0 0 19 32 -7 25 32 0 0 -11 0 0 0 -29 19 45 0 -14 17 43 0 0 0 -19 0 0 34 31 -37 23 0 22 0 25 -20 -48 0 0 -31 -15 0 0 43 0 0 -40 14 -16 0 0 0 0 -15 0 0 -21 0 0 0 33 0 -13 0 -27 46 -35 0 0 0 0 -8 
0 0 2 0 0 18 3 0 0 -37 9 0 26 0 0 -16 0 -36 0 24 0 0 -21 41 0 -47 5 37 -43 0 0 0 -16 0 0 44 1 0 0 -1 0 0 0 0 -48 -44 13 -22 -15 -1 -38 0 0 0 -35 -2 0 -30 0 0 39 44 16 0 0 -22 0 0 0 0 -48 -29 11 -38 -31 -45 0 0 -23 -21 22 7 0 0 0 -41 -8 -10 0 0 0 37 -24 -33 0 -29 -36 33 0 0 
0 32 0 -35 0 -9 26 2 -7 -32 0 0 0 23 37 0 8 -2 25 0 -41 20 -48 0 0 0 0 0 0 -26 31 0 0 2 0 -11 32 -34 0 32 42 -5 34 0 0 0 0 0 14 29 0 0 0 31 -14 0 0 0 -43 0 -37 15 27 -44 -23 1 0 0 0 0 0 -43 -46 -8 0 0 -32 0 -12 -49 0 -8 0 -19 0 25 0 40 0 42 0 -34 0 0 0 0 0 6 0 0 
3 32 0 0 0 -27 25 0 42 0 -30 0 0 -40 0 0 0 0 0 24 -6 0 37 11 0 -48 0 0 0 31 24 0 30 -24 -16 0 0 0 18 0 -2 25 0 -9 0 -4 0 0 0 0 0 0 -16 0 0 0 29 -48 0 9 0 40 0 27 0 0 -39 32 -39 0 0 0 0 -21 0 5 -40 0 22 27 0 0 28 0 0 -33 -48 0 0 18 26 0 0 -2 49 -18 -30 -22 -7 5 
-12 0 -19 0 1 0 19 16 -4 -15 0 0 -32 -12 -2 0 0 3 0 0 0 0 -41 0 30 0 -19 19 0 0 0 0 0 40 0 24 0 -27 -26 0 0 0 -28 -2 9 14 27 0 26 0 48 0 0 0 30 15 0 0 0 0 -8 0 38 0 34 2 0 41 0 -15 0 21 0 0 0 17 0 0 0 0 35 -22 0 29 21 0 39 0 -47 0 0 13 -11 0 0 -22 0 0 -39 -26 
0 30 0 0 0 -1 0 -25 0 -39 8 0 0 -26 -20 23 43 0 0 0 -15 -5 -2 14 34 15 0 32 -16 0 30 0 49 38 0 0 0 35 49 12 0 0 0 2 0 46 0 0 39 0 -14 28 -14 -15 -29 32 0 15 14 0 40 48 0 0 7 -23 0 38 47 8 0 -30 -14 6 6 -42 -38 0 -44 0 17 -21 0 -8 47 -25 0 20 -14 0 0 0 0 33 0 49 0 0 0 -35 
1 0 -21 -41 45 -25 15 0 0 0 0 48 0 -33 0 0 0 0 0 43 -10 -16 -3 30 0 0 0 -7 0 2 -24 40 38 0 33 0 -31 -3 0 22 0 32 -14 0 0 0 0 -9 45 0 0 0 0 26 0 0 49 0 0 0 0 38 22 0 0 0 13 0 20 -14 -42 0 0 16 0 0 -32 -38 -26 0 -19 0 36 0 39 -32 6 27 0 3 0 29 0 22 -48 37 19 0 0 0 
-8 0 35 -3 0 11 0 0 35 0 0 0 0 0 -2 0 4 0 0 0 0 0 47 39 19 0 0 25 0 0 -16 0 0 33 0 0 26 -45 -1 0 -11 -9 -29 0 0 -45 0 -34 0 -17 -49 0 39 0 0 0 1 0 -11 -47 44 0 0 0 28 -2 0 41 -33 -22 0 0 0 0 10 0 3 0 -33 0 -14 -14 -7 0 24 29 0 31 0 32 0 -21 0 -31 0 35 48 1 33 0 
43 -45 0 0 36 48 0 29 0 -31 -34 7 0 0 0 0 0 0 0 -11 -16 -4 0 49 38 0 0 32 44 -11 0 24 0 0 0 15 0 0 0 0 31 4 31 22 0 32 0 24 0 -22 0 0 0 44 -35 -47 -15 0 -36 18 14 0 0 34 0 0 0 16 49 21 -18 0 0 0 0 0 0 0 -28 42 -14 0 -23 -24 -45 0 0 43 0 -10 12 42 0 6 -15 40 0 0 36 13 
0 0 -8 0 0 -45 17 0 0 0 5 0 0 0 -31 -14 0 0 0 0 -16 0 45 -19 0 23 0 0 1 32 0 0 0 -31 26 0 0 13 -25 37 0 0 0 16 -17 31 0 36 46 -22 -36 0 -38 0 -37 7 0 17 0 0 -6 -9 0 22 0 30 0 49 0 0 0 0 0 0 0 -26 0 46 0 35 -5 49 0 0 0 0 0 0 0 0 -12 40 -16 0 0 0 -20 10 -33 0 
0 13 -33 0 -40 0 38 -12 0 0 8 -5 11 0 0 0 -48 0 31 -41 0 0 42 -3 0 0 0 0 0 -34 0 -27 35 -3 -45 0 13 -46 0 0 -38 21 0 -4 -20 -10 32 0 -7 33 0 -36 0 0 38 2 -6 0 0 11 -44 27 0 -46 0 -49 0 -7 44 0 26 0 19 10 0 -11 0 0 49 -18 0 0 -8 0 9 0 -2 0 0 0 0 0 0 0 -23 16 0 -19 22 0 
0 0 0 0 0 0 0 28 -36 0 0 -20 0 0 46 0 -12 0 31 0 0 0 0 0 0 0 0 -11 0 0 18 -26 49 0 -1 0 -25 0 43 0 0 9 42 18 0 36 29 0 -21 43 0 0 0 12 0 0 0 0 0 0 0 -17 3 0 0 2 0 8 2 -29 0 0 0 -15 0 0 20 0 -3 26 0 -28 32 0 39 0 4 0 -7 46 0 36 2 22 -3 0 0 -48 0 0 
0 0 34 -48 40 0 0 35 0 0 38 -45 14 0 0 11 23 0 -36 49 12 -1 24 0 -36 44 35 0 -1 32 0 0 12 22 0 0 37 0 0 0 -31 0 0 0 17 0 0 0 20 0 11 12 0 -17 -29 0 21 4 -16 0 -27 -47 19 0 0 0 -12 0 0 0 0 0 0 33 -10 -20 0 0 0 0 0 0 -41 0 15 -22 0 -17 -28 42 0 0 -23 0 -21 0 17 0 0 0 
23 -32 -16 -10 11 0 0 5 22 0 0 0 -18 0 0 0 -16 0 0 0 -2 26 0 -19 49 0 -12 0 0 42 -2 0 0 0 -11 31 0 -38 0 -31 12 43 12 0 0 0 0 0 42 34 0 0 0 0 0 26 0 -41 -34 0 -14 -14 0 0 48 0 12 0 0 1 -45 31 0 31 0 44 45 43 0 0 0 0 0 43 47 -42 0 0 0 -4 28 0 9 0 -9 0 0 -9 0 -1 
0 -3 0 0 0 13 -33 40 1 0 0 -15 0 0 -19 0 0 -20 10 48 0 0 0 0 -35 -12 40 0 0 -5 25 0 0 32 -9 4 0 21 9 0 43 0 0 46 0 -31 -24 -15 26 26 0 0 7 0 0 -40 -13 0 -23 -18 -37 0 23 0 -9 26 -4 37 0 8 -43 0 0 0 0 23 0 -10 -42 0 0 38 41 0 -15 -6 -22 0 23 -10 22 0 0 0 0 40 0 0 0 -10 
0 -44 42 -47 -27 0 -49 0 0 -29 0 0 -23 9 0 0 36 -15 0 -2 -21 44 0 27 0 -12 31 -29 0 34 0 -28 0 -14 -29 31 0 0 42 0 12 0 0 25 0 0 0 0 0 0 0 0 0 12 0 0 -13 0 0 -31 0 0 0 0 0 0 -33 0 0 -40 22 0 20 0 0 48 -31 -24 30 15 2 0 -16 0 -42 6 33 0 0 41 17 0 -3 40 0 0 31 -26 -32 0 
0 0 8 27 0 0 30 39 25 0 -49 0 0 14 -9 14 0 0 -11 0 -29 0 0 18 25 26 -37 19 0 0 -9 -2 2 0 0 22 16 -4 18 0 0 46 25 0 0 0 -22 -22 -24 0 -40 -8 46 12 0 0 38 -5 0 8 -32 0 -41 33 0 4 26 0 34 0 27 0 0 0 -22 6 -13 0 -1 -43 -36 0 -10 -48 0 18 0 -43 0 2 0 44 0 0 15 -3 44 -23 29 1 
0 25 0 -2 -8 -31 0 0 0 0 34 -43 44 23 0 0 21 10 16 0 -29 45 31 0 0 0 0 45 -48 0 0 9 0 0 0 0 -17 -20 0 17 0 0 0 0 -44 46 -12 -27 -45 0 33 28 -3 -33 0 0 18 -12 0 0 -36 0 24 43 32 0 28 19 38 6 20 0 0 0 0 0 0 0 0 0 47 29 29 0 -41 -31 0 -20 0 43 0 -14 -18 -17 0 0 0 0 0 -32 
0 -7 -2 0 4 0 25 -17 9 0 0 0 21 25 48 28 0 13 0 0 44 0 0 0 30 -14 -43 0 -44 0 -4 14 46 0 -45 32 31 -10 36 0 0 -31 0 0 46 35 0 0 0 26 -30 0 -10 -17 0 0 26 13 0 0 0 -26 0 0 24 0 0 0 3 0 -25 0 0 -20 -3 0 0 0 33 2 -24 0 -4 -7 0 0 -37 5 0 0 0 0 0 0 0 0 -10 0 -19 0 
45 -30 0 39 0 0 44 4 -7 33 47 -20 21 21 -47 6 5 0 31 -13 0 0 41 0 -39 -24 0 -14 13 0 0 27 0 0 0 0 0 32 29 0 0 -24 0 -22 -12 0 22 -32 0 -42 0 0 -31 0 0 44 0 0 9 30 0 -21 34 0 0 0 -49 -2 0 0 0 -39 0 -43 33 44 15 0 6 0 0 -8 10 -41 31 0 0 0 0 -2 -46 0 0 0 0 0 11 10 0 0 
0 0 -35 0 0 -9 0 -38 -45 -10 0 0 -29 0 -5 36 39 0 0 0 23 0 43 0 -48 39 0 17 -22 0 0 0 0 -9 -34 24 36 0 0 0 0 -15 0 -22 -27 0 -32 3 -12 0 35 -46 -20 0 -15 0 0 -5 18 0 0 0 41 -3 0 -48 0 -19 0 -17 16 0 10 48 0 0 0 0 -38 -13 32 34 0 0 43 0 0 0 0 0 0 0 38 28 0 -28 0 0 0 -25 
18 0 0 0 0 0 -37 -24 -41 21 0 11 35 0 -5 -17 1 -40 0 0 0 0 0 0 0 45 -19 43 -15 14 0 26 39 45 0 0 46 -7 -21 20 42 26 0 -24 -45 0 0 -12 0 0 -44 -38 39 -17 0 -34 0 0 28 -21 -46 8 -25 0 -20 0 0 -48 0 -22 23 0 -23 0 41 0 0 0 0 9 -22 26 -27 0 0 13 -5 30 0 0 0 -32 0 0 -47 -21 0 0 0 25 
0 0 0 0 0 0 12 7 -19 35 0 0 0 0 36 0 -9 0 -15 0 -33 -6 0 0 44 18 46 0 -1 29 0 0 0 0 -17 -22 -22 33 43 0 34 26 0 0 0 26 -42 0 0 0 -38 -43 0 -14 0 0 0 47 0 0 28 0 -10 0 -14 -25 -1 34 0 0 0 13 0 8 26 0 0 0 21 -37 12 -15 0 0 1 43 0 27 0 0 32 -26 22 -49 0 -8 0 -21 0 10 
0 -33 32 12 -22 -24 0 0 0 0 0 0 0 30 0 0 0 -14 0 12 0 -25 -4 0 3 28 0 0 -38 0 0 48 -14 0 -49 0 -36 0 0 11 0 0 0 -40 33 -30 0 35 -44 -38 -24 0 13 0 -35 -39 41 -16 26 -27 -32 0 0 0 2 0 -7 42 0 24 -37 -4 -39 -45 -27 -48 -41 0 46 0 -39 0 -4 0 0 -7 0 0 -9 0 0 0 0 -24 -23 -18 0 0 0 -13 
-35 0 0 0 -23 35 -20 28 -3 0 -45 0 -30 -21 28 0 0 0 26 0 0 0 0 0 10 -27 0 0 0 0 0 0 28 0 0 0 0 -36 0 12 0 0 0 -8 28 0 0 -46 -38 -43 0 -13 0 -3 0 -23 -5 0 0 -6 0 0 5 0 0 0 0 -8 24 0 0 0 -4 0 0 -8 39 0 48 0 -30 0 -13 -41 -45 0 45 46 0 9 -30 0 0 14 6 -21 0 13 0 0 
-10 -16 0 0 0 0 0 -24 3 0 8 0 -47 0 0 34 0 0 -27 0 0 45 0 6 -18 0 16 -19 0 0 -16 0 -14 0 39 0 -38 0 0 0 0 7 0 46 -3 -10 -31 -20 39 0 13 0 -15 45 37 0 -27 22 38 0 24 0 3 -23 20 -49 0 -47 -22 0 32 20 19 -38 -22 20 -33 43 0 0 35 -38 0 0 36 -7 0 -37 0 0 0 23 0 31 -22 0 -29 0 -28 -16 
0 23 0 0 -7 -3 0 -21 13 -41 0 11 0 -27 0 0 21 -8 0 2 0 -21 0 -42 -10 0 0 0 0 31 0 0 -15 26 0 44 0 0 12 -17 0 0 12 12 -33 -17 0 0 -17 -14 0 -3 45 23 0 -8 -15 -38 0 0 0 14 47 0 44 0 23 0 33 -4 -47 0 40 47 0 -43 39 -34 0 0 -23 -6 0 23 -25 0 15 -23 0 18 0 11 -27 1 0 -10 0 0 -33 0 
46 0 -11 -49 -49 -25 -24 0 -7 0 0 -39 -37 0 27 -8 0 -31 0 0 0 0 0 34 0 0 18 0 -35 -14 0 30 -29 0 0 -35 -37 38 0 -29 0 0 0 0 0 0 0 -15 0 0 -35 0 37 0 0 0 0 46 0 0 0 -15 -28 0 0 -25 0 18 0 0 0 -26 -3 0 0 0 0 12 -27 0 0 0 13 -20 0 -20 0 17 24 -5 31 0 -7 -37 0 0 37 0 0 -32 
-41 0 -33 -1 0 25 0 0 0 28 0 0 -12 30 0 34 26 0 0 0 -1 2 0 0 -28 0 -24 34 -2 0 0 15 32 0 0 -47 7 2 0 0 26 -40 0 0 0 0 44 0 -34 0 -39 -23 0 -8 0 0 0 -14 0 0 -36 0 29 0 0 0 43 0 -45 0 23 -7 22 47 0 0 -12 43 -47 0 24 21 -3 18 -28 0 47 0 0 0 0 11 0 0 0 0 -16 0 0 0 
0 0 0 0 0 0 0 0 0 -44 0 0 -17 0 -44 -16 0 0 45 0 0 -39 0 0 -19 0 0 31 0 0 29 0 0 49 1 -15 0 -6 0 21 0 -13 -13 38 18 26 0 0 0 0 41 -5 -27 -15 0 0 0 0 -11 0 0 -49 0 0 -14 0 0 27 -2 -5 -30 0 48 -9 0 40 41 0 -27 -34 -21 0 0 0 0 0 0 13 11 28 18 0 0 27 17 0 0 -13 -45 0 
-27 7 -19 -28 17 0 0 0 -38 0 0 0 -41 0 0 0 28 -36 0 0 -5 0 37 0 0 0 -40 -37 -30 0 -48 0 15 0 0 0 17 0 0 4 -41 0 0 -5 -12 13 0 -5 0 47 -16 0 22 -38 46 -14 0 0 0 -18 29 7 0 0 -28 -5 0 0 0 -10 20 0 -21 0 16 47 0 0 0 28 0 0 -47 -28 25 0 0 0 -14 0 47 0 -39 41 0 41 -23 -46 0 0 
21 0 34 -46 0 0 0 9 -15 0 0 0 34 0 0 31 -41 0 7 0 16 19 0 0 0 29 27 23 0 -43 0 0 14 0 -11 -36 0 0 0 -16 -34 -23 0 0 0 0 9 18 28 0 26 0 38 0 0 0 -11 0 29 -29 0 23 -29 0 43 0 -2 -10 0 -8 0 0 -11 0 0 24 0 -11 17 -12 -25 -32 0 0 0 0 0 0 2 -23 -47 46 27 -26 0 -2 0 -32 0 0 
0 0 5 39 0 -13 19 0 48 0 -13 0 0 0 4 0 11 0 0 20 -2 0 0 0 0 0 -46 0 0 0 9 0 0 0 -47 18 0 11 0 0 0 -18 -31 8 0 0 30 0 -21 0 -27 -6 0 0 0 0 0 -18 -29 -42 0 0 -3 39 19 0 -45 0 -8 0 0 -2 29 0 44 0 -19 0 0 -33 2 0 0 -37 30 0 36 17 27 0 27 0 -32 3 0 0 0 0 0 -45 
0 3 0 0 0 1 3 0 -1 0 29 0 0 44 -5 0 -25 0 -43 0 0 4 46 0 46 6 46 22 39 -37 0 -8 40 0 44 14 -6 -44 0 -27 -14 -37 0 -32 -36 0 0 0 -46 28 -32 0 24 0 0 -36 0 29 0 0 -30 0 23 0 0 0 0 13 -40 24 0 15 -37 46 -37 -7 0 0 -44 48 -31 8 9 -38 46 0 0 49 -8 49 0 -44 39 25 -37 -14 -30 44 45 -4 
0 0 0 -24 0 0 30 5 0 -37 -37 0 0 22 0 0 13 22 -2 0 0 5 0 0 0 0 0 0 44 15 40 0 48 38 0 0 -9 27 -17 -47 -14 0 0 0 0 -26 -21 0 8 0 0 0 0 14 -15 0 -49 7 23 0 0 -5 -2 0 0 0 0 0 0 0 1 -17 -49 -43 -38 0 7 0 -47 0 0 0 0 35 0 -19 0 0 -17 24 -1 36 0 0 -29 43 45 0 21 -14 
0 0 0 0 0 -48 2 -46 20 37 -5 12 -15 -40 0 0 0 36 -31 0 -8 14 -4 32 0 17 0 25 16 27 0 38 0 22 0 0 0 0 3 19 0 23 0 -41 24 0 34 41 -25 -10 0 5 3 47 -28 29 0 0 -29 -3 23 -2 0 28 0 0 47 0 0 0 24 0 -42 0 0 44 0 48 -14 -32 0 0 0 -12 0 0 30 38 0 46 0 22 0 0 0 38 -21 0 25 1 
-20 -15 33 -46 -2 0 0 -20 0 0 36 -5 38 -23 0 -43 0 0 38 -22 0 0 0 8 0 0 0 -20 0 -44 27 0 0 0 0 34 22 -46 0 0 0 0 0 33 43 0 0 -3 0 0 0 0 -23 0 0 0 0 0 0 39 0 0 28 -21 -35 0 0 0 4 0 0 0 47 6 -49 0 0 -1 22 0 44 44 0 0 -4 41 -14 11 -45 -30 0 17 29 -31 24 -30 0 0 0 0 
-36 -4 0 0 0 17 0 0 -23 -48 -32 26 -21 0 0 20 -3 0 0 0 14 0 0 12 0 48 0 -48 0 -23 0 34 7 0 28 0 0 0 0 0 48 -9 0 0 32 24 0 0 -20 -14 2 0 20 44 0 0 -14 -28 43 19 0 0 0 -35 0 -31 44 0 0 0 0 -13 -21 16 10 0 38 0 0 37 0 -2 0 0 0 -28 0 0 -22 -34 8 -36 -12 -38 0 0 23 0 0 45 
0 -39 0 0 0 0 -4 29 -26 0 -40 -16 0 0 -3 -16 3 0 0 -22 0 0 0 -15 0 -12 28 0 -22 1 0 2 -23 0 -2 0 30 -49 2 0 0 26 0 4 0 0 0 -48 0 -25 0 0 -49 0 -25 0 0 -5 0 0 0 0 0 0 -31 0 0 -11 42 0 0 0 0 0 0 31 0 26 0 28 0 0 0 25 44 36 13 -49 0 -16 -42 0 0 0 9 41 19 0 0 0 
5 -27 0 0 -47 -7 -15 0 0 0 48 0 40 -1 -40 0 26 0 13 0 0 -45 0 11 0 0 0 0 0 0 -39 0 0 13 0 0 0 0 0 -12 12 -4 -33 26 28 0 -49 0 0 -1 -7 0 0 23 0 43 0 0 -2 -45 0 0 47 0 44 0 0 0 0 -15 16 -41 0 0 0 -41 -47 0 0 31 -27 0 0 47 0 0 0 0 7 0 0 0 -8 0 -45 0 0 39 18 -14 
-17 0 -31 0 0 -42 17 0 0 -5 46 -40 0 0 0 -1 0 0 -42 0 -2 0 20 17 0 0 0 -31 0 0 32 41 38 0 41 16 49 -7 8 0 0 37 0 0 19 0 -2 -19 -48 34 42 -8 -47 0 18 0 27 0 -10 0 13 0 0 0 0 -11 0 0 23 0 32 -18 41 0 0 0 -21 0 45 0 0 0 0 47 0 -22 -42 22 -38 -14 5 -25 0 0 -10 0 0 0 36 28 
0 0 0 0 0 -23 24 2 0 0 -44 -17 -6 0 0 0 32 0 -20 0 0 0 0 0 0 0 -31 -15 0 0 -39 0 47 20 -33 49 0 44 2 0 0 0 0 34 38 3 0 0 0 0 0 24 -22 33 0 -45 -2 0 0 -8 -40 0 0 4 0 42 0 23 0 -30 0 0 0 -38 0 13 0 -44 25 0 0 0 0 0 0 -42 -25 -29 0 0 0 34 0 0 -13 0 21 -20 0 -26 
0 0 18 0 0 -8 0 0 0 0 0 49 -16 0 0 39 30 0 -17 0 -4 0 -42 -33 0 0 0 0 0 0 0 -15 8 -14 -22 21 0 0 -29 0 1 8 -40 0 6 0 0 -17 -22 0 24 0 0 -4 0 0 -5 -10 -8 0 24 0 0 0 0 0 -15 0 -30 -19 0 0 0 0 0 35 -3 0 -38 0 -3 0 0 0 0 0 12 0 -8 0 31 0 -1 4 -17 43 0 38 -13 0 
-6 25 0 0 0 0 0 0 0 0 0 0 0 -15 0 0 27 0 -34 0 0 0 -35 -30 0 44 0 0 -48 0 0 0 0 -42 0 -18 0 26 0 0 -45 -43 22 27 20 -25 0 16 23 0 -37 0 32 -47 0 23 -30 20 0 0 0 1 24 0 0 0 16 32 0 0 -31 0 -12 -43 -48 0 0 0 0 0 18 18 0 0 0 10 0 0 0 0 7 0 0 0 8 0 0 0 -39 0 
10 0 -25 0 34 3 0 0 38 26 0 -9 0 2 0 -12 -23 30 0 0 0 8 0 0 0 0 -36 43 -29 -43 0 21 -30 0 0 0 0 0 0 0 31 0 0 0 0 0 -39 0 0 13 -4 0 20 0 -26 -7 0 0 0 -2 15 -17 0 0 -13 0 -41 -18 0 0 0 0 -11 0 0 19 19 46 0 -46 0 0 -22 37 -28 0 0 0 0 -39 -10 0 -32 -1 0 26 46 0 0 44 
0 0 -1 -6 -43 -16 9 0 0 0 -9 0 0 0 -24 9 26 0 34 0 0 0 -6 13 0 -43 49 0 11 -46 0 0 -14 0 0 0 0 19 0 0 0 0 20 0 0 0 0 10 -23 0 -39 -4 19 40 -3 22 48 -21 -11 29 -37 -49 -42 47 -21 0 0 41 0 0 -12 -11 -49 -42 31 43 0 -25 0 -12 0 0 0 0 4 -12 -1 0 -18 0 0 -3 0 0 36 -15 0 0 45 -49 
0 0 43 9 -43 20 0 -40 0 32 0 -30 0 -27 -20 43 0 -18 0 0 -41 -47 42 0 -32 33 0 0 -38 -8 -21 0 6 16 0 0 0 10 -15 33 31 0 0 0 0 -20 -43 48 0 8 -45 0 -38 47 0 47 -9 0 0 0 46 -43 0 6 16 0 0 0 -38 0 -43 0 -42 13 -17 0 0 0 -23 -34 0 36 0 29 -24 0 -4 0 0 -7 0 0 26 -2 0 22 9 0 -35 9 
-33 -31 33 0 -5 -19 0 0 2 8 0 0 0 0 -9 0 0 0 16 0 45 0 0 0 0 0 0 -40 -31 0 0 0 6 0 10 0 0 0 0 -10 0 0 0 -22 0 -3 33 0 41 26 -27 0 -22 0 0 0 0 16 0 44 -37 -38 0 -49 10 0 0 0 0 0 -48 0 31 -17 0 43 -22 0 -41 0 0 0 24 0 29 0 25 0 0 0 0 49 -42 17 22 0 -8 -32 48 0 
0 0 -45 0 1 0 0 0 0 0 0 14 -48 0 48 -21 0 0 0 -12 0 0 39 -15 18 32 -41 14 -45 0 5 17 -42 0 0 0 -26 -11 0 -20 44 23 48 6 0 0 44 0 0 0 -48 -8 20 -43 0 0 40 47 24 0 -7 0 44 0 0 31 -41 0 13 35 0 19 43 0 43 30 0 6 0 0 0 0 0 0 0 -29 3 34 0 38 36 13 0 23 0 47 39 0 0 0 
0 34 -41 0 0 0 0 0 -10 0 34 0 -35 0 -36 0 14 0 -10 -37 0 0 -46 23 -46 40 0 -16 0 -32 -40 0 -38 -32 3 0 0 0 20 0 45 0 -31 -13 0 0 15 0 0 0 -41 39 -33 39 0 -12 41 0 0 -19 0 7 0 0 38 0 -47 -21 0 -3 0 19 0 0 -22 0 18 -37 0 0 -27 0 -48 47 0 31 -31 -20 -36 7 0 0 -12 0 -32 -30 0 -49 0 -6 
-47 0 -24 0 0 0 -45 0 0 0 0 -8 0 0 29 8 0 29 23 0 0 -36 0 0 0 7 -24 0 0 0 0 0 0 -38 0 0 46 0 0 0 43 -10 -24 0 0 0 0 0 0 0 0 0 43 -34 12 43 0 0 -11 0 0 0 48 -1 0 26 0 0 -44 0 0 46 -25 0 0 6 -37 0 0 32 20 0 -49 -14 14 0 4 0 19 0 -17 0 0 0 28 0 -46 4 3 8 
19 -18 0 0 0 0 0 0 0 0 0 32 0 0 -28 6 0 38 -21 -23 -42 0 0 0 -39 0 0 0 -23 -12 22 0 -44 -26 -33 -28 0 49 -3 0 0 -42 30 -1 0 33 6 -38 0 21 46 48 0 0 -27 -47 -27 0 17 0 -44 -47 -14 22 0 0 0 45 25 -38 0 0 0 -23 -41 0 0 0 -48 16 -43 -8 2 14 0 5 0 -40 0 0 -25 25 41 0 0 0 0 0 45 0 
0 0 -13 0 0 12 2 0 39 37 0 45 -2 -12 -15 23 -35 -12 -35 -44 -2 0 28 17 0 0 0 0 -21 -49 27 0 0 0 0 42 35 -18 26 0 0 0 15 -43 0 2 0 -13 9 -37 0 0 0 0 0 0 -34 28 -12 -33 48 0 -32 0 37 28 31 0 0 0 0 -46 -12 -34 0 0 0 32 16 0 0 -48 0 0 8 25 -2 0 -19 29 -19 38 0 -37 0 -18 14 0 0 0 
-23 0 0 -25 -28 0 0 -43 -12 -8 10 -35 0 0 -40 0 0 39 -30 -16 0 5 0 0 0 0 0 0 22 0 0 35 17 -19 -14 -14 -5 0 0 0 0 0 2 -36 47 -24 0 32 -22 12 -39 -30 35 -23 0 24 -21 0 -25 2 -31 0 0 44 0 0 -27 0 0 -3 18 0 0 0 0 0 -27 20 -43 0 0 0 0 -12 -18 0 -47 0 -32 0 -18 0 -7 0 0 45 7 0 16 0 
-30 0 39 -36 41 0 0 38 0 0 0 4 0 0 0 0 0 0 -42 0 0 0 45 0 0 0 0 -15 7 -8 0 -22 -21 0 -14 0 49 0 -28 0 0 38 0 0 29 0 -8 34 26 -15 0 0 -38 -6 0 21 0 0 -32 0 8 0 0 44 -2 0 0 0 0 0 18 0 0 36 0 0 0 0 -8 -48 0 0 0 15 24 7 -26 0 -21 -45 21 0 0 33 -5 0 0 -17 0 0 
0 16 19 39 0 37 1 0 0 -5 0 0 44 -5 -47 0 0 0 0 0 0 0 0 0 0 0 0 0 0 0 28 0 0 36 -7 -23 0 -8 32 -41 0 41 -16 -10 29 -4 10 0 -27 0 -4 -13 0 0 13 -3 0 -47 0 0 9 0 0 0 0 0 0 0 0 0 0 -22 0 0 24 0 -48 -49 2 0 0 0 -24 2 36 0 0 -19 0 -40 0 0 0 0 0 43 -13 45 4 0 
0 -43 0 0 9 0 -19 0 9 0 0 0 0 7 0 0 0 0 0 25 0 0 0 -23 0 39 0 0 0 -19 0 29 -8 0 0 -24 0 0 0 0 43 0 0 -48 0 -7 -41 0 0 0 0 -41 0 23 -20 18 0 -28 0 -37 -38 35 -12 0 0 25 47 47 0 0 0 37 0 29 0 0 47 -14 14 0 -12 15 2 -12 14 -33 33 0 -28 0 -20 0 -7 -4 0 0 0 0 48 13 
31 0 20 0 0 -16 0 0 0 0 16 22 0 45 0 0 0 0 0 -21 0 0 20 0 7 0 0 -21 0 0 0 21 47 39 24 -45 0 9 39 15 47 -15 -42 0 -41 0 31 43 0 1 0 -45 36 -25 0 -28 0 25 0 30 46 0 0 -4 0 44 0 0 0 0 0 -28 4 -24 29 0 0 14 0 8 -18 24 36 14 0 0 0 0 -21 2 0 -45 -18 0 -2 0 -27 26 0 -28 
-39 28 0 -15 8 0 0 0 12 -47 33 0 -27 0 0 47 21 0 0 0 0 43 -7 0 0 39 -49 0 -41 25 -33 0 -25 -32 29 0 0 0 0 -22 -42 -6 6 18 -31 0 0 0 13 43 -7 0 -7 0 -20 0 0 0 0 0 0 -19 0 41 -28 36 0 -22 -42 0 10 0 -12 0 0 -29 31 0 5 25 0 7 0 -33 0 0 -6 0 0 -20 33 0 0 -13 -18 31 0 -46 0 0 
0 -8 0 47 0 0 47 0 0 0 0 11 46 -25 -42 0 1 0 0 0 0 0 28 0 35 32 0 0 -8 0 -48 39 0 6 0 0 0 -2 4 0 0 -22 33 0 0 -37 0 0 -5 0 0 45 0 15 0 47 0 0 0 36 0 0 30 -14 0 13 0 -42 -25 12 0 0 -1 -4 25 3 -31 4 0 -2 -47 -26 0 33 0 -6 -42 0 -7 0 -21 0 0 0 -41 0 -8 -42 -21 0 
0 -45 0 0 25 0 0 -39 14 0 -21 12 -19 0 -3 0 0 0 0 -17 -47 -31 0 0 0 0 0 0 -10 40 0 0 20 27 31 43 0 0 0 -17 0 0 0 -43 -20 5 0 0 30 27 0 46 -37 -23 17 0 13 0 0 17 49 0 38 11 0 -49 0 22 -29 0 0 0 0 0 0 34 -20 0 -40 0 0 0 -19 0 0 0 0 47 0 19 -26 9 17 0 0 0 -26 -31 -21 0 
0 0 22 -43 -20 0 -30 0 0 0 0 0 0 -38 0 47 0 0 0 0 0 0 0 0 10 0 0 33 0 0 0 -47 -14 0 0 0 0 0 -7 -28 0 23 0 0 0 0 0 0 0 0 -9 0 0 0 24 0 11 -14 2 27 -8 -17 0 -45 -22 0 7 -38 0 -8 0 0 -18 0 0 0 -36 19 0 -19 -32 -21 0 -28 -21 0 -7 0 28 0 0 -38 0 0 0 47 35 -37 0 0 
0 0 -23 0 28 -19 -39 0 5 -44 20 0 -41 36 0 -47 -13 -43 0 -49 -48 0 0 0 0 29 -37 0 0 42 18 0 0 3 32 -10 0 0 46 42 -4 -10 41 2 43 0 -2 0 0 0 0 9 0 18 -5 0 28 0 -23 0 49 24 46 -30 -34 -16 0 -14 0 0 0 -39 0 -7 0 38 7 0 0 29 0 -45 -40 0 2 -20 0 19 0 -9 40 0 -11 -45 0 -1 0 0 0 -31 
0 0 0 0 0 0 -24 0 0 0 29 0 0 0 -26 0 0 0 0 -30 0 2 -14 0 0 0 -23 -13 0 0 26 0 0 0 0 12 -12 0 0 0 28 22 17 0 0 0 -46 0 0 32 0 -30 0 0 31 0 18 47 -47 27 0 -1 0 0 8 -42 0 5 0 31 7 -10 0 0 0 36 0 -17 -25 -19 -18 21 0 -20 0 33 -21 -26 0 40 17 -6 0 -42 38 -5 0 0 0 -38 
-3 48 0 0 0 -29 -39 0 0 0 0 48 0 0 12 15 0 0 0 -4 0 -11 -19 7 -25 0 0 0 37 -34 0 13 0 29 -21 42 40 0 36 0 0 0 0 44 -14 0 0 0 -32 -26 0 0 23 11 0 11 0 0 46 0 -44 36 22 17 -36 0 0 -25 34 0 0 0 -3 0 49 13 0 0 25 38 0 0 0 0 -45 0 0 9 -38 0 -6 42 26 -8 0 -30 0 0 0 0 
0 1 0 0 0 0 -46 3 -35 0 -4 48 5 0 0 0 0 0 0 0 0 -18 -31 -46 -43 0 0 -27 -24 0 0 -11 0 0 0 0 -16 0 2 -23 9 0 -3 0 -18 0 0 38 0 22 0 0 0 -27 -7 0 0 -39 27 -32 39 0 0 29 -12 0 -8 0 0 -1 0 -32 0 26 -42 0 -12 0 41 0 -7 0 0 -7 -18 0 0 17 0 -11 0 26 31 -41 0 -16 -23 0 0 0 
38 22 30 18 0 0 -18 0 0 0 -49 -14 4 0 0 -22 0 0 0 0 0 -11 0 35 0 0 0 46 -33 0 -2 0 33 22 -31 6 0 0 22 0 0 0 40 0 -17 0 0 28 0 -49 -24 14 31 1 -37 0 27 41 -26 3 25 0 0 -31 -38 0 0 0 0 4 0 -1 0 -2 17 23 0 0 0 -37 0 33 0 -4 0 -13 0 0 0 -45 -42 -8 -41 0 0 -44 0 -43 -5 -9 
18 -48 0 -4 0 -2 -28 22 0 -27 0 0 -6 -41 -15 0 0 0 0 24 -6 11 0 0 -36 -17 -13 -35 0 0 49 0 0 -48 0 -15 0 -23 -3 -21 -9 0 0 15 0 0 0 0 -47 0 -23 6 -22 0 0 0 17 0 0 0 -37 -29 0 24 0 9 -45 -10 -13 -17 8 0 36 0 22 0 -32 28 0 0 0 -5 0 0 -2 -18 -41 0 0 0 38 0 0 0 4 5 0 43 11 0 
0 -14 0 30 0 -22 0 10 0 27 0 0 -34 0 0 0 0 25 -15 0 0 0 5 -43 25 0 21 0 -29 0 -18 -22 49 37 35 40 0 16 0 0 0 40 0 -3 0 0 0 -28 -21 -8 -18 -21 0 -10 0 0 0 41 -2 0 -14 43 38 -30 0 41 0 0 0 43 0 26 -15 22 0 47 -30 0 0 -18 45 0 43 0 0 31 0 0 47 -1 -5 -30 -16 -44 5 0 0 0 0 -38 
0 7 3 0 0 0 0 0 46 0 0 0 -4 -6 -1 -29 44 0 -21 -28 0 0 -2 0 22 16 -48 0 -36 0 -30 0 0 19 48 0 -20 0 0 17 0 0 31 44 0 -10 11 0 0 0 0 0 -29 0 37 -16 0 -23 0 0 -30 45 -21 0 23 19 0 0 21 0 0 46 0 9 -8 39 0 -46 0 14 7 0 -13 0 -27 0 -8 -26 35 0 0 0 -23 0 0 0 0 16 -33 0 
0 0 0 0 0 0 29 0 0 31 44 0 0 11 0 37 0 0 8 14 0 0 -40 0 0 0 49 0 33 6 -22 0 0 0 1 0 10 -19 -48 0 -9 0 -26 -23 0 0 10 0 0 -21 0 13 0 0 0 0 -13 -46 -32 0 44 0 0 0 0 0 39 0 -20 38 0 0 0 0 -32 0 -49 4 0 0 0 -17 45 0 26 -46 -42 -31 -37 0 0 0 0 -43 43 0 16 49 4 -36 
8 1 0 -5 -43 0 -31 0 -25 43 -10 -21 0 0 0 0 0 42 -19 27 0 0 0 0 40 0 0 0 0 0 -7 -39 0 0 33 36 -33 22 0 0 0 0 -32 29 0 -19 0 0 0 0 0 0 -28 -33 0 0 -45 0 0 0 45 21 25 0 0 0 18 36 0 -13 -39 0 45 -35 48 0 0 3 45 0 16 0 4 48 0 0 -21 -21 0 0 0 0 0 -5 11 0 -33 4 -35 0 
-9 -12 0 0 0 4 0 0 9 48 0 -28 -21 40 0 0 0 0 37 0 0 -12 0 0 0 0 32 -8 0 0 5 -26 -35 0 0 13 0 0 0 0 -1 -10 0 1 -32 0 0 -25 25 10 -13 0 -16 0 -32 0 0 0 0 -45 -4 -14 1 0 45 0 -14 28 -26 0 0 44 -49 9 0 0 -6 8 0 0 0 0 0 13 -28 0 0 0 0 -31 -38 0 0 -9 0 -38 0 -36 0 -25 
