100
0 0 -11 0 0 -27 0 0 0 -49 0 0 0 0 0 0 0 -41 0 0 -13 0 0 0 0 27 0 0 0 0 10 0 0 0 0 0 0 0 0 0 0 0 0 0 -36 0 0 0 0 0 0 0 17 0 -49 0 0 0 35 -34 0 0 0 0 0 0 0 0 0 0 0 0 0 -5 48 0 -38 0 0 46 0 0 0 -35 0 0 0 4 38 0 0 -32 0 25 0 0 -18 0 0 0 
0 -20 6 0 0 0 0 -45 0 0 0 0 0 0 0 0 0 0 -28 0 0 42 0 0 0 0 -49 -6 1 0 0 0 0 0 0 -16 0 -41 0 0 0 0 0 0 0 0 0 -41 0 0 0 23 0 -41 -7 0 -41 0 0 0 1 0 0 0 3 -12 0 1 0 0 0 43 0 0 0 0 23 0 0 0 0 0 0 -25 18 0 0 0 0 0 -10 0 46 -41 0 0 0 0 21 0 
-20 0 0 0 -20 0 0 0 0 5 0 0 0 0 0 -6 0 0 0 0 0 0 0 0 0 0 0 0 0 0 0 -48 0 0 0 0 0 0 0 0 0 0 0 -41 0 0 0 0 -3 0 38 0 0 0 0 0 0 0 0 0 -9 0 0 0 0 0 0 0 0 12 0 0 0 0 0 17 0 0 22 -8 0 -16 0 36 0 0 0 0 0 0 0 0 0 -1 18 0 0 0 0 32 
6 0 32 0 0 36 0 -45 0 0 0 0 0 0 -32 0 0 0 0 0 0 0 0 0 0 0 0 0 -30 0 0 0 -33 0 0 0 0 0 0 0 0 0 0 7 0 0 -41 0 0 0 0 0 0 0 0 0 0 0 0 0 -27 0 0 0 25 0 0 0 -31 0 34 0 -18 0 0 0 16 -43 0 28 -8 0 0 0 0 0 0 0 0 0 1 0 0 0 -48 -14 7 0 1 0 
0 0 0 0 0 0 0 0 0 -43 0 0 0 0 0 5 36 0 41 41 0 0 0 0 0 0 0 0 0 -25 0 0 0 9 14 0 0 13 0 0 0 0 -21 35 0 -8 0 0 0 0 34 -16 0 42 8 0 0 0 0 0 -35 0 0 0 0 0 0 0 0 0 0 0 0 0 25 -42 0 0 5 0 0 0 33 0 0 0 -31 0 18 0 -25 0 -7 -47 -45 0 0 0 0 0 
0 -20 0 0 0 0 0 0 -13 0 39 19 0 0 0 0 0 0 0 0 0 0 0 -28 0 0 0 0 -38 3 0 0 0 0 0 0 0 0 0 -45 0 0 0 0 0 0 0 4 0 20 43 0 0 0 0 0 0 12 -7 -49 0 0 0 0 0 0 0 0 0 -41 0 -44 0 0 0 0 0 0 0 0 0 0 0 -18 0 0 -2 0 39 0 0 0 0 45 0 0 0 0 41 0 
0 0 36 0 0 0 -28 0 42 0 0 0 0 0 0 0 -46 0 0 0 0 0 0 0 0 -6 0 0 0 0 0 0 0 0 0 -25 -36 39 0 0 0 0 0 47 0 -43 0 0 0 0 0 0 25 -4 0 0 0 -5 0 0 0 -21 0 10 3 -37 0 0 0 0 0 0 0 5 0 0 0 0 -29 0 -17 0 -27 0 0 0 0 35 0 0 0 0 0 0 0 0 1 0 45 0 
0 0 0 0 0 -28 0 0 0 0 0 0 -2 35 0 0 0 -27 0 -8 4 0 0 0 0 0 0 -15 0 0 -7 -49 0 0 0 -43 0 0 0 0 0 43 0 -47 0 0 0 0 34 -43 0 0 0 -5 0 -18 0 0 0 0 0 44 0 0 9 0 8 0 25 0 0 0 0 0 0 0 0 0 0 0 0 0 0 -43 0 0 0 0 0 0 0 0 0 0 17 0 0 0 -6 0 
-45 0 -45 0 0 0 0 -49 0 0 0 0 0 0 0 34 47 0 0 0 0 0 0 0 0 0 -9 0 0 0 0 -1 -25 11 0 0 -37 0 0 0 0 0 0 0 20 -31 0 0 0 -40 0 -24 0 0 0 0 0 0 -31 0 25 0 0 0 -13 1 0 0 0 0 0 0 -19 0 0 0 -42 -23 -8 0 3 -16 20 -19 0 0 0 0 0 0 0 0 0 0 0 0 0 -16 0 0 
0 0 0 0 -13 42 0 0 0 0 0 0 0 0 -29 0 0 0 0 0 -22 0 0 0 0 0 0 33 -1 0 0 35 0 0 0 0 0 0 0 0 0 0 0 0 19 0 -41 0 0 0 -14 0 0 0 0 3 26 25 19 0 0 0 0 0 0 17 0 0 0 0 0 0 0 0 0 -49 0 48 0 -27 0 0 0 0 0 0 12 0 -20 0 0 -24 0 0 0 0 0 0 0 0 
0 5 0 -43 0 0 0 0 0 0 0 0 0 0 2 0 0 -4 -15 0 0 0 24 0 0 0 9 0 0 0 0 -45 0 0 22 0 1 0 0 0 0 0 47 0 0 0 0 0 0 0 0 0 0 -39 -46 0 2 0 0 0 0 0 0 -13 0 0 -2 0 0 0 0 -25 14 -10 0 0 0 0 0 0 0 -47 12 -40 0 0 47 0 24 40 0 33 0 35 0 0 25 -37 0 0 
0 0 0 0 39 0 0 0 0 0 34 33 0 0 35 5 40 0 0 0 0 0 -17 0 0 0 -38 -24 0 0 0 0 28 -24 0 0 0 0 0 0 0 9 0 0 5 -46 0 0 0 0 0 -35 0 0 0 0 0 0 0 0 -40 0 0 0 0 0 0 -43 0 0 -46 0 0 0 -39 0 0 0 0 0 0 -43 0 0 10 0 0 0 0 0 0 0 47 -46 0 0 -9 0 0 0 
0 0 0 0 19 0 0 0 0 0 33 35 0 0 0 0 0 0 0 0 0 -41 12 0 0 0 29 17 0 -7 0 0 0 -4 0 0 35 0 0 0 -36 0 0 34 -49 0 0 0 0 9 -7 0 0 0 -41 0 -14 0 0 -46 -30 0 -7 0 0 0 4 -11 0 -7 0 0 20 0 -23 -26 0 0 0 0 0 0 0 0 0 0 0 0 0 0 0 0 0 0 0 0 0 0 0 0 
0 0 0 0 0 0 -2 0 0 0 0 0 12 9 0 0 0 0 0 14 0 0 0 0 0 0 -35 0 0 0 46 0 -25 9 0 -22 0 0 0 0 0 0 0 0 1 0 0 0 -46 0 27 0 0 -44 0 0 0 0 0 0 -44 15 0 -14 0 0 0 0 0 -39 0 0 0 0 0 0 -14 0 0 0 0 0 28 0 35 0 0 0 -41 0 0 0 0 0 0 0 0 0 0 0 
0 0 0 0 0 0 35 0 0 0 0 0 9 0 0 -34 0 0 -48 0 0 -5 0 0 0 26 0 32 8 0 0 0 0 0 0 0 0 0 0 0 0 0 0 0 0 -47 0 0 0 0 0 0 0 0 0 0 0 0 0 27 0 0 0 0 43 0 0 0 0 -39 46 0 37 0 0 0 0 0 0 0 0 0 0 0 0 0 0 0 0 0 -46 0 0 0 0 0 0 0 0 0 
0 0 -32 0 0 0 0 0 -29 2 35 0 0 0 0 0 0 8 0 -34 0 -12 0 0 0 38 0 0 0 0 0 0 34 0 47 0 0 0 0 -45 0 0 0 0 0 0 0 0 0 -13 0 -23 0 0 0 0 0 36 -32 0 0 0 0 15 0 -1 0 0 0 0 0 -11 0 0 0 0 0 0 0 0 0 0 0 10 0 0 16 0 0 9 0 0 0 0 0 0 29 0 0 0 
0 -6 0 5 0 0 0 34 0 0 5 0 0 -34 0 0 -49 0 0 0 0 0 0 -10 0 0 2 0 0 46 0 0 0 -41 0 0 0 0 0 -5 0 0 23 0 37 0 0 0 0 0 0 0 0 0 0 0 0 7 0 0 0 -27 -45 28 0 0 0 0 -43 0 -20 0 11 0 0 0 0 11 0 0 0 0 0 0 0 0 0 0 12 0 0 0 26 -16 0 -40 -17 0 0 0 
0 0 0 36 0 -46 0 47 0 0 40 0 0 0 0 -49 0 -9 0 -30 0 0 0 9 47 0 0 45 0 0 0 0 0 0 0 0 22 0 0 0 0 0 0 0 0 0 0 0 49 0 0 -14 0 0 0 0 -21 -28 -37 0 21 0 0 0 0 0 -41 -39 0 0 0 -4 0 0 0 0 0 -8 0 0 -18 -32 0 0 0 0 0 11 0 14 0 0 0 0 -23 0 44 0 0 0 
0 0 0 0 0 0 -27 0 0 -4 0 0 0 0 8 0 -9 21 0 -23 0 -21 -30 0 0 24 0 0 0 0 43 0 0 0 -24 0 0 0 0 0 -15 3 0 8 33 -6 -16 0 0 0 0 0 0 0 0 0 0 -35 0 0 -2 0 0 44 0 0 0 0 0 0 0 0 -19 0 -41 0 0 0 0 0 0 0 0 0 0 0 -34 -4 0 0 -21 0 0 0 0 0 0 0 0 0 
-28 0 0 41 0 0 0 0 0 -15 0 0 0 -48 0 0 0 0 0 0 0 0 0 -30 0 0 0 0 0 0 0 0 -2 0 0 -12 0 0 0 0 0 0 0 0 0 0 0 0 0 0 0 -27 25 0 0 0 0 0 0 0 30 0 30 -21 0 0 0 0 0 0 0 0 0 0 0 0 0 37 0 7 0 0 0 0 0 0 0 0 0 0 0 0 -15 2 0 -27 0 0 0 0 
0 0 0 41 0 0 -8 0 0 0 0 0 14 0 -34 0 -30 -23 0 0 -12 0 0 0 0 -5 0 -43 0 0 0 -25 0 -38 36 0 0 0 0 -41 0 -6 11 0 40 29 -6 0 0 0 0 -17 0 0 0 0 0 0 0 0 0 0 37 0 0 0 0 0 0 8 48 -31 0 46 0 0 0 0 0 0 -9 0 0 26 0 0 0 0 0 0 0 0 0 0 0 0 28 0 0 27 
0 0 0 0 0 0 4 0 -22 0 0 0 0 0 0 0 0 0 0 -12 0 -44 0 0 0 0 0 -5 0 0 0 0 0 0 0 -37 0 0 0 0 0 0 0 0 0 0 0 0 21 0 48 -36 0 0 37 0 0 0 0 -40 0 0 -27 0 0 0 0 0 0 0 0 0 0 -26 0 20 48 0 0 28 0 8 0 0 0 0 15 0 0 0 0 0 0 0 0 -41 0 0 -39 0 
42 0 0 0 0 0 0 0 0 0 0 -41 0 -5 -12 0 0 -21 0 0 -44 0 0 28 0 0 0 0 0 0 0 0 0 -36 11 0 0 0 14 0 0 0 0 0 36 -17 0 0 0 0 0 0 0 0 0 0 0 0 -13 0 0 31 0 0 0 0 0 -31 48 0 0 0 0 0 0 0 39 0 0 0 0 9 0 0 34 0 0 0 8 0 0 0 0 0 0 0 0 0 0 0 
0 0 0 0 0 0 0 0 0 24 -17 12 0 0 0 0 0 -30 0 0 0 0 0 -12 0 47 0 -14 15 0 -22 0 0 -29 37 0 0 0 0 30 0 0 0 0 0 0 -29 0 0 0 13 0 8 0 0 43 0 0 12 0 -48 -12 0 0 0 -16 0 36 0 21 0 0 0 0 39 0 0 0 0 0 -42 0 0 -8 26 0 0 0 0 0 0 0 11 -25 13 0 0 -3 3 0 
0 0 0 0 -28 0 0 0 0 0 0 0 0 0 0 -10 9 0 -30 0 0 28 -12 4 0 0 0 30 0 0 0 -23 0 0 0 0 0 0 0 0 0 0 0 0 0 0 0 0 0 0 0 21 1 0 0 -13 0 0 0 0 0 0 0 0 29 0 0 -11 -12 0 11 0 0 -5 0 0 35 0 0 -36 -2 0 3 0 0 0 0 0 0 0 0 0 0 0 31 0 0 0 0 0 
0 0 0 0 0 0 0 0 0 0 0 0 0 0 0 0 47 0 0 0 0 0 0 0 13 0 0 0 8 -14 0 0 0 0 0 -31 0 0 0 37 0 0 22 36 0 0 0 0 0 0 0 0 0 0 0 0 -18 0 0 0 0 0 0 0 37 9 -45 0 0 0 0 0 0 0 0 0 0 0 0 0 0 0 0 0 0 0 0 42 0 0 0 0 0 48 -5 0 49 0 3 0 
0 0 0 0 0 -6 0 0 0 0 0 0 0 26 38 0 0 24 0 -5 0 0 47 0 0 0 0 0 0 -23 0 0 0 0 0 0 0 0 0 0 0 -36 0 0 0 0 0 -11 16 0 31 0 0 -15 0 0 12 0 0 0 0 0 45 0 7 0 0 -44 0 0 0 -45 10 0 0 0 -11 45 0 0 -42 49 34 0 16 0 -10 23 -21 0 0 -9 0 -42 0 0 0 0 0 0 
-49 0 0 0 0 0 0 -9 0 9 -38 29 -35 0 0 2 0 0 0 0 0 0 0 0 0 0 0 0 0 0 0 0 0 -15 0 -21 0 0 0 0 0 37 -48 -11 8 0 0 19 0 0 0 0 0 0 0 0 0 24 0 0 0 0 0 0 0 -29 -41 0 49 0 0 16 0 37 0 0 0 -3 0 12 0 0 0 10 0 0 0 0 0 0 0 0 0 0 -22 0 -22 0 0 0 
-6 0 0 0 0 0 -15 0 33 0 -24 17 0 32 0 0 45 0 0 -43 -5 0 -14 30 0 0 0 0 0 0 0 0 0 0 0 0 44 0 0 0 0 0 0 -44 -16 0 0 0 -31 0 0 0 0 0 0 0 0 0 0 1 -5 0 0 0 0 0 27 0 0 0 0 0 0 -13 0 0 0 0 0 0 8 0 0 0 0 0 0 -38 0 0 0 0 -6 0 -15 -10 0 -16 0 0 
1 0 -30 0 -38 0 0 0 -1 0 0 0 0 8 0 0 0 0 0 0 0 0 15 0 8 0 0 0 0 0 0 12 -2 0 -21 0 0 41 0 0 31 0 -2 -33 0 0 0 0 0 -1 0 0 0 0 0 44 0 0 0 0 -8 0 14 0 0 -2 0 0 10 0 0 0 -34 0 0 0 0 0 -42 -2 0 0 0 0 0 0 0 0 0 0 0 0 18 0 0 0 -6 0 0 0 
0 0 0 -25 3 0 0 0 0 0 0 -7 0 0 0 46 0 0 0 0 0 0 0 0 -14 -23 0 0 0 0 0 -28 0 0 0 0 0 0 0 0 0 0 0 0 0 -28 -5 -16 0 -4 0 0 0 0 0 0 26 0 44 0 0 0 36 0 0 -6 -25 0 0 0 0 0 0 28 0 0 0 0 0 0 0 0 0 0 0 0 0 0 0 0 0 0 0 0 0 0 0 -12 0 0 
0 0 0 0 0 0 -7 0 0 0 0 0 46 0 0 0 0 43 0 0 0 0 -22 0 0 0 0 0 0 0 0 8 0 0 0 0 0 0 0 0 0 -47 0 0 0 0 0 0 0 0 0 7 0 41 2 -11 0 24 0 0 0 0 0 0 0 0 0 0 0 -49 -6 -12 45 0 0 0 0 -42 0 0 37 0 0 0 0 0 -19 0 47 0 0 0 0 0 0 -34 0 0 0 0 
0 -48 0 0 0 0 -49 -1 35 -45 0 0 0 0 0 0 0 0 0 -25 0 0 0 -23 0 0 0 0 12 -28 8 0 0 31 0 41 0 0 0 0 0 0 0 -6 0 0 0 0 37 0 0 46 0 -4 0 0 0 0 0 0 20 0 0 0 0 -35 0 0 0 0 42 0 0 0 0 0 9 0 28 0 45 0 0 0 0 0 0 -34 0 0 0 0 0 0 0 0 -19 -31 0 0 
0 0 -33 0 0 0 0 -25 0 0 28 0 -25 0 34 0 0 0 -2 0 0 0 0 0 0 0 0 0 -2 0 0 0 0 0 0 0 14 8 0 0 -3 0 0 0 30 0 41 0 11 0 14 30 39 49 -19 -3 0 0 -19 0 0 -42 0 0 0 0 0 0 0 0 0 0 6 0 0 0 0 45 0 0 0 0 0 0 0 22 0 36 0 -15 11 17 0 -33 -30 0 13 0 0 -15 
0 0 0 9 0 0 0 11 0 0 -24 -4 9 0 0 -41 0 0 0 -38 0 -36 -29 0 0 0 -15 0 0 0 0 31 0 23 0 0 0 0 -1 0 0 -33 0 0 0 0 0 0 7 0 2 -17 0 -16 0 0 0 49 -33 0 -11 0 0 0 0 0 -6 -9 0 40 -8 0 0 43 0 41 0 0 25 0 30 -39 0 2 44 3 10 -18 0 0 0 0 -28 0 0 0 0 0 0 0 
0 0 0 14 0 0 0 0 0 22 0 0 0 0 47 0 0 -24 0 36 0 11 37 0 0 0 0 0 -21 0 0 0 0 0 0 0 0 0 0 0 0 0 0 0 0 0 0 0 -32 0 18 -46 0 -39 0 0 0 0 0 7 0 35 0 10 0 0 0 0 0 0 0 0 0 -36 0 0 0 22 0 0 0 0 0 0 0 0 0 0 -47 0 -48 0 15 0 0 0 0 0 48 44 
-16 0 0 0 0 -25 -43 0 0 0 0 0 -22 0 0 0 0 0 -12 0 -37 0 0 0 -31 0 -21 0 0 0 0 41 0 0 0 0 -12 -12 0 0 -14 0 0 -36 0 45 0 0 0 0 6 -9 0 0 0 0 0 29 0 0 0 25 0 -21 18 0 0 0 0 0 0 44 0 0 0 0 0 0 0 0 0 25 0 0 0 0 0 0 0 0 0 0 39 0 0 0 0 0 0 0 
0 0 0 0 0 -36 0 -37 0 1 0 35 0 0 0 0 22 0 0 0 0 0 0 0 0 0 0 44 0 0 0 0 14 0 0 -12 0 0 29 0 0 0 0 0 0 -27 0 0 0 0 0 0 0 5 0 0 -19 0 0 0 0 0 0 0 0 0 0 -12 0 0 0 0 -21 -36 -43 0 0 0 0 0 46 0 0 0 0 2 0 0 -24 0 0 0 0 0 0 0 -46 0 0 0 
-41 0 0 13 0 39 0 0 0 0 0 0 0 0 0 0 0 0 0 0 0 0 0 0 0 0 0 0 41 0 0 0 8 0 0 -12 0 0 0 0 0 28 0 0 0 -47 0 -36 49 0 0 0 0 0 0 0 0 0 0 0 0 0 0 0 0 -49 0 0 0 0 0 0 0 -42 0 0 -13 21 0 0 0 49 0 0 0 0 0 0 6 0 0 0 0 0 0 0 0 0 0 0 
0 0 0 0 0 0 0 0 0 0 0 0 0 0 0 0 0 0 0 0 0 14 0 0 0 0 0 0 0 0 0 0 0 -1 0 0 29 0 0 0 0 0 32 0 0 0 0 0 0 0 0 -29 0 0 -36 0 0 -14 0 -48 0 0 0 0 0 0 0 0 0 0 34 31 -37 23 0 0 0 0 0 25 0 0 0 -48 0 0 0 0 0 0 0 0 0 0 0 0 0 0 0 -40 
0 0 0 0 -45 0 0 0 0 0 0 0 0 0 -45 -5 0 0 0 -41 0 0 30 0 37 0 0 0 0 0 0 0 0 0 0 0 0 0 0 0 13 38 0 0 0 0 0 -15 0 0 -21 0 0 0 33 0 -13 0 -27 0 2 0 0 0 0 0 0 -8 -43 0 0 0 0 41 0 0 0 0 1 0 0 -1 0 0 0 0 -48 0 0 0 0 -32 14 -47 0 0 -38 0 0 0 
0 0 0 0 0 0 0 0 0 0 0 -36 0 0 0 0 0 -15 0 0 0 0 0 0 0 0 0 0 31 0 0 0 -3 0 0 -14 0 0 0 13 -35 -2 0 0 0 0 0 0 0 0 0 44 0 0 0 0 0 0 46 0 0 0 -48 -29 0 -16 0 0 -31 0 0 0 0 0 -23 -21 22 7 0 0 0 0 0 0 0 0 0 -10 0 0 0 0 0 0 -24 0 0 0 0 -29 
0 0 0 0 0 0 43 0 0 0 9 0 0 0 0 0 0 3 0 -6 0 0 0 0 0 -36 37 0 0 0 -47 0 0 -33 0 0 0 28 0 38 -2 -36 33 0 0 -26 0 -45 0 0 0 17 0 0 0 0 0 0 42 0 0 0 0 6 0 0 0 0 0 0 0 0 0 0 14 29 0 0 0 0 0 27 0 0 0 0 -43 0 -37 0 0 8 0 0 35 0 0 1 0 0 
0 0 0 -21 0 0 0 0 0 47 0 0 0 0 0 23 0 0 0 11 0 0 0 0 22 0 -48 0 -2 0 0 0 0 0 0 0 0 0 32 0 0 33 0 0 0 0 0 0 -46 0 4 0 0 15 -12 0 0 0 0 -8 0 -19 0 25 0 40 0 42 0 -34 0 0 0 0 0 0 0 0 0 0 0 0 0 0 30 -24 -16 0 0 0 18 0 0 0 24 -8 0 0 0 0 
0 -41 7 35 0 47 -47 0 0 0 0 34 0 0 0 0 0 8 0 0 0 0 0 0 36 0 -11 -44 -33 0 0 -6 0 0 0 -36 0 0 0 0 0 0 0 0 0 0 0 0 0 0 0 0 7 0 0 0 0 0 0 0 0 0 0 0 0 0 0 0 0 0 0 0 0 0 0 0 0 0 32 -39 0 0 0 0 0 -41 5 0 0 3 0 0 27 0 0 28 0 0 -33 -48 
0 0 0 0 0 0 0 20 19 0 5 -49 1 0 0 37 0 33 0 40 0 36 0 0 0 0 8 -16 0 0 0 0 30 0 0 0 0 0 0 0 0 0 0 0 0 0 18 26 0 0 -2 49 0 0 0 -30 -22 -7 5 0 0 0 0 -23 22 0 0 0 0 0 0 0 0 0 -28 -2 0 0 36 0 0 0 0 0 0 14 48 0 0 0 0 0 0 0 -19 0 0 0 0 0 
0 0 0 -8 0 -43 0 -31 0 0 -46 0 0 -47 0 0 0 -6 0 29 0 -17 0 0 0 0 0 0 0 -28 0 0 0 0 0 45 -27 -47 0 0 0 -26 0 0 0 -8 0 38 0 34 2 0 41 0 -15 0 21 0 0 0 17 0 0 0 0 35 0 17 29 21 0 39 0 -47 0 0 13 -11 0 0 -22 0 0 0 -20 0 0 0 0 0 0 0 0 0 0 0 35 49 12 0 
0 0 -41 0 0 0 0 0 -41 0 0 0 0 0 0 0 0 -16 0 -6 0 0 -29 0 0 0 0 0 0 -5 0 0 41 0 0 0 0 0 0 0 0 0 0 0 18 0 0 0 0 0 -8 0 0 0 0 0 0 8 0 0 28 -14 0 0 0 0 0 -30 0 0 15 0 32 40 48 0 0 7 0 0 0 0 0 2 0 0 0 27 -30 0 0 0 0 0 0 0 0 0 0 0 
-41 0 0 0 4 0 0 0 0 0 0 0 0 0 0 0 0 0 0 0 0 0 0 0 0 -11 19 0 0 -16 0 0 0 0 0 0 0 -36 0 -15 0 -45 0 0 26 38 0 0 0 0 -6 0 -27 0 0 0 0 0 0 0 0 0 0 0 33 0 0 20 0 0 0 0 0 0 0 33 0 0 -43 0 0 0 -36 0 0 0 0 0 0 0 0 0 24 0 0 0 32 0 0 0 
0 -3 0 0 0 0 34 0 0 0 0 0 -46 0 0 0 49 0 0 0 21 0 0 0 0 16 0 -31 0 0 0 37 11 7 -32 0 0 49 0 0 0 0 -46 0 0 0 0 0 0 0 0 0 0 0 -24 0 0 0 0 0 26 0 0 49 0 0 0 0 0 0 48 0 0 0 0 13 0 20 -14 0 0 -14 16 0 0 -32 0 0 0 -26 0 -19 0 0 23 39 0 0 0 6 
0 0 0 0 20 0 -43 -40 0 0 0 9 0 0 -13 0 0 0 0 0 0 0 0 0 0 0 0 0 -1 -4 0 0 0 0 0 0 0 0 0 0 0 0 0 0 0 34 0 0 0 27 0 3 0 29 0 0 0 0 -48 0 -10 0 0 0 0 0 0 0 26 0 0 0 0 -30 0 -13 0 0 -29 0 0 -45 0 0 0 32 -24 0 0 0 0 0 37 0 1 0 0 0 -27 0 
0 38 0 34 43 0 0 0 -14 0 0 -7 27 0 0 0 0 0 0 0 48 0 13 0 0 31 0 0 0 0 0 0 14 2 18 6 0 0 0 -21 0 0 4 0 -2 2 -8 -6 0 0 0 7 0 0 28 0 0 0 0 0 0 -37 27 0 0 0 0 0 0 47 3 0 0 0 0 0 0 0 -15 0 0 0 -2 30 0 0 0 0 -39 0 8 -21 0 -31 0 35 48 1 0 -18 
23 0 0 -16 0 0 0 -24 0 0 -35 0 0 0 -23 0 -14 0 -27 -17 -36 0 0 21 0 0 0 0 0 0 7 46 30 -17 -46 -9 0 0 -29 0 44 17 0 0 49 0 0 0 0 3 7 0 0 0 0 0 0 0 31 4 31 0 0 0 0 32 0 0 0 0 0 0 0 0 0 0 0 0 0 0 0 0 19 47 -5 47 0 0 0 0 0 34 0 0 0 0 0 0 49 21 
0 0 0 0 0 25 0 0 0 0 0 0 0 0 0 0 0 0 25 0 0 0 8 1 0 0 0 0 0 0 0 0 39 0 0 0 0 0 0 0 0 0 0 7 0 41 0 -27 0 0 0 0 0 0 -16 0 0 0 0 0 0 33 19 0 0 0 -23 0 0 21 -24 43 0 -10 12 0 36 0 0 0 -15 0 14 0 0 10 0 30 0 0 0 0 -30 0 0 0 0 0 15 0 
-41 0 0 42 0 -4 -5 0 0 -39 0 0 -44 0 0 0 0 0 0 0 0 0 0 0 0 -15 0 0 0 0 41 -4 49 -16 -39 0 5 0 0 0 0 0 15 0 0 0 0 0 0 29 0 0 0 0 0 0 12 0 -32 0 -22 -36 0 -38 0 0 0 0 7 0 17 0 0 0 0 0 0 0 -20 42 0 0 0 0 49 0 0 0 0 0 0 0 0 0 0 0 0 11 35 0 
-7 0 0 8 0 0 0 0 0 -46 0 -41 0 0 0 0 0 0 0 0 37 0 0 0 0 0 0 0 0 0 2 0 -19 0 0 0 0 0 -36 33 0 0 -12 0 0 -15 0 0 -24 0 28 0 -16 0 0 0 0 0 20 0 0 0 0 0 0 0 0 0 0 0 0 0 0 0 0 -20 0 0 0 -33 0 0 0 0 0 0 0 0 36 0 0 -4 0 0 0 0 13 0 -33 0 
0 0 0 0 0 0 -18 0 3 0 0 0 0 0 0 0 0 0 0 0 0 0 43 -13 0 0 0 0 44 0 -11 0 -3 0 0 0 0 0 0 0 0 0 0 0 -30 0 0 0 0 0 0 0 0 0 0 0 0 0 0 0 -36 0 0 38 2 0 0 0 0 0 0 -40 0 0 0 -16 -46 0 0 0 0 0 0 -38 0 32 0 -9 -41 0 0 0 0 0 -1 49 -18 0 0 0 
-41 0 0 0 0 0 0 0 26 2 0 -14 0 0 0 0 -21 0 0 0 0 0 0 0 -18 12 0 0 0 26 0 0 0 0 0 0 -19 0 0 -13 0 0 0 0 -22 21 0 0 0 0 0 0 0 12 0 0 0 0 0 0 0 0 0 0 0 0 0 0 0 0 0 0 0 -23 16 0 -19 22 0 43 0 0 9 42 18 0 0 0 -8 -24 0 -21 0 0 0 0 0 0 0 0 
0 0 0 0 12 -5 0 0 25 0 0 0 0 0 36 7 -28 -35 0 0 0 0 0 0 0 0 24 0 0 0 24 0 0 49 0 29 0 0 -14 0 0 0 0 0 -7 0 8 0 0 0 0 0 0 0 0 0 0 0 0 0 0 0 0 0 0 -17 0 0 0 0 0 2 0 8 0 43 -6 0 0 -15 0 0 39 0 0 0 -3 26 0 -28 0 0 0 0 39 0 0 0 -47 -30 
0 0 0 0 -7 0 0 -31 19 0 0 0 0 0 -32 0 -37 0 0 0 0 -13 12 0 0 0 0 0 0 44 0 0 -19 -33 0 0 0 0 0 -27 46 42 0 0 5 0 0 0 0 -48 0 31 0 -32 20 0 0 0 0 0 0 36 2 0 0 0 0 0 0 0 0 -48 0 0 0 -31 0 0 0 17 0 0 0 0 0 0 0 0 -27 0 0 0 0 0 0 -29 0 0 0 0 
0 0 0 0 -49 0 0 0 0 0 0 -46 0 27 0 0 0 0 0 0 -40 0 0 0 0 0 0 1 0 0 0 0 0 0 7 0 0 0 -48 0 0 0 -8 0 0 0 0 0 0 0 0 4 0 0 0 0 0 0 0 4 -16 0 -27 0 -25 0 0 0 0 0 -12 0 0 0 0 0 0 33 -10 -20 0 0 0 0 0 0 -41 0 15 -22 0 0 0 0 0 0 0 0 0 0 
1 -9 -27 -35 0 0 0 25 0 0 -40 -30 -44 0 0 0 21 -2 30 0 0 0 -48 0 0 0 0 -5 -8 0 0 20 0 -11 0 0 0 0 0 2 0 0 0 0 0 17 28 0 26 -10 0 31 0 -22 0 -36 0 0 0 -16 0 0 -23 0 -21 0 17 0 0 0 0 0 0 43 0 0 25 0 -35 0 42 34 0 0 0 0 0 26 0 -41 -34 0 -14 0 26 0 48 0 0 0 
0 0 0 0 0 -21 44 0 0 0 0 0 15 0 0 -27 0 0 0 0 0 31 -12 0 0 0 0 0 0 0 0 0 -42 0 35 25 0 0 0 0 0 0 -19 0 0 0 -14 0 0 0 -37 0 33 -36 0 0 0 0 36 0 0 12 0 0 1 -45 0 0 -8 -16 0 0 0 0 -41 -30 0 0 0 0 43 47 0 0 0 0 0 0 0 0 0 0 0 -18 0 0 0 -9 0 0 
0 0 0 0 0 0 0 0 0 0 0 -7 0 0 0 -45 0 0 30 37 -27 0 0 0 0 45 0 0 14 36 0 0 0 0 0 0 0 0 0 0 -48 0 0 0 0 0 0 0 0 0 27 0 19 0 0 0 0 0 2 -27 -23 0 0 0 0 0 0 0 0 0 0 46 0 0 -45 19 -37 0 -6 10 7 0 0 0 39 0 0 0 0 0 0 0 0 0 0 -37 0 -33 -9 26 
0 0 0 0 0 10 0 0 0 -13 0 0 -14 0 15 28 0 44 -21 0 0 0 0 0 0 0 0 0 0 0 0 0 0 0 10 -21 0 0 0 0 -29 6 25 0 -23 0 0 0 49 0 0 0 0 -38 0 38 0 0 0 0 0 0 0 0 0 0 37 0 0 0 0 0 -14 0 0 0 23 0 0 0 0 -42 0 0 0 0 -38 -27 0 -43 0 0 0 0 0 23 -10 0 0 -11 
3 0 25 0 0 3 9 -13 0 0 0 0 0 43 0 0 0 0 0 0 0 0 0 29 37 7 0 0 0 0 0 0 0 0 0 18 0 0 0 0 0 0 0 0 22 0 0 33 0 0 0 0 0 0 0 2 0 0 0 -25 -21 1 0 0 0 0 0 0 0 0 -15 0 0 0 0 0 0 0 0 0 0 0 0 0 0 0 0 0 0 0 0 0 0 -13 0 0 -31 0 0 0 
-12 0 0 0 0 -37 0 1 17 0 0 0 0 0 -1 0 0 0 0 0 0 0 -16 0 9 0 -29 0 -2 -6 0 -35 0 0 0 0 0 -49 0 0 -16 0 40 0 0 35 0 0 0 0 0 32 0 0 0 0 0 -17 0 0 0 -45 0 0 0 0 0 0 -33 0 0 -40 22 0 20 0 0 0 0 0 0 0 0 0 35 0 0 0 -34 8 0 0 0 0 -42 6 0 0 0 0 
0 0 0 0 0 0 8 0 0 -2 0 4 0 0 0 0 -41 0 0 0 0 0 0 0 -45 0 -41 27 0 -25 0 0 0 -6 0 0 0 0 0 0 0 0 0 0 0 0 0 0 0 0 0 0 -23 0 0 0 0 0 0 0 17 0 0 37 0 0 0 41 0 0 0 0 0 16 -38 0 0 -26 0 12 0 0 0 0 0 0 0 0 0 0 26 -40 -8 0 0 0 0 0 0 0 
1 0 0 0 0 0 0 0 0 0 -43 -11 0 0 0 0 -39 0 0 0 0 -31 36 -11 0 -44 0 0 0 0 0 0 0 -9 0 0 -12 0 0 -8 0 0 42 0 0 17 -30 20 0 0 0 0 0 0 0 0 0 0 0 0 0 0 0 0 0 0 41 0 0 0 -7 26 36 0 0 0 0 0 0 0 -47 4 26 0 0 0 0 0 27 0 0 0 -22 0 0 1 0 0 0 0 
0 0 -31 0 0 0 25 0 0 0 0 0 0 0 0 -43 0 0 0 0 0 48 0 -12 0 0 49 0 10 0 0 0 0 0 0 0 0 0 0 -43 -31 0 0 0 0 29 0 0 0 26 0 0 0 7 0 0 0 0 0 0 0 -8 0 0 0 -33 0 0 -1 0 -36 0 0 0 0 -48 0 0 19 -43 0 2 0 44 0 0 15 0 0 0 0 -23 29 0 0 0 0 0 0 46 
0 12 0 0 -41 0 0 0 0 0 0 -7 -39 -39 0 0 0 0 0 8 0 0 21 0 0 0 0 0 0 0 -49 0 0 40 0 0 0 0 0 0 0 0 -34 0 0 21 0 0 0 0 47 0 21 0 0 0 0 0 0 0 0 -16 0 0 0 0 0 0 0 0 0 0 -27 -45 0 33 28 -3 0 0 0 0 0 18 -12 0 0 0 0 0 0 0 17 -31 45 28 0 0 0 38 
0 0 34 0 0 0 0 0 0 0 -46 0 0 46 0 -20 0 0 0 48 0 0 0 11 0 0 0 0 0 0 -6 42 0 -8 0 0 0 0 34 0 0 0 0 0 0 0 15 0 48 0 3 0 -24 17 0 0 0 0 0 -12 0 0 0 0 -15 0 0 -7 -36 0 6 0 30 0 0 0 0 0 0 0 0 47 0 0 0 29 0 0 0 0 -4 0 0 0 43 0 0 28 0 0 
43 0 0 0 -44 0 0 0 0 -25 0 0 0 0 -11 0 -4 0 0 -31 0 0 0 0 0 -45 16 0 0 0 -12 0 0 0 0 44 0 0 31 0 0 0 0 0 0 39 0 0 0 0 0 0 43 0 0 -40 0 2 -48 0 0 0 46 0 0 -40 0 26 0 0 0 0 0 -44 0 0 0 -32 0 0 0 0 0 0 0 0 0 -30 0 0 37 0 0 0 0 0 0 0 13 0 
0 0 -18 0 0 0 0 -19 0 14 0 20 0 37 0 11 0 -19 0 0 0 0 0 0 0 10 0 0 -34 0 45 0 6 0 0 0 -21 0 -37 0 0 0 0 0 0 0 32 0 0 0 0 0 0 0 0 0 0 0 0 0 0 0 0 -14 0 22 0 36 0 -27 30 0 0 0 0 0 0 0 0 0 0 0 0 0 0 3 0 0 -32 0 0 7 0 0 0 0 0 0 0 0 
0 0 0 0 0 5 0 0 0 -10 0 0 0 0 0 0 0 0 0 46 -26 0 0 -5 0 0 37 -13 0 28 0 0 0 43 -36 0 -36 -42 23 41 0 0 0 0 0 -47 40 0 0 -30 0 0 -10 0 0 0 -23 8 0 0 43 0 0 0 0 0 16 0 0 -45 0 -44 0 0 11 0 0 0 -4 -7 0 0 0 0 0 5 0 0 0 0 0 0 0 0 0 48 0 0 -9 0 
0 0 0 25 0 0 0 0 0 0 -39 -23 0 0 0 0 0 -41 0 0 0 0 39 0 0 0 0 0 0 0 0 0 0 0 0 0 -43 0 0 0 -23 14 0 0 -28 0 48 0 0 0 0 0 12 0 0 0 16 0 0 0 0 -41 -45 0 0 20 -38 0 0 0 0 0 0 11 -45 0 0 0 0 0 0 0 -31 0 0 44 0 0 9 0 0 0 -24 19 0 0 0 -19 0 25 
0 17 0 -42 0 0 0 0 -49 0 0 -26 0 0 0 0 0 0 0 0 20 0 0 0 0 0 0 0 0 0 0 0 0 41 0 0 0 0 0 0 -21 29 0 0 -2 0 0 33 13 -13 0 0 0 0 -20 -16 0 43 -31 0 0 -30 19 0 0 0 0 0 -48 33 0 0 0 0 0 0 0 -15 -43 0 0 0 0 0 -48 0 0 6 0 0 -8 10 -41 0 0 0 0 0 0 0 
23 0 16 0 0 0 0 -42 0 0 0 0 -14 0 0 0 0 0 0 0 48 39 0 35 0 -11 0 0 0 0 0 9 0 0 0 0 0 -13 0 0 22 0 0 0 0 13 0 0 0 0 0 0 36 0 0 -46 -19 -6 0 0 25 0 -37 23 0 0 0 0 0 28 0 0 0 0 0 0 -2 0 0 0 0 0 0 0 0 0 0 0 10 0 0 0 -26 0 0 0 0 -35 0 0 
0 0 -43 0 0 0 0 -23 48 0 0 0 0 0 0 11 -8 0 37 0 0 0 0 0 0 45 -3 0 0 0 -42 0 45 0 22 0 0 21 0 0 7 0 0 0 0 -11 7 0 20 0 0 0 0 0 0 0 22 0 0 33 0 0 0 0 0 0 -26 0 0 -3 0 -32 0 0 0 -15 0 -20 0 0 -15 0 0 0 4 0 0 0 0 41 -3 0 -48 0 -19 0 0 0 0 0 
0 22 0 5 0 -29 0 -8 0 0 0 0 0 0 0 0 0 0 0 0 0 0 0 0 0 0 0 0 -42 0 0 28 0 25 0 0 0 0 0 1 0 0 0 32 36 0 0 -43 -14 -29 -15 0 0 -20 0 0 0 0 0 -10 -35 0 -6 0 0 0 0 0 19 0 0 0 0 -4 0 -43 0 0 0 0 0 0 26 0 0 0 0 0 0 0 0 0 0 0 0 0 -48 0 0 0 
0 -8 28 0 0 0 0 0 -27 0 0 0 0 0 0 0 0 0 7 0 28 0 0 -36 0 0 12 0 -2 0 0 0 0 0 0 0 0 0 25 0 0 0 0 -39 0 0 0 0 0 0 0 0 0 42 -33 0 43 -15 17 -20 0 0 10 0 0 0 12 0 -43 0 0 0 0 -7 0 0 0 0 0 0 0 0 43 0 0 0 0 0 0 0 0 0 0 28 0 0 12 0 0 -25 
0 0 -8 0 0 -17 0 3 0 0 0 0 0 0 0 0 -18 0 0 -9 0 0 -42 -2 0 -42 0 8 0 0 37 45 0 30 0 0 46 0 0 0 0 0 0 0 0 -22 0 0 0 0 0 0 -15 0 0 0 0 0 0 0 42 43 7 0 0 0 0 -47 0 0 0 0 0 0 0 0 0 -15 0 0 0 0 -44 0 0 0 0 0 -15 22 0 0 0 0 0 31 0 -13 0 8 
0 -16 0 0 0 0 0 -16 0 -47 -43 0 0 0 0 0 -32 0 0 0 8 9 0 0 0 49 0 0 0 0 0 0 0 -39 0 25 0 49 0 -1 0 27 0 0 0 0 0 0 -14 -45 0 0 0 0 0 0 0 0 0 0 34 47 0 -42 0 0 0 4 2 0 47 0 0 0 0 0 0 0 0 0 0 0 0 1 0 0 0 0 -48 0 0 23 0 0 0 -23 0 0 0 0 
0 0 0 33 0 -27 0 20 0 12 0 0 28 0 0 0 0 0 0 0 0 0 0 3 0 34 0 0 0 0 0 0 0 0 0 0 0 0 0 0 0 0 0 0 0 0 0 -36 16 0 -2 19 14 0 0 0 9 39 0 0 0 0 0 0 0 0 0 26 0 0 0 0 0 0 -31 0 0 0 26 43 -44 0 0 0 0 0 9 -22 0 0 0 0 -5 0 13 -5 30 0 0 0 
-25 36 0 0 -18 0 -43 -19 0 -40 0 0 0 0 10 0 0 0 0 26 0 0 -8 0 0 0 10 0 0 0 0 0 0 2 0 0 0 0 -48 0 0 0 0 0 0 0 2 0 0 0 30 47 0 0 0 -38 42 0 0 0 0 0 0 0 0 0 0 0 44 18 0 0 0 0 0 0 0 0 0 0 0 1 0 -32 0 0 0 0 0 0 -5 0 0 25 0 -38 -43 0 0 0 
18 0 0 0 0 0 0 0 0 0 10 0 35 0 0 0 0 0 0 0 0 34 26 0 0 16 0 0 0 0 0 0 0 44 0 0 0 0 0 0 0 0 30 0 0 -20 0 0 0 0 0 -5 0 49 0 0 18 0 0 0 0 0 39 0 0 35 0 0 0 -12 0 0 0 0 0 -48 0 4 0 0 0 0 0 0 33 0 47 0 0 0 3 0 44 -14 -25 -1 0 0 0 0 
0 0 0 0 0 0 0 0 0 0 0 0 0 0 0 0 0 0 0 0 0 0 0 0 0 0 0 0 0 0 0 0 22 3 0 0 2 0 0 0 0 0 -24 -41 14 0 0 0 -32 32 0 47 10 0 0 32 0 0 0 0 0 0 0 0 0 0 0 0 0 0 29 0 3 5 44 0 0 0 0 0 0 0 0 0 0 0 0 0 -47 0 0 0 26 0 0 0 21 0 0 0 
0 0 0 -31 -2 0 0 0 12 47 0 0 0 0 16 0 0 -34 0 0 15 0 0 0 0 -10 0 0 0 0 -19 0 0 10 0 0 0 0 0 -48 0 -43 -16 5 48 0 0 0 0 -24 0 0 0 0 0 0 0 -3 0 -41 0 0 0 -38 0 0 0 0 15 0 0 0 0 0 0 0 0 0 0 0 0 0 9 0 47 0 0 0 0 0 0 0 0 0 0 -2 0 -14 0 0 
0 0 0 0 0 35 0 0 0 0 0 0 0 0 0 0 11 -4 0 0 0 0 0 0 42 23 0 -38 0 0 0 -34 36 -18 0 0 0 0 0 0 -10 0 0 0 0 0 27 0 0 0 0 0 30 0 0 -9 0 26 0 0 26 0 0 -27 0 0 0 0 0 0 0 -30 0 0 0 6 0 0 0 0 0 0 -22 0 0 0 0 0 0 0 20 4 0 0 0 -22 -8 0 0 0 
0 0 0 18 39 0 0 0 -20 24 0 0 -41 0 0 12 0 0 0 0 0 8 0 0 0 -21 0 0 0 0 47 0 0 0 -47 0 -24 6 0 0 0 -37 0 0 0 0 -30 0 0 0 -39 0 0 0 36 -41 -8 0 -27 15 0 0 0 0 0 -34 0 27 0 0 0 0 -32 0 9 0 10 0 0 0 -15 -48 0 0 0 -47 0 0 2 46 0 0 0 13 0 -35 -39 41 0 15 
0 0 0 0 0 0 0 0 0 40 0 0 0 0 9 0 14 0 0 0 0 0 0 0 0 0 0 0 0 0 0 0 -15 0 0 0 0 0 0 0 0 0 0 3 0 0 0 0 -26 0 0 0 0 0 0 0 -24 -28 0 -22 -41 0 0 -43 0 8 0 0 0 0 0 0 0 0 0 0 0 41 0 0 22 0 0 0 0 0 0 0 46 0 0 -27 0 0 0 0 0 0 0 0 
-10 0 1 -25 0 0 0 0 0 0 0 0 0 -46 0 0 0 -21 0 0 0 0 0 0 0 0 0 0 0 0 0 0 11 0 -48 0 0 0 0 0 0 0 18 0 0 0 0 0 0 0 8 0 0 0 0 0 0 0 0 0 -34 0 0 0 0 0 26 0 0 0 -4 37 0 0 0 -8 0 -3 0 0 0 0 0 -5 3 0 0 20 0 0 0 0 -7 0 0 0 0 0 0 0 
0 0 0 0 0 0 0 0 -24 33 0 0 0 0 0 0 0 0 0 0 0 0 0 0 0 -9 0 0 0 0 0 0 17 0 0 0 0 0 0 -32 0 8 0 0 0 0 0 0 -19 0 -21 34 0 0 -4 0 -21 0 0 0 0 0 0 0 0 0 -40 0 -23 0 0 0 7 0 0 10 0 0 0 0 0 23 0 0 0 0 0 4 0 -27 0 -37 0 0 0 0 0 0 0 0 
46 0 0 -7 0 0 0 0 0 0 47 0 0 0 0 26 0 0 -15 0 0 0 11 0 0 0 0 -6 18 0 0 0 0 -28 15 39 0 0 0 14 0 0 0 27 0 0 0 24 0 37 0 0 -30 0 0 0 0 0 0 0 -14 0 0 0 0 0 -8 -22 29 17 0 0 0 0 -24 -41 -26 -48 0 0 0 0 -5 0 44 26 0 0 0 0 -7 0 0 -27 -48 0 -21 0 0 43 
-41 -1 0 -47 45 0 0 0 0 35 -46 0 0 0 0 -16 0 0 2 0 0 0 -25 0 48 -42 0 0 0 0 0 0 -33 0 0 0 0 0 0 -47 0 0 0 0 0 0 0 0 0 0 -31 0 0 0 0 0 0 0 0 0 0 -18 0 0 -13 0 0 0 0 -31 0 0 0 0 19 0 0 0 0 28 0 0 0 25 -14 0 0 0 13 0 0 0 -27 0 -22 0 0 0 0 0 
0 18 -48 -45 0 0 17 0 0 0 0 0 0 0 0 0 -23 0 0 0 0 0 13 31 -5 0 -22 -15 0 0 0 0 -30 0 0 0 0 0 0 0 -24 35 24 0 -19 0 0 0 23 1 0 0 0 0 0 -1 0 39 0 0 26 0 0 0 0 -42 0 0 0 45 43 0 0 0 0 0 0 -19 0 0 0 0 13 0 -25 0 0 0 0 0 0 0 -48 -22 0 -7 0 0 0 0 
0 0 -14 0 0 0 0 0 0 0 0 0 0 0 0 -40 0 0 -27 0 -41 0 0 0 0 0 0 -10 0 0 -34 0 0 0 0 0 0 0 0 0 0 0 -8 28 0 0 0 0 39 0 35 0 0 0 0 49 0 0 -29 0 0 0 -37 23 0 6 0 1 0 28 0 0 0 48 0 0 0 0 0 0 31 -23 -5 -38 -1 0 -2 -22 -35 0 0 0 0 0 -7 0 0 0 0 0 
0 0 7 0 0 1 0 0 0 25 -9 0 0 0 29 -17 44 0 0 28 0 0 0 0 49 0 -22 0 -6 0 0 -19 13 0 0 0 -46 0 0 -38 0 0 0 0 0 35 0 32 0 0 48 0 0 0 13 -18 0 0 0 0 48 0 0 -10 -31 0 0 0 0 0 0 0 0 0 0 0 0 0 -48 12 0 0 30 -43 0 21 0 -8 -39 0 0 0 -21 0 0 0 0 34 0 0 
0 0 0 0 0 0 0 -16 0 -37 0 0 0 0 0 0 0 0 0 0 0 0 -3 0 0 0 0 -16 0 -12 0 -31 0 0 0 0 0 0 0 0 0 1 0 0 0 49 0 0 0 0 1 0 0 11 0 0 0 0 0 0 0 -9 -33 0 0 0 0 0 0 0 28 0 0 0 -19 0 -35 0 0 0 -13 0 0 0 0 0 -14 0 41 0 0 0 0 0 0 0 34 -18 0 0 
21 0 1 0 41 45 -6 0 0 0 0 0 0 0 0 0 0 0 0 0 -39 0 3 0 3 0 0 0 0 0 0 0 0 0 48 0 0 0 0 0 0 0 0 -33 0 12 0 0 0 -27 0 49 15 35 -33 0 0 -47 0 0 0 0 -9 0 0 0 0 0 0 0 0 13 0 -9 0 0 0 0 0 0 0 0 0 0 0 0 0 0 0 0 0 0 0 0 0 0 0 0 0 1 
0 32 0 0 0 0 0 0 0 0 0 0 0 0 0 0 0 0 0 27 0 0 0 0 0 0 0 0 0 0 0 0 -15 0 44 0 0 0 -40 0 -29 0 0 -48 0 0 0 0 6 0 -18 21 0 0 0 0 0 -30 0 0 0 0 26 -11 0 0 0 0 46 38 0 0 0 0 25 0 0 0 0 -25 8 0 0 0 0 0 0 0 15 0 0 0 43 0 0 0 0 0 1 0 
