100
0 -15 0 42 -12 9 0 0 22 -18 -32 23 0 -2 19 -6 29 0 -34 24 13 -30 0 20 -5 0 0 0 -46 0 -24 45 0 14 37 28 0 -1 -32 18 26 0 -45 28 -47 -42 0 -30 -15 19 -31 0 0 0 -9 -6 -36 33 28 0 -3 18 -40 0 -18 1 -29 0 41 0 0 14 43 -15 0 0 -37 -7 -8 0 -35 28 0 0 0 0 0 -13 6 0 0 38 -17 43 -40 25 5 36 0 14 
-5 11 49 18 11 -1 28 36 22 16 24 0 0 49 18 -31 0 -44 -49 0 0 -23 40 0 0 40 26 0 -45 -18 48 -9 42 1 21 -49 39 17 27 8 22 31 42 0 25 0 -40 13 24 -31 32 4 -23 0 -10 -34 0 -17 0 -4 -44 6 -42 39 8 8 3 -48 17 29 38 -40 -13 -42 -2 -38 -36 21 28 48 44 -43 28 0 -47 -1 39 -27 -49 -29 -27 21 -17 45 29 0 41 32 0 17 
11 -31 25 -27 0 24 0 0 -8 0 46 16 0 -46 -20 0 -43 -12 5 12 19 5 33 38 34 -6 -37 -17 -33 23 -33 0 0 0 0 0 38 0 0 -7 0 0 49 -19 44 -31 0 42 -15 -24 -1 -37 30 -31 0 31 0 38 21 0 29 0 4 -7 -44 -27 10 -13 11 41 -14 43 -32 0 0 43 43 -43 13 0 0 -38 32 0 35 -3 -28 0 0 17 -5 30 0 -33 -23 -5 3 45 -20 13 
49 25 0 -15 0 0 18 32 -21 0 27 0 -22 13 30 0 -22 32 4 -48 0 0 -12 0 -48 22 0 0 -7 0 -26 1 -33 -28 -20 34 -26 -2 -9 16 -39 9 -14 -26 -23 0 22 0 4 -13 31 0 33 0 -15 0 22 0 0 34 15 45 47 4 -37 21 -10 -35 0 40 0 16 25 -25 0 0 43 0 0 -10 25 37 22 7 -26 -1 28 0 10 -40 -2 -27 -16 -41 0 34 5 0 0 8 
18 -27 -15 0 -5 0 0 25 0 27 -43 -34 -35 11 41 0 49 0 0 0 1 13 37 -28 37 0 -20 -11 -11 -12 0 0 -14 4 -29 38 20 10 15 0 0 -39 -2 -40 -31 35 -27 -48 -5 6 -23 0 27 -31 23 0 25 24 -39 -38 33 0 -4 0 -16 -12 0 18 24 16 -37 0 -12 -47 41 24 -35 -30 -48 24 41 0 26 -40 0 0 -43 20 13 20 -29 43 -24 36 0 -10 0 -13 0 49 
11 0 0 -5 -39 30 -49 0 -11 -37 -23 -42 24 -13 0 0 -5 -49 0 0 -37 0 37 -10 4 -29 42 0 -43 -28 0 37 -39 -26 36 -42 21 0 0 4 -33 -12 -9 8 -45 0 -19 -26 -40 -22 0 -16 0 33 49 18 -42 -13 0 -2 -28 21 -38 -40 26 25 45 39 0 0 -25 39 46 -44 -19 42 29 0 -45 -41 26 1 0 9 39 0 23 23 -1 -4 2 -41 -34 -19 -28 19 -23 -39 38 30 
-1 24 0 0 30 0 0 13 -10 -42 0 -22 -16 47 36 -27 0 0 3 -7 -4 34 -34 -13 -10 35 0 0 0 -49 -34 0 -25 30 16 0 9 0 -33 47 0 0 36 0 0 25 0 20 15 -34 3 0 0 32 -10 -46 46 0 0 -16 -37 -2 0 29 -43 0 -8 20 0 0 0 0 -37 40 0 -39 0 -13 0 25 1 0 0 -18 -33 -35 0 0 7 -40 0 -7 0 -31 21 0 34 17 0 -24 
28 0 18 0 -49 0 -40 49 -40 -29 -22 43 0 25 -10 7 -33 0 0 0 0 -28 -20 20 -10 17 42 -3 0 18 10 9 0 0 23 0 0 -46 0 12 -47 34 -42 -38 0 49 0 -11 21 0 0 2 7 25 -8 10 23 -48 0 -13 36 0 0 27 31 41 8 1 -17 32 0 0 -32 0 0 -19 -38 -18 -42 4 -43 21 20 0 47 -11 30 -20 0 42 22 -8 8 45 37 0 -2 46 40 0 
36 0 32 25 0 13 49 6 48 32 26 -20 0 -14 23 15 3 4 10 8 -41 -19 40 -47 -31 0 -6 0 -24 -27 19 33 -6 -16 0 17 8 0 36 -37 -17 0 40 -24 -2 1 0 47 34 -13 0 -30 0 0 24 19 2 -32 27 -40 -10 -47 28 0 0 -13 -16 0 9 34 -38 39 -25 0 0 12 14 3 19 -5 42 0 -45 0 0 -7 8 10 38 46 30 -7 -45 0 -18 -35 -43 -3 13 1 
22 -8 -21 0 -11 -10 -40 48 0 -41 -45 -4 8 0 45 0 -14 -24 38 -34 -45 16 0 47 34 0 32 -48 5 0 -13 8 11 -5 0 10 -38 0 25 0 -42 -10 14 5 -42 46 8 46 -44 0 0 0 0 -5 19 -44 29 0 44 0 8 5 30 -7 28 0 3 -22 2 40 36 46 1 0 -10 19 0 -6 0 0 0 0 -18 0 -14 22 -29 30 -28 28 36 25 -39 8 -5 -39 46 -43 0 0 
16 0 0 27 -37 -42 -29 32 -41 0 37 -14 4 14 -19 10 -6 49 0 0 -11 12 0 0 -33 -37 -3 24 -34 0 -26 32 11 -41 -10 0 17 -8 -3 -17 0 30 14 23 42 -25 13 30 -41 0 0 0 11 0 -2 0 0 38 42 0 0 -35 6 13 -4 10 -32 -36 -4 -46 32 43 19 0 7 -13 0 0 -27 -30 31 20 -6 0 24 44 22 47 -19 0 0 20 5 29 42 -6 8 3 7 -26 
24 46 27 -43 -23 0 -22 26 -45 37 21 26 26 -28 -26 -4 -8 8 30 0 -22 44 22 -48 26 -2 8 18 0 20 14 39 0 -15 0 35 14 0 0 -33 33 16 -37 0 -37 43 -10 20 -17 0 17 0 0 43 0 -7 30 17 13 0 0 10 0 13 39 49 0 4 0 -42 37 -6 48 4 9 -26 12 7 11 27 -21 0 0 10 37 27 -24 4 39 0 25 27 30 40 0 23 38 -49 -25 1 
0 16 0 -34 -42 -22 43 -20 -4 -14 26 -32 -9 -36 -17 9 9 0 -7 8 33 36 -18 27 -16 33 0 17 -38 -47 -7 0 0 2 -31 11 48 -21 0 0 -29 -36 -13 9 0 0 -29 10 0 -35 3 -15 3 42 5 31 -8 0 -17 0 20 -1 10 42 0 -2 4 41 10 38 -22 -44 -46 -6 0 3 5 -21 -11 39 -36 26 0 0 0 22 7 -45 0 47 -41 0 -44 33 9 0 40 30 -21 0 
0 0 -22 -35 24 -16 0 0 8 4 26 -9 -19 -12 17 -12 -45 4 0 38 0 0 0 -8 0 0 0 -28 0 35 5 35 -31 -49 0 0 27 0 0 0 0 0 0 0 0 19 5 12 47 -30 29 -18 -27 -44 0 1 23 0 25 34 -49 -24 0 0 -22 0 -24 0 0 0 -47 0 30 7 41 -43 17 4 22 -46 42 -39 0 -14 -21 -15 8 25 0 -31 -40 0 0 -41 32 45 0 23 -38 -46 
49 -46 13 11 -13 47 25 -14 0 14 -28 -36 -12 -23 -4 -7 5 -48 -31 -26 -41 22 10 0 0 -40 0 -42 -39 46 -20 11 -38 0 -19 -29 -49 16 0 29 -25 22 47 0 -18 0 37 16 21 0 -16 -27 -26 22 -38 0 26 26 0 20 0 12 32 35 0 18 43 0 0 -28 -4 1 -47 43 0 48 48 -48 26 -28 -8 0 0 -1 0 0 12 40 0 0 -21 0 39 0 0 -1 2 0 -22 39 
18 -20 30 41 0 36 -10 23 45 -19 -26 -17 17 -4 4 -16 -34 0 -1 -42 0 0 7 11 -2 46 -43 -12 3 4 -44 29 0 -8 -22 -24 -21 0 46 49 -38 0 46 40 46 14 2 -30 40 36 37 0 -21 20 10 0 0 -19 33 24 38 20 32 32 0 0 -20 -32 41 0 3 26 0 3 26 8 0 23 38 0 15 8 0 -33 -9 11 -45 31 -46 8 0 -4 11 41 -25 36 -48 45 -29 25 
-31 0 0 0 0 -27 7 15 0 10 -4 9 -12 -7 -16 35 -30 40 -13 -10 0 0 -7 -9 -35 41 -23 47 -24 -15 49 -6 1 47 38 8 -3 -35 -48 -6 24 -3 0 -27 -26 14 22 -27 -14 15 -21 -45 -1 20 -40 -38 0 20 0 0 0 16 31 0 49 0 -40 0 25 -15 0 -18 -41 0 23 20 0 -7 -40 30 -34 -20 -33 -29 20 -43 0 44 0 -38 -37 -41 21 17 -19 39 21 -30 -26 -30 
0 -43 -22 49 -5 0 -33 3 -14 -6 -8 9 -45 5 -34 -30 -25 3 -15 47 -14 0 36 7 0 0 11 42 15 0 30 -45 -42 8 -16 -42 27 0 42 41 18 0 0 0 -45 0 -28 0 14 -5 29 -11 -19 6 -17 -35 -22 0 18 -11 -40 43 -38 -24 -33 0 -27 1 3 22 35 -27 -20 8 35 0 29 -9 0 19 0 28 0 25 -3 25 -34 0 -9 -40 0 -7 28 10 4 -11 19 0 4 -35 
-44 -12 32 0 -49 0 0 4 -24 49 8 0 4 -48 0 40 3 40 0 -23 32 -40 0 0 13 27 0 47 4 -39 0 0 29 -29 -44 38 -3 13 25 14 14 -48 -4 33 -45 49 0 28 0 -46 0 29 0 -29 0 0 0 46 33 -27 37 27 -23 -25 0 0 43 -42 -45 -31 -15 49 12 -14 0 42 -36 -29 -21 0 22 49 -21 15 -5 -38 0 -2 -24 0 0 -22 -43 -45 14 34 -17 17 36 41 
-49 5 4 0 0 3 0 10 38 0 30 -7 0 -31 -1 -13 -15 0 21 46 -5 -33 -49 5 0 -38 0 0 -39 0 37 10 0 20 0 -31 26 8 -45 0 -17 9 -19 23 6 8 -41 -18 28 -23 -15 -3 24 -33 0 0 -46 -28 0 36 -8 0 -29 0 37 -44 18 -18 23 0 -1 9 -44 11 -3 0 0 0 -39 -7 27 3 -42 40 15 0 -34 -39 34 0 0 0 -44 32 0 0 -31 0 -20 45 
0 12 -48 0 0 -7 0 8 -34 0 0 8 38 -26 -42 -10 47 -23 46 -20 36 49 -34 0 -41 0 31 -40 -41 -7 -18 0 -11 10 0 -44 -33 0 0 -38 28 19 -28 47 -34 0 -10 18 -19 46 -10 -6 10 -14 -42 31 0 0 0 0 6 0 -27 -36 27 37 0 23 0 13 -46 -28 5 0 -41 -16 4 -49 -5 -26 -39 37 0 8 -22 15 -33 -38 39 44 -21 12 0 1 12 -36 -3 36 -26 15 
0 19 0 1 -37 -4 0 -41 -45 -11 -22 33 0 -41 0 0 -14 32 -5 36 10 -31 -43 45 0 -18 6 0 -15 33 0 7 0 0 0 -14 0 -10 49 34 -46 0 -5 40 0 0 -47 -9 25 45 19 15 16 -27 37 0 15 -13 22 49 -44 0 -15 0 -17 5 -47 0 34 0 0 -45 -44 -27 -2 0 -9 0 0 -30 36 27 35 9 -4 1 41 0 20 0 -7 0 0 0 -29 46 0 0 27 -31 
-23 5 0 13 0 34 -28 -19 16 12 44 36 0 22 0 0 0 -40 -33 49 -31 -35 -28 -26 -12 35 -25 42 0 0 0 3 16 -36 -29 40 30 -28 19 42 9 -7 9 -38 0 -38 31 13 41 13 5 0 34 -36 9 -18 7 38 0 -43 24 0 43 0 -32 0 -41 0 6 0 -37 46 0 -21 0 -20 0 36 45 0 0 -22 -24 47 0 0 -30 -15 -5 0 17 0 0 -31 40 17 -5 0 0 0 
40 33 -12 37 37 -34 -20 40 0 0 22 -18 0 10 7 -7 36 0 -49 -34 -43 -28 48 0 31 -38 38 -24 7 -47 0 -11 0 -9 -7 -4 20 28 0 -42 -38 -9 0 -20 -43 28 -10 34 0 -46 18 15 -21 24 -45 -40 -18 -31 -17 -3 27 -46 3 -23 21 36 0 0 28 -26 -36 44 -19 -12 0 0 6 27 -15 -46 -11 0 0 0 29 0 0 4 18 47 0 0 -43 10 0 -34 46 5 18 -12 
0 38 0 -28 -10 -13 20 -47 47 0 -48 27 -8 0 11 -9 7 0 5 0 45 -26 0 36 -45 -11 0 -13 -17 0 -23 -2 23 28 0 20 0 0 0 43 25 0 10 0 23 -20 24 -46 0 0 -49 23 0 15 0 0 0 -18 -8 49 0 -35 33 0 37 38 0 36 -31 -43 0 0 17 28 0 -40 47 0 24 0 8 34 18 0 30 0 2 31 -23 -22 0 0 0 0 0 0 42 0 13 -20 
0 34 -48 37 4 -10 -10 -31 34 -33 26 -16 0 0 -2 -35 0 13 0 -41 0 -12 31 -45 45 0 27 0 -37 0 27 -36 -19 -14 -42 -20 -30 -42 34 0 0 22 -41 -35 0 22 45 0 0 -46 0 -7 -5 0 -34 -37 36 37 10 0 -29 34 -19 48 11 0 -45 25 8 0 41 18 -41 -12 26 0 -15 26 0 -40 11 -19 39 -18 0 0 0 17 0 13 22 0 39 -32 0 -14 0 -42 12 12 
40 -6 22 0 -29 35 17 0 0 -37 -2 33 0 -40 46 41 0 27 -38 0 -18 35 -38 -11 0 0 -10 0 -13 35 26 0 23 -40 23 -41 41 31 41 4 0 -43 -25 -1 0 0 35 40 0 0 0 -26 0 -23 43 -44 0 0 -6 49 -15 24 24 -9 -35 17 43 37 14 0 35 -2 -26 2 -11 0 0 -43 39 -29 -15 -24 27 0 0 -26 -30 0 -13 -40 -15 0 10 25 0 -12 0 -48 27 -7 
26 -37 0 -20 42 0 42 -6 32 -3 8 0 0 0 -43 -23 11 0 0 31 6 -25 38 0 27 -10 1 -44 0 0 -36 48 25 -28 -9 7 0 0 -40 -43 0 36 -36 0 0 2 -30 -40 -49 32 42 46 35 -23 23 -27 -38 3 -26 -30 25 17 47 -22 -17 22 -13 25 2 23 -37 -11 0 -46 20 -39 -13 26 0 29 2 7 -39 -36 34 -4 44 7 36 -40 46 28 0 38 0 44 21 14 48 21 
0 -17 0 -11 0 0 -3 0 -48 24 18 17 -28 -42 -12 47 42 47 0 -40 0 42 -24 -13 0 0 -44 29 15 0 -29 46 31 25 48 0 39 0 0 -39 0 -32 42 -48 0 -41 -17 17 -34 46 34 -1 -35 -27 0 46 -39 8 0 27 17 12 8 -2 0 -3 -27 -45 0 -46 -32 18 -12 0 -19 14 0 0 -10 -25 -29 -42 0 -17 4 4 13 -25 18 -28 0 -2 -12 0 0 0 -30 0 0 -45 
-45 -33 -7 -11 -43 0 0 -24 5 -34 0 -38 0 -39 3 -24 15 4 -39 -41 -15 0 7 -17 -37 -13 0 15 0 -6 -33 -2 0 16 18 0 32 -32 -18 7 49 0 -5 -38 46 -10 -16 1 -33 0 -28 39 47 -2 0 0 34 5 0 0 29 0 35 -26 0 8 0 -22 12 13 0 28 25 -37 0 -37 -15 0 16 19 -49 49 0 44 -44 -45 -4 30 37 3 0 37 -38 2 -46 0 0 -24 0 -43 
-18 23 0 -12 -28 -49 18 -27 0 0 20 -47 35 46 4 -15 0 -39 0 -7 33 0 -47 0 0 35 0 0 -6 23 13 16 41 0 19 -23 19 13 0 46 21 34 1 44 10 3 -3 20 12 -36 0 0 47 12 -23 0 -17 11 10 -40 -3 -20 47 46 10 33 0 -32 0 0 -26 31 0 0 36 0 49 10 45 46 0 49 0 0 10 -35 0 -3 -6 -5 -15 11 0 -41 -42 30 0 8 -2 0 
48 -33 -26 0 0 -34 10 19 -13 -26 14 -7 5 -20 -44 49 30 0 37 -18 0 0 0 -23 27 26 -36 -29 -33 13 20 0 -12 27 40 1 43 15 0 0 4 -3 -9 21 0 -33 -28 0 0 34 -28 31 37 0 3 0 12 0 -25 0 -10 10 46 0 -5 38 0 0 -44 29 -21 46 -2 0 46 -44 21 29 27 0 -30 39 0 17 -7 0 0 -40 35 0 21 6 -36 18 8 44 -3 0 0 0 
-9 0 1 0 37 0 9 33 8 32 39 0 35 11 29 -6 -45 0 10 0 7 3 -11 -2 -36 0 48 46 -2 16 0 30 -13 29 10 -16 -48 0 0 0 -5 3 0 -2 0 -25 6 -28 0 2 -11 0 -24 32 -37 -42 -41 9 23 36 -40 2 0 0 0 -21 -28 0 -1 44 0 -35 40 -36 -40 -2 38 0 45 -33 15 22 -9 0 -1 4 0 0 -32 0 13 10 -45 -10 -35 0 36 39 43 48 
42 0 -33 -14 -39 -25 0 -6 11 11 0 0 -31 -38 0 1 -42 29 0 -11 0 16 0 23 -19 23 25 31 0 41 -12 -13 -13 -28 38 0 0 0 -44 31 -26 -24 0 23 0 -6 22 38 0 5 -19 21 0 0 20 -32 -9 -34 -33 -40 5 0 0 0 -26 33 39 -17 -14 22 -1 21 -41 -18 0 -14 0 26 0 7 -25 0 0 0 0 0 28 14 0 48 34 2 -39 11 7 2 0 -40 3 0 
1 0 -28 4 -26 30 0 -16 -5 -41 -15 2 -49 0 -8 47 8 -29 20 10 0 -36 -9 28 -14 -40 -28 25 16 0 27 29 -28 20 9 0 -13 -48 43 0 -34 -38 0 0 -45 44 0 0 3 -26 -3 -18 47 0 0 0 -45 43 0 -27 -30 0 -32 36 4 0 0 -40 -6 0 9 -7 0 0 -37 0 28 34 0 14 -20 -6 -16 -26 35 21 0 0 20 47 46 -6 -19 -33 35 33 -11 24 27 0 
21 0 -20 -29 36 16 23 0 0 -10 0 -31 0 -19 -22 38 -16 -44 0 0 0 -29 -7 0 -42 23 -9 48 18 19 40 10 38 9 -42 0 40 6 -39 0 0 -35 -19 0 9 -34 0 -26 25 0 -18 -32 26 -17 0 -29 -14 21 9 48 -28 0 37 -9 -34 45 -24 -38 0 -24 22 0 -36 -8 5 14 31 -32 9 17 42 16 0 -13 -24 0 -2 42 -8 0 -35 0 40 32 0 6 -22 46 27 0 
-49 0 34 38 -42 0 0 17 10 0 35 11 0 -29 -24 8 -42 38 -31 -44 -14 40 -4 20 -20 -41 7 0 0 -23 1 -16 0 0 0 0 -43 0 -14 36 26 10 -10 0 0 0 -6 30 -14 9 -16 -9 3 30 39 0 -41 31 0 7 16 -35 -44 -49 -31 0 0 41 18 -24 36 -26 0 -42 0 -32 34 -17 -38 0 1 0 35 22 0 36 0 35 -20 -6 -23 13 -26 6 -34 -36 -25 -5 -23 -44 
39 38 -26 20 21 9 0 8 -38 17 14 48 27 -49 -21 -3 27 -3 26 -33 0 30 20 0 -30 41 0 39 32 19 43 -48 0 -13 40 -43 19 46 0 -10 -17 3 40 -17 0 0 0 0 0 0 -44 -13 11 0 38 -7 12 4 -21 46 0 -21 -45 -38 16 -4 13 25 30 1 47 43 -32 -37 0 0 8 0 -1 -28 14 0 0 37 -18 22 -23 0 -5 0 -5 0 -8 -13 -45 33 0 -44 -18 43 
17 0 -2 10 0 0 -46 0 0 -8 0 -21 0 16 0 -35 0 13 8 0 -10 -28 28 0 -42 31 0 0 -32 13 15 0 0 -48 6 0 46 0 -12 27 16 30 0 0 31 16 0 0 -46 0 8 -22 0 7 9 0 44 -31 14 -12 0 31 16 0 34 -22 31 0 -33 0 -31 0 -30 0 17 0 46 0 -40 33 -37 41 41 -25 22 -32 0 40 46 0 44 -44 29 -39 -5 0 0 0 18 21 
27 0 -9 15 0 -33 0 36 25 -3 0 0 0 0 46 -48 42 25 -45 0 49 19 0 0 34 41 -40 0 -18 0 0 0 -44 43 -39 -14 0 -12 0 -18 34 28 0 13 -34 12 -10 38 39 -34 0 23 4 -24 -39 -23 -36 -46 -36 -27 -11 15 0 28 0 26 -2 0 3 0 0 -47 -48 6 0 41 -32 -7 -33 -37 43 -26 0 0 21 -37 19 17 22 0 -38 0 -29 -24 0 25 -42 -27 3 23 
8 -7 16 0 4 47 12 -37 0 -17 -33 0 0 29 49 -6 41 14 0 -38 34 42 -42 43 0 4 -43 -39 7 46 0 0 31 0 0 36 -10 27 -18 -26 -35 -30 11 -38 -40 -18 21 0 -33 -6 32 0 38 42 -1 -32 0 -36 0 -35 42 0 10 0 0 -40 -33 36 19 10 1 -20 -24 -35 0 36 -27 12 0 19 31 33 0 -7 26 -12 -49 0 7 0 24 17 43 0 30 -36 18 -35 -36 36 
22 0 -39 0 -33 0 -47 -17 -42 0 33 -29 0 -25 -38 24 18 14 -17 28 -46 9 -38 25 0 0 0 0 49 21 4 -5 -26 -34 0 26 -17 16 34 -35 6 30 0 -37 -35 -15 3 -21 8 0 7 0 28 -40 0 0 36 -21 0 0 -17 0 16 0 7 0 35 -15 5 -23 30 -13 28 -42 0 -9 26 37 25 -11 33 0 0 -21 0 -44 39 14 15 27 -41 -34 -28 0 36 -1 0 -36 44 13 
31 0 9 -39 -12 0 34 0 -10 30 16 -36 0 22 0 -3 0 -48 9 19 0 -7 -9 0 22 -43 36 -32 0 34 -3 3 -24 -38 -35 10 3 30 28 -30 30 -8 0 22 0 21 0 -46 0 -22 -17 5 -8 25 0 48 0 10 26 0 0 0 0 46 0 -27 -32 40 0 23 24 -28 10 -25 0 15 15 -2 0 38 -35 -20 -19 -29 -17 34 0 0 0 0 19 -43 -39 -8 -1 -26 -9 19 0 16 
42 49 -14 -2 -9 36 -42 40 14 14 -37 -13 0 47 46 0 0 -4 -19 -28 -5 9 0 10 -41 -25 -36 42 -5 1 -9 0 0 0 -19 -10 40 0 0 11 0 0 -33 -2 -47 36 44 -47 23 0 0 0 4 0 33 0 3 32 14 34 -14 24 46 47 15 -48 -17 37 -7 14 -17 -17 0 -6 6 21 -21 38 -28 35 49 0 11 22 -28 -36 7 -31 21 -49 0 -10 37 0 -40 -19 0 -6 -8 -39 
0 -19 -26 -40 8 0 -38 -24 5 23 0 9 0 0 40 -27 0 33 23 47 40 -38 -20 0 -35 -1 0 -48 -38 44 21 -2 23 0 0 0 -17 0 13 -38 -37 22 -2 41 -14 0 -42 31 36 0 -33 -39 -31 -32 0 -10 0 -15 -26 -23 45 0 21 -22 -30 47 4 0 -35 0 -16 7 4 7 -45 23 31 -26 0 0 -31 -3 -1 -23 0 26 -42 32 -4 -23 49 32 0 0 -38 -15 -44 -34 0 35 
25 44 -23 -31 -45 0 0 -2 -42 42 -37 0 0 -18 46 -26 -45 -45 6 -34 0 0 -43 23 0 0 0 0 46 10 0 0 0 -45 9 0 0 31 -34 -40 -35 0 -47 -14 17 8 -24 0 0 -28 4 -11 -4 -23 -35 30 -32 -7 33 42 37 20 -14 -11 38 1 -32 -24 0 29 0 39 0 0 33 47 -11 -49 2 -35 11 1 3 -38 -10 -42 0 12 -12 -16 0 -13 0 -47 -19 28 -23 0 16 -20 
0 -31 0 35 0 25 49 1 46 -25 43 0 19 0 14 14 0 49 8 0 0 -38 28 -20 22 0 2 -41 -10 3 -33 -25 -6 44 -34 0 0 16 12 -18 -15 21 36 0 8 15 9 0 0 -45 -11 -8 0 31 -6 19 0 48 16 0 -42 -15 5 -10 36 -25 -35 14 -14 -30 5 -38 0 0 -27 -1 0 -35 27 37 -18 2 8 -20 0 0 0 39 12 12 -47 49 0 -30 -29 -32 0 -47 -11 23 
-40 0 22 -27 -19 0 0 0 8 13 -10 -29 5 37 2 22 -28 0 -41 -10 -47 31 -10 24 45 35 -30 -17 -16 -3 -28 6 22 0 0 -6 0 0 -10 21 3 0 44 -42 -24 9 0 0 24 0 -29 25 -6 -37 19 28 37 -35 -47 0 0 14 24 -14 0 0 0 15 -1 -37 36 -9 8 -43 0 0 0 -46 0 0 0 -28 -34 -17 0 18 0 -47 22 -14 29 0 0 26 -5 0 -21 3 0 -5 
13 42 0 -48 -26 20 -11 47 46 30 20 10 12 16 -30 -27 0 28 -18 18 -9 13 34 -46 0 40 -40 17 1 20 0 -28 38 0 -26 30 0 0 38 0 -21 -46 -47 31 0 0 0 0 -2 -35 -43 -43 47 0 0 4 0 0 25 -24 -22 0 0 45 0 0 0 18 8 -36 0 0 16 44 18 -42 -20 31 -40 -40 39 11 -42 12 -40 29 0 2 0 -48 -22 -2 -10 20 0 30 11 45 37 27 
24 -15 4 -5 -40 15 21 34 -44 -41 -17 0 47 21 40 -14 14 0 28 -19 25 41 0 0 0 0 -49 -34 -33 12 0 0 0 3 25 -14 0 -46 39 -33 8 0 23 36 0 0 24 -2 -25 -47 1 0 0 0 32 30 -46 -4 0 34 11 0 9 -34 -43 0 44 17 -18 0 -15 -11 0 0 -13 0 0 0 -8 1 -1 11 -11 0 0 47 -8 9 0 4 0 0 -29 17 2 -4 27 0 -21 32 
-31 -24 -13 6 -22 -34 0 -13 0 0 0 -35 -30 0 36 15 -5 -46 -23 46 45 13 -46 0 -46 0 32 46 0 -36 34 2 5 -26 0 9 0 0 -34 -6 0 -22 0 0 -28 -45 0 -35 -47 -43 23 2 -31 1 0 -21 13 -37 10 0 0 23 14 -48 -29 -13 1 7 -39 18 14 -36 0 9 0 0 -14 17 0 28 -29 12 44 49 22 41 41 7 25 49 -17 3 -3 43 -33 0 -48 0 -32 0 
32 -1 31 -23 0 3 0 0 0 0 17 3 29 -16 37 -21 29 0 -15 -10 19 5 18 -49 0 0 42 34 -28 0 -28 -11 -19 -3 -18 -16 -44 8 0 32 7 -17 0 -33 4 -11 -29 -43 1 23 -36 -42 -41 0 -47 2 0 0 -4 11 3 0 0 27 1 28 -23 20 -23 -20 -1 0 13 0 -48 24 -2 30 -32 -48 9 -2 31 44 -36 0 8 12 42 -26 27 -36 38 0 -29 15 47 0 -49 -1 
4 -37 0 0 -16 0 2 -30 0 0 0 -15 -18 -27 0 -45 -11 29 -3 -6 15 0 15 23 -7 -26 46 -1 39 0 31 0 21 -18 -32 -9 -13 -22 23 0 0 5 0 -39 -11 -8 25 -43 0 2 -42 2 23 -33 21 28 7 22 0 -26 28 0 -13 0 -8 -28 36 -32 2 0 0 43 22 0 31 14 -24 -17 -31 -24 0 0 45 19 0 -26 13 44 0 -38 -7 -10 16 0 -45 48 27 0 47 14 
-23 30 33 27 0 0 7 0 0 11 0 3 -27 -26 -21 -1 -19 0 24 10 16 34 -21 0 -5 0 35 -35 47 47 37 -24 0 47 26 3 11 0 4 38 28 -8 4 -31 -4 0 -6 47 0 -31 -41 23 -8 -18 9 -26 -21 18 16 43 30 18 -14 49 42 47 18 3 -21 -30 6 12 0 0 0 2 -47 0 -44 -15 0 17 -9 0 -21 36 15 0 -45 0 7 -4 19 0 0 0 0 -4 -34 -28 
0 -31 0 -31 33 32 25 0 -5 0 43 42 -44 22 20 20 6 -29 -33 -14 -27 -36 24 15 0 -23 -23 -27 -2 12 0 32 0 0 -17 30 0 7 -24 42 -40 25 0 -32 -23 31 -37 0 0 1 0 -33 -18 0 -19 31 39 -43 -14 1 31 35 -19 0 0 -49 -31 -22 17 -31 -34 15 3 -24 -24 -47 36 0 -12 -31 14 48 15 0 22 -49 -5 -14 -4 -16 0 -31 -13 -26 40 0 0 0 13 -20 
-10 0 -15 23 49 -10 -8 24 19 -2 0 5 0 -38 10 -40 -17 0 0 -42 37 9 -45 0 -34 43 23 0 0 -23 3 -37 20 0 0 39 38 9 -39 -1 0 0 33 0 -35 -6 19 0 32 0 -47 21 9 -19 34 38 0 2 -35 0 0 -33 0 18 0 47 41 0 11 0 -41 48 -3 0 46 0 0 23 -38 -49 28 -41 0 35 33 -38 -12 0 26 -20 46 -20 -10 0 48 0 -24 0 10 0 
-34 31 0 0 18 -46 10 19 -44 0 -7 31 1 0 0 -38 -35 0 0 31 0 -18 -40 0 -37 -44 -27 46 0 0 0 -42 -32 0 -29 0 -7 0 -23 -32 0 48 0 -10 30 19 28 4 30 -21 2 28 -26 31 38 -8 -35 0 -8 -49 -23 -30 -29 26 30 -39 0 23 -28 36 -38 13 0 47 -32 -41 8 -40 -15 44 32 0 15 29 26 -8 0 -5 -4 43 -23 -41 22 0 17 0 40 1 16 -16 
0 0 22 25 -42 46 23 2 29 0 30 -8 23 26 0 0 -22 0 -46 0 15 7 -18 0 36 0 -38 -39 34 -17 12 -41 -9 -45 -14 -41 12 44 -36 0 36 0 3 0 -32 0 37 0 -46 13 0 7 -21 39 0 -35 44 0 42 6 4 24 33 0 -33 0 0 -45 13 0 46 41 47 3 -27 0 35 18 -11 12 -35 -34 -25 -24 0 -24 26 -13 -34 45 0 -31 -44 0 44 0 30 7 0 0 
-17 38 0 24 -13 0 -48 -32 0 38 17 0 0 26 -19 20 0 46 -28 0 -13 38 -31 -18 37 0 3 8 5 11 0 9 -34 43 21 31 4 -31 -46 -36 -21 10 32 -15 -7 48 -35 0 -4 -37 0 22 18 -43 2 0 0 35 30 2 -38 -21 0 -14 0 11 0 -38 39 -15 0 -47 0 0 0 0 0 0 11 28 -6 20 0 -3 34 0 0 0 -48 49 -41 0 0 -7 0 41 0 -35 40 0 
0 21 0 -39 0 0 0 27 44 42 13 -17 25 0 33 0 18 33 0 0 22 0 -17 -8 10 -6 -26 0 0 10 -25 23 -33 0 9 0 -21 14 -36 0 0 26 14 -26 33 16 -47 25 0 10 -4 0 16 -14 -35 -8 42 30 43 -29 0 0 0 0 25 0 22 6 47 -9 29 0 34 0 -34 11 -29 1 8 5 -14 46 -46 -32 25 -35 0 -12 0 -3 0 -27 -1 0 -39 37 -19 -46 -32 5 
-4 0 34 -38 -2 -16 -13 -40 0 0 0 0 34 20 24 0 -11 -27 36 0 49 -43 -3 49 0 49 -30 27 0 -40 0 36 -40 -27 48 7 46 -12 -27 -35 0 0 34 -23 42 0 0 -24 34 0 11 -26 43 1 0 -49 6 2 -29 38 -11 40 -43 -22 -40 -47 -33 0 0 11 -39 0 46 0 44 -7 -25 0 28 -11 -43 47 -22 -18 0 0 -4 0 -22 49 0 -39 0 -12 43 1 0 0 0 31 
-44 29 15 33 -28 -37 36 -10 8 0 0 20 -49 0 38 0 -40 37 -8 6 -44 24 27 0 -29 -15 25 17 29 -3 -10 -40 5 -30 -28 16 0 0 -11 42 -17 0 -14 45 37 -42 0 -22 11 0 3 28 30 31 0 -23 4 -38 0 -11 6 -48 -28 39 -30 -33 32 -30 0 15 0 47 0 25 -28 -28 -7 48 -34 0 3 3 -43 -44 -21 0 30 -38 36 -23 -35 -49 -7 12 0 -19 0 -14 40 21 
6 0 45 0 21 -2 0 -47 5 -35 10 -1 -24 12 20 16 43 27 0 0 0 0 -46 -35 34 24 17 12 0 -20 10 2 0 0 0 -35 -21 31 15 0 0 0 24 0 20 -15 14 0 0 23 0 0 18 35 -33 -30 24 -21 0 40 -48 0 -24 43 0 -36 43 0 -6 25 -47 -47 37 -15 -17 -1 0 -34 0 28 23 33 0 -16 0 -35 42 -45 -41 31 12 -35 -21 34 14 -34 -40 -25 0 0 
-42 4 47 -4 -38 0 0 28 30 6 0 10 0 32 32 31 -38 -23 -29 -27 -15 43 3 33 -19 24 47 8 35 47 46 0 0 -32 37 -44 -45 16 0 10 16 0 46 21 -14 5 24 0 9 14 0 -13 -14 -19 0 -29 33 0 0 -43 -28 -24 -22 -1 0 34 13 0 0 2 29 0 -29 -8 -40 -13 0 21 7 20 -39 -40 40 0 0 0 -30 21 -36 -2 39 45 -29 0 16 0 11 12 -14 12 
39 -7 4 0 -40 29 27 0 -7 13 13 42 0 35 32 0 -24 -25 0 -36 0 0 -23 0 48 -9 -22 -2 -26 46 0 0 0 36 -9 -49 -38 0 28 0 0 46 47 -22 -11 -10 -14 45 -34 -48 27 0 49 0 18 26 0 -14 0 -22 39 43 -1 0 5 15 27 0 0 25 43 -2 0 0 -15 0 -27 0 -32 0 0 -29 -36 -26 29 0 0 -47 0 -2 21 8 0 8 -45 -24 -46 0 0 7 
8 -44 -37 -16 26 -43 31 0 28 -4 39 0 -22 0 0 49 -33 0 37 27 -17 -32 21 37 11 -35 -17 0 0 10 -5 0 -26 4 -34 -31 16 34 0 0 7 0 15 -30 38 36 0 0 -43 -29 1 -8 42 0 0 30 -33 0 25 -40 -30 0 0 5 39 -9 -11 48 37 28 -2 -49 0 -42 1 0 0 45 -8 -20 12 -23 26 0 34 11 -27 -41 -38 -47 19 0 20 -1 -36 -22 -36 15 0 -37 
8 -27 21 -12 25 0 41 -13 0 10 49 -2 0 18 0 0 0 0 -44 37 5 0 36 38 0 17 22 -3 8 33 38 -21 33 0 45 0 -4 -22 26 -40 0 -27 -48 47 1 -25 0 0 0 -13 28 -28 47 -49 47 -39 0 11 0 -47 -33 -36 34 15 -9 -28 35 3 25 -29 17 40 0 19 0 0 0 3 33 0 14 -25 0 -17 0 0 -33 0 -21 -36 -41 -27 45 19 -20 0 0 -2 42 26 
3 10 -10 0 45 -8 8 -16 3 -32 0 4 -24 43 -20 -40 -27 43 18 0 -47 -41 0 0 -45 43 -13 -27 0 0 0 -28 39 0 -24 0 13 31 -2 -33 35 -32 -17 4 -32 -35 0 0 44 1 -23 36 18 -31 41 0 0 0 22 -33 32 43 13 27 -11 35 -27 -4 -24 34 -10 0 32 26 -31 -23 -1 29 0 -2 -36 -27 34 0 11 0 0 25 0 0 -19 49 0 -17 28 -24 32 0 43 37 
-48 -13 -35 18 39 20 1 0 -22 -36 4 41 0 0 -32 0 1 -42 -18 23 0 0 0 36 25 37 25 -45 -22 -32 0 0 -17 -40 -38 41 25 0 0 36 -15 40 37 0 -24 14 15 18 17 7 20 -32 3 -22 0 23 -45 -38 6 0 -30 0 0 0 48 3 -4 15 18 0 6 27 -1 -13 -2 -27 0 7 0 2 0 0 0 0 0 -46 0 -12 14 0 0 -43 20 42 2 28 -23 38 0 -27 
17 11 0 24 0 0 -17 9 2 -4 0 10 0 0 41 25 3 -45 23 0 34 6 28 -31 8 14 2 0 12 0 -44 -1 -14 -6 0 18 30 -33 3 19 5 0 -7 -35 0 -14 -1 8 -18 -39 -23 2 -21 17 11 -28 13 39 47 0 0 -6 0 0 37 25 -24 18 0 -41 -19 44 -41 -48 -41 7 -12 0 30 -7 0 -19 0 -13 0 -12 -22 -12 -23 -24 -36 0 -34 33 -25 32 0 -6 -7 -13 
29 41 40 16 0 0 32 34 40 -46 -42 38 0 -28 0 -15 22 -31 0 13 0 0 -26 -43 0 0 23 -46 13 0 29 44 22 0 -24 -24 1 0 0 10 -23 23 14 0 29 -30 -37 -36 0 18 -20 0 -30 -31 0 36 0 -15 -9 11 15 25 2 25 28 -29 34 0 -41 33 0 27 0 25 1 31 0 -35 0 14 0 -5 0 44 26 0 49 -41 16 -18 -5 37 -42 -30 -24 2 0 0 0 8 
38 -14 0 -37 -25 0 0 -38 36 32 37 -22 -47 -4 3 0 35 -15 -1 -46 0 -37 -36 0 41 35 -37 -32 0 -26 -21 0 -1 9 22 36 47 -31 0 1 30 24 -17 -16 0 5 36 0 -15 14 -1 0 6 -34 -41 -38 46 0 29 -39 0 -47 29 43 -2 17 -10 6 -19 0 31 -14 0 0 10 4 -35 9 14 0 19 47 0 0 0 -11 33 0 -31 20 -28 27 11 -30 -29 -25 38 22 0 -32 
-40 43 16 0 39 0 0 39 46 43 -6 -44 0 1 26 -18 -27 49 9 -28 -45 46 44 0 18 -2 -11 18 28 31 46 -35 21 -7 0 -26 43 0 -47 -20 -13 -28 -17 7 39 -38 -9 0 -11 -36 0 43 12 15 48 13 41 -47 0 0 47 -47 0 -2 -49 40 0 27 44 27 -14 -4 32 -12 -23 3 -34 12 0 -22 42 11 -18 21 -36 27 30 31 16 0 -11 0 -18 0 -11 -41 0 46 23 5 
-13 -32 25 -12 46 -37 -32 -25 1 19 48 -46 30 -47 0 -41 -20 12 -44 5 -44 0 -19 17 -41 -26 0 -12 25 0 -2 40 -41 0 -36 0 -32 -30 -48 -24 28 10 0 4 0 0 8 16 0 0 13 22 0 3 -3 0 47 0 34 46 0 37 -29 0 0 0 32 -1 -41 0 0 32 -38 -6 16 0 41 9 0 0 -48 12 -27 -11 48 0 -31 47 49 -45 2 0 -14 41 0 -23 -48 0 -4 9 
-42 0 -25 -47 -44 40 0 0 0 0 4 -6 7 43 3 0 8 -14 11 0 -27 -21 -12 28 -12 2 -46 0 -37 0 0 -36 -18 0 -8 -42 -37 0 6 -35 -42 -25 -6 7 0 0 -43 44 0 9 0 0 0 -24 0 47 3 0 0 0 25 -15 -8 0 -42 19 26 -13 -48 25 0 -12 -6 -4 10 0 24 0 16 46 0 44 -39 0 0 27 0 -4 -16 -38 20 44 -40 -35 -10 -10 -38 37 13 0 
-2 0 0 41 -19 0 0 0 -10 7 9 0 41 0 26 23 35 0 -3 -41 -2 0 0 0 26 -11 20 -19 0 36 46 -40 0 -37 5 0 0 17 0 0 0 0 6 -45 33 -27 0 18 -13 0 -48 31 0 -24 46 -32 -27 0 -34 44 -28 -17 -40 -15 1 0 -31 -2 -41 1 10 -23 16 10 10 32 27 -19 -4 16 -27 -17 -6 19 -36 44 -31 -36 -9 35 -7 42 0 -4 -25 11 -6 37 0 -13 
-38 43 0 24 42 -39 -19 12 19 -13 -26 3 -43 48 8 20 0 42 0 -16 0 -20 0 -40 0 0 -39 14 -37 0 -44 -2 -14 0 14 -32 0 0 41 36 -9 15 21 23 47 -1 0 -42 0 0 24 14 2 -47 0 -41 0 0 11 -7 -28 -1 -13 0 0 0 -23 -27 7 31 4 3 0 0 32 -46 48 -28 0 0 0 -30 5 -17 23 0 42 0 0 -24 0 0 0 28 -4 49 0 -46 13 38 
-36 43 43 -35 29 0 -38 14 0 0 12 5 17 48 0 0 29 -36 0 4 -9 0 6 47 -15 0 -13 0 -15 49 21 38 0 28 31 34 8 46 -32 -27 26 15 -21 31 -11 0 0 -20 0 -14 -2 -24 -47 36 0 8 35 0 -29 -25 -7 0 0 -27 0 0 -1 0 -12 0 -35 -34 41 24 27 48 2 0 -28 34 -40 -22 -33 23 19 0 14 42 0 -9 -17 -49 -8 -1 32 31 -23 37 30 -45 
21 -43 0 -30 0 -13 -18 3 -6 0 7 -21 4 -48 23 -7 -9 -29 0 -49 0 36 27 0 26 -43 26 0 0 10 29 0 26 34 -32 -17 0 0 -7 12 37 -2 38 -26 -49 -35 -46 31 0 17 30 -17 0 0 23 -40 18 0 1 0 48 -34 21 0 45 3 29 7 0 -35 9 12 9 0 -19 -28 0 0 6 -7 15 -19 0 -37 43 0 3 34 41 14 21 -25 -21 14 -1 46 31 -49 -43 0 
28 13 0 -48 -45 0 -42 19 0 -27 11 -11 22 26 38 -40 0 -21 -39 -5 0 45 -15 24 0 39 0 -10 16 45 27 45 0 0 9 -38 -1 -40 -33 0 25 0 -28 0 2 27 0 -40 -8 0 -32 -31 -44 -12 -38 -15 -11 11 8 28 -34 0 7 -32 -8 33 0 0 30 0 14 0 0 16 -4 0 -28 6 17 38 13 0 0 17 0 3 2 0 -22 0 45 0 0 4 42 0 -43 49 2 0 
48 0 -10 24 -41 25 4 -5 0 -30 27 39 -46 -28 0 30 19 0 -7 -26 -30 0 -46 0 -40 -29 29 -25 19 46 0 -33 7 14 17 0 -28 33 -37 19 -11 38 35 0 -35 37 0 -40 1 28 -48 -24 -15 -31 -49 44 12 28 5 -11 0 28 20 0 -20 0 -2 2 -7 14 0 -22 0 46 16 0 34 -7 38 0 -2 37 0 -35 0 0 0 -29 22 29 25 22 -24 -28 -17 -40 42 -3 -39 0 
44 0 25 41 26 1 -43 42 0 31 -21 -36 42 -8 15 -34 0 22 27 -39 36 0 -11 8 11 -15 2 -29 -49 0 -30 15 -25 -20 42 1 14 -37 43 31 33 -35 49 -31 11 -18 0 39 -1 -29 9 0 0 14 28 32 -35 -6 -14 -43 3 23 -39 0 12 14 -36 0 0 0 19 42 -48 0 -27 0 -40 15 13 -2 3 28 2 26 -4 0 -24 0 -19 -38 0 1 0 -17 -48 0 7 0 -46 6 
-43 -38 37 0 1 0 21 0 0 20 0 26 -39 0 8 -20 28 49 3 37 27 -22 0 34 -19 -24 7 -42 49 49 39 22 0 -6 16 0 0 41 -26 33 0 -20 0 -3 1 2 -28 11 11 12 -2 0 17 48 -41 0 -34 20 46 47 3 33 -40 -29 -23 -25 -27 0 -19 -5 47 11 12 44 -17 -30 -22 -19 0 37 28 0 -17 0 -22 13 -27 0 -38 -13 0 36 -33 41 -1 -31 0 37 -25 37 
28 32 22 26 0 0 20 -45 -18 -6 0 0 0 0 0 -33 0 -21 -42 0 35 -24 0 18 39 27 -39 0 0 0 0 -9 0 -16 0 35 0 41 0 0 0 -19 11 -1 3 8 -34 -42 -11 44 31 45 -9 15 0 15 -25 0 -46 -22 -43 0 40 -36 26 0 34 0 0 0 0 -18 -27 -39 -6 5 -33 0 0 0 2 -17 49 -38 -26 -9 -3 0 0 -9 0 -40 -3 0 0 49 -37 -13 0 0 
0 0 7 -40 9 -18 0 0 0 0 10 0 -14 -1 -33 -29 25 15 40 8 9 47 0 0 -18 0 -36 -17 44 0 17 0 0 -26 -13 22 37 -25 0 -7 -21 -29 22 -23 -38 -20 -17 12 0 49 44 19 0 0 35 29 -24 -3 -32 -18 -44 -16 0 -26 0 -17 0 0 -13 44 0 21 -11 0 19 -17 23 -37 17 -35 26 0 -38 0 -30 -36 25 0 -35 -48 48 49 38 -3 -28 0 28 30 30 -16 
-47 35 -26 0 39 -33 47 0 -14 24 37 0 -21 0 -9 20 -3 -5 15 -22 -4 0 29 30 0 0 34 4 -44 10 -7 -1 0 35 -24 0 -18 22 21 26 0 -17 -28 0 -10 0 0 -40 0 22 -36 0 -21 22 33 26 0 34 25 0 -21 0 0 29 34 0 11 0 0 26 0 -36 48 0 -36 23 19 43 0 0 -4 -22 -26 -30 14 0 0 -13 -11 36 15 -1 38 0 16 -7 -20 -23 -36 0 
-1 -3 -1 0 0 -35 -11 -7 22 44 27 22 -15 0 11 -43 25 -38 0 15 1 0 0 0 0 -26 -4 4 -45 -35 0 4 0 21 0 36 22 -32 -37 -12 -44 34 -36 26 -42 0 18 29 47 41 0 -26 36 -49 -38 -8 -24 0 -35 0 0 -35 0 0 11 0 0 -46 -12 0 -11 27 0 27 44 0 0 0 3 0 0 13 -9 -36 0 38 0 42 -38 32 0 -7 29 -2 41 0 -9 -17 -9 0 
39 -28 28 -43 23 0 30 8 -29 22 -24 7 8 12 -45 0 -34 0 -34 -33 41 -30 0 2 0 -30 44 13 -4 0 0 0 28 0 -2 0 -23 0 19 -49 39 0 7 -42 0 0 0 0 -8 41 8 13 15 -5 -12 0 26 0 0 -4 30 42 -30 0 -27 -33 0 0 -22 49 33 30 -31 0 -31 42 14 3 2 0 -24 -27 -3 25 0 0 -3 0 31 0 43 0 39 0 8 0 15 -35 34 38 
-27 0 0 20 23 0 -20 10 30 47 4 -45 25 40 31 44 0 -2 -39 -38 0 -15 4 31 17 0 7 -25 30 -3 -40 0 14 0 42 35 0 40 17 0 14 0 -31 32 12 39 -47 2 9 7 12 44 0 -14 0 -5 -13 0 -12 0 -38 -45 21 -47 -41 0 25 -12 -12 -41 0 31 47 -4 -36 0 42 34 0 -29 0 0 0 0 -13 42 0 -4 -17 35 27 0 0 -27 0 45 -29 12 40 3 
-49 0 10 13 -1 7 0 38 -28 -19 39 0 0 0 -46 0 -9 -24 34 39 20 -5 18 -23 0 -13 36 18 37 -6 35 -32 0 20 -8 -20 -5 46 22 7 15 0 21 -4 -12 12 22 0 0 25 42 0 -45 -4 26 -4 -34 -48 0 -22 36 -41 -36 0 -38 -21 0 14 -23 16 -31 16 49 -16 -9 0 0 41 -22 22 -19 -38 0 -35 -11 -38 31 -17 0 47 -36 0 -23 -10 0 0 -34 -13 0 -38 
-29 17 -40 20 -4 -40 42 46 28 0 0 47 -31 0 8 -38 -40 0 0 44 0 0 47 -22 13 -40 -40 -28 3 -5 0 0 48 47 0 -6 0 0 0 0 27 0 -49 -23 -16 12 -14 -48 4 49 -26 -38 0 -16 -20 43 45 49 -3 49 -23 31 -2 -2 -47 -36 0 0 -24 -18 20 0 -45 -38 35 -24 -9 14 0 29 -38 -13 -9 -48 36 32 0 35 47 -7 44 44 -30 -33 -22 12 0 19 0 -23 
-27 -5 -2 -29 2 0 22 30 36 0 25 -41 -40 -21 0 -37 0 0 0 -21 -7 17 0 0 22 -15 46 0 0 -15 21 13 34 46 -35 -23 -5 44 -38 24 -41 19 0 49 0 -47 29 -22 0 -17 27 -7 7 0 46 -23 0 -41 0 0 -35 12 39 21 19 -41 -19 0 -36 -5 -28 -11 2 20 -7 0 -17 21 45 25 0 0 0 48 15 0 43 27 -36 44 -22 31 0 36 0 -39 22 -47 0 -5 
21 30 -27 43 -41 -7 -8 -7 25 20 27 0 0 0 -4 -41 -7 -22 0 12 0 0 0 0 0 0 28 -2 37 11 6 10 2 -6 0 13 0 -44 0 17 -34 -43 -10 32 -13 49 0 -2 0 3 -36 -10 -4 -31 -20 -41 -31 0 -27 -39 -49 -35 45 8 0 -27 49 -43 0 37 27 0 0 44 42 0 -49 -25 0 22 1 36 -40 49 -1 -7 0 0 0 44 31 0 -3 27 0 -22 -1 -39 47 -41 
-17 0 -16 -24 -34 0 8 -45 -39 5 30 -44 0 39 11 21 28 -43 -44 0 0 0 -43 0 39 10 0 -12 -38 0 -36 -45 -39 -19 40 -26 -8 29 -29 43 -28 -39 37 0 0 0 0 -10 -29 -3 38 16 19 -13 -10 22 -44 0 -1 0 -7 -21 -29 0 20 45 0 20 -34 -42 11 -18 -14 -40 0 0 -8 -21 0 -24 0 -33 -3 38 38 29 39 0 -23 -30 0 -3 -45 -12 -35 39 18 -19 -4 9 
45 -33 -41 36 -19 -31 45 0 8 29 40 33 -41 0 41 17 10 -45 32 1 0 -31 10 0 -32 25 38 0 2 -41 18 -10 11 -33 32 6 -13 -39 -24 0 0 -8 0 0 -47 -30 26 20 17 43 0 0 0 -26 0 0 0 -7 0 -12 12 34 0 8 -1 19 -17 42 33 -30 -30 0 41 -35 -4 28 -1 14 4 -28 -17 41 0 -3 0 -2 0 -27 -10 -33 36 27 -12 44 -9 -34 -6 -37 43 49 
29 -23 0 0 -28 21 37 -18 -5 42 0 9 32 0 -25 -19 4 14 0 12 -29 40 0 0 0 0 0 0 -46 -42 8 -35 7 35 0 -34 -45 -5 0 30 36 -1 -40 -38 -19 -29 -5 0 2 -33 -29 -45 0 40 48 17 44 0 -39 43 0 14 16 -45 -36 -20 28 2 -25 -24 -29 -11 0 -10 -25 -4 32 -1 42 -17 -48 -1 0 -28 16 41 8 0 0 -22 0 0 -35 -9 0 44 49 10 -4 14 
0 -5 34 -10 19 0 0 -35 -39 -6 23 0 45 -1 36 39 -11 34 0 -36 46 17 -34 0 -14 -12 44 0 0 30 44 0 2 33 6 -36 33 0 25 -36 -1 -26 -19 -15 28 -32 0 30 -4 0 15 48 0 0 0 0 0 41 37 1 -19 -34 0 -24 -22 0 -24 28 32 2 -25 -41 -23 -10 11 49 31 46 0 -40 0 -31 49 0 -7 0 0 45 0 12 -39 -22 39 -34 44 -48 -6 43 0 33 
41 3 5 0 -23 34 -2 -43 46 8 38 40 0 2 -48 21 19 -17 -31 -3 0 -5 46 42 0 0 21 -30 0 0 -3 36 0 -11 -22 -25 0 0 -42 18 0 -9 0 -44 -23 0 -21 11 27 -48 47 27 0 0 -24 40 30 0 -19 0 0 -40 11 -46 -36 0 32 -23 0 0 38 0 -48 -38 -6 0 -23 31 -43 42 7 0 -37 28 -20 -9 15 -29 -34 0 22 -1 18 -6 49 -6 0 0 0 0 
32 45 0 -13 -39 17 46 -3 -43 3 -49 30 23 0 45 -30 0 17 0 36 0 0 5 0 -42 -48 14 0 -24 8 0 39 -40 24 46 -5 -44 0 -27 -35 -36 19 -6 -34 0 -47 3 45 0 0 0 0 -4 0 0 1 7 -35 -46 0 -14 -25 12 0 15 -2 0 38 -6 0 22 46 0 37 37 -46 37 -49 49 -3 0 37 -13 30 -23 -17 -35 12 -13 19 -47 -39 -19 -37 10 43 0 0 2 34 
0 -20 0 0 38 0 40 13 0 7 -25 -21 -38 -22 -29 -26 4 36 -20 -26 27 0 18 13 12 27 48 0 0 -2 0 43 3 27 27 -23 -18 18 3 -36 44 0 -8 0 16 -11 0 37 -21 -32 -49 47 -34 13 10 16 0 40 -32 0 40 0 -14 0 0 42 43 0 -7 0 0 23 -4 13 0 13 30 -43 2 -39 -46 -25 0 30 -36 -9 34 40 0 0 0 47 -4 43 -4 0 0 2 -43 22 
17 13 8 49 30 -24 0 1 0 -26 1 0 -46 39 25 -30 -35 41 45 15 -31 0 -12 -20 12 -7 21 -45 -43 0 0 48 0 0 0 -44 43 21 23 36 13 16 -39 35 -20 23 -5 27 32 0 -1 14 -28 -20 0 -16 0 0 5 31 21 0 12 7 -37 26 37 -27 -13 8 -32 5 9 0 -13 38 -45 0 0 0 6 37 0 -16 0 0 38 3 -38 -23 -5 -41 9 49 14 33 0 34 22 -31 
