80
0 0 0 0 0 42 0 0 0 0 0 0 0 0 0 0 11 -29 12 -35 0 0 0 0 0 0 0 0 0 0 0 0 0 0 0 0 0 0 13 -30 0 0 46 -25 0 0 0 0 0 0 0 0 0 45 0 0 0 0 0 0 0 28 0 0 -4 0 0 0 0 0 0 0 0 0 0 0 0 28 -47 0 
0 0 0 0 0 41 0 0 -40 -17 0 0 0 0 0 0 0 -3 -6 0 28 0 -3 18 0 0 0 0 -18 1 0 0 0 0 41 0 0 14 43 -15 0 0 0 0 0 0 0 21 0 0 0 0 0 0 43 0 0 0 0 0 0 0 0 0 4 38 0 -46 0 33 -22 0 0 0 0 36 0 0 0 0 
0 0 -4 0 28 0 0 0 22 0 0 0 0 0 5 0 0 0 15 0 0 0 37 0 36 0 0 0 0 0 0 0 -30 0 0 -49 0 0 0 -13 0 0 0 0 40 0 0 0 0 0 0 29 0 0 0 0 0 -36 37 0 0 21 -49 0 0 0 0 0 0 0 0 0 0 0 0 22 0 0 0 0 
0 -4 22 0 0 0 0 0 42 0 40 0 0 -19 0 0 0 0 -19 0 0 0 42 43 0 -4 -4 0 0 0 6 0 0 0 0 -22 0 0 0 0 0 0 -33 0 0 17 29 0 47 0 0 0 0 0 -42 0 0 0 -38 -36 0 -10 0 0 2 0 0 0 0 0 0 0 0 0 0 0 0 0 -34 0 
0 0 0 0 0 0 0 0 0 0 -43 0 38 0 -17 0 0 0 29 0 0 0 0 32 0 0 0 -11 0 0 0 0 -27 0 0 0 0 0 0 0 0 0 0 0 0 0 0 0 0 0 0 0 0 -20 0 0 0 0 0 0 0 5 0 0 0 0 -39 -41 0 0 38 0 6 0 0 0 0 0 -17 0 
0 28 0 0 -23 0 0 0 0 0 0 0 0 0 0 0 -18 0 0 0 -7 0 0 0 0 0 0 0 0 0 0 -47 0 0 42 -15 0 0 0 0 -31 -40 48 0 0 0 31 0 0 0 18 0 0 0 0 0 0 4 0 0 -7 -11 36 5 0 0 0 -34 0 0 0 0 43 -32 0 0 0 0 26 0 
41 0 0 0 0 0 0 0 0 0 -27 0 0 0 0 0 0 0 35 -3 -28 0 0 17 0 0 8 0 0 0 0 0 -23 0 0 -35 0 0 0 0 0 0 0 -46 0 36 0 0 0 0 0 0 0 -20 0 0 0 0 0 0 0 13 0 0 0 0 0 0 -24 0 4 0 0 40 -12 0 -48 0 0 4 
0 0 0 0 0 0 -7 0 -26 1 -33 0 0 0 0 0 0 0 48 48 0 0 -9 0 0 0 -39 0 -3 0 0 -26 0 -37 0 0 0 0 4 0 0 0 0 0 0 0 0 0 31 0 25 0 0 0 0 0 0 0 0 0 0 0 -49 -33 0 0 0 -32 -16 0 0 -35 0 40 0 16 0 0 39 0 
0 0 0 0 0 0 0 0 0 43 0 0 0 5 -15 0 0 22 0 -47 0 0 0 0 0 28 0 0 0 0 0 26 0 -37 0 -16 0 -35 0 0 0 0 -16 0 8 0 0 0 0 0 0 0 0 -33 0 0 0 0 0 0 0 0 0 -7 0 0 41 0 0 0 0 -17 0 0 0 0 40 0 0 0 
-40 22 42 0 0 0 -26 0 0 -28 0 0 40 0 0 0 0 0 0 0 0 -12 0 0 -14 4 -29 0 0 0 0 6 49 0 0 0 0 -39 -2 -40 0 -23 0 0 0 -13 0 0 0 0 0 0 0 0 -23 0 27 0 -11 0 25 0 9 0 0 0 1 -19 0 0 0 0 0 0 -17 0 0 0 0 0 
-17 0 0 0 0 0 1 43 -28 0 0 0 0 33 0 0 0 -12 0 0 18 0 24 -35 0 0 -9 0 0 0 -30 0 0 26 0 8 0 0 0 -10 0 0 0 0 0 0 0 0 0 0 0 0 0 0 0 0 0 0 -32 0 -30 0 0 0 49 0 -14 0 0 -49 0 0 0 33 37 -19 0 0 0 0 
0 0 40 -43 0 -27 -33 0 0 0 0 -18 0 0 0 0 -49 0 0 0 0 0 0 0 -12 0 0 0 0 0 0 0 0 42 0 0 0 -11 47 -32 0 0 0 3 0 0 0 0 0 17 0 0 0 0 0 0 -37 0 0 31 -15 19 0 0 0 0 0 0 0 0 0 0 0 0 0 0 0 0 -16 0 
0 0 0 0 0 0 0 0 0 0 -18 33 49 0 0 0 0 39 0 40 0 0 -28 0 0 0 0 0 0 0 0 0 0 0 8 0 45 0 -11 0 -25 0 -24 0 0 0 0 0 0 0 0 42 0 0 0 0 -45 0 0 0 0 0 0 0 -33 9 39 0 0 0 0 0 0 0 -1 0 0 0 0 0 
0 0 0 38 0 0 0 0 40 0 0 49 0 0 0 0 -34 0 -31 0 0 0 0 0 0 -18 0 0 38 0 48 0 13 0 0 0 0 0 0 0 0 28 0 0 0 -22 0 0 0 0 0 0 0 0 0 0 0 0 0 0 0 0 34 0 0 0 0 0 0 0 0 0 0 -47 0 0 0 0 0 -34 
0 0 -19 0 0 0 0 5 0 33 0 0 0 0 0 0 0 0 0 0 0 0 0 0 0 -16 0 -28 0 -26 36 0 0 47 0 0 0 0 0 18 49 0 0 0 3 32 0 0 0 0 0 0 46 0 0 0 0 0 -37 0 31 0 -20 -24 -8 0 0 13 0 0 0 0 0 40 0 0 0 0 0 0 
0 5 0 -17 0 0 0 -15 0 0 0 0 0 0 0 0 0 0 -23 -1 0 0 0 0 0 -49 -14 0 0 0 0 -40 0 -7 0 -31 21 0 0 33 0 0 0 0 0 0 0 49 -40 -29 0 0 0 43 0 0 0 0 0 2 -4 0 0 0 0 0 0 0 28 27 0 0 0 0 0 17 0 0 0 0 
0 0 0 0 0 0 0 0 0 0 0 0 0 0 0 0 0 0 18 0 0 0 0 0 0 0 0 0 0 0 0 0 -46 0 12 0 0 16 -31 -1 0 0 49 0 0 0 0 0 -23 0 0 0 2 0 -9 0 0 0 0 40 0 0 0 0 -48 0 0 0 32 0 0 0 27 0 0 0 0 0 24 0 
0 0 0 0 -18 0 0 0 0 0 -49 0 -34 0 0 0 1 0 0 0 0 0 0 0 0 0 0 0 48 0 0 0 -19 0 0 0 35 0 0 33 0 0 0 -35 0 0 0 0 -25 0 0 0 0 0 0 0 4 42 0 0 -8 8 45 37 0 0 0 0 0 0 0 0 0 0 0 0 0 -4 28 0 
-3 0 0 0 0 0 0 22 0 -12 0 39 0 0 0 0 0 0 37 0 0 0 -14 23 15 0 -49 0 36 42 0 -41 0 0 10 0 -47 0 -39 -6 0 0 28 -16 -11 0 0 -6 -16 0 17 0 0 -27 0 -43 0 0 -12 0 0 -45 0 0 0 0 1 0 0 -11 0 0 0 0 0 0 0 20 0 11 
-6 15 -19 29 0 35 48 0 0 0 0 0 -31 0 -23 18 0 37 0 -14 0 0 0 0 -32 27 0 0 -35 0 0 0 0 0 49 0 0 0 0 -16 0 0 0 0 0 0 0 0 0 0 0 0 35 0 0 0 0 28 0 -8 0 19 0 -7 0 0 0 0 0 0 0 0 -7 0 0 0 0 0 -32 0 
0 0 0 0 0 -3 48 -47 0 0 0 40 0 0 -1 0 0 0 -14 0 33 0 0 -7 -45 0 0 0 0 0 0 31 0 -3 0 0 46 0 0 0 0 0 0 -40 0 0 8 0 0 0 0 0 -14 0 10 0 -43 0 0 0 0 0 6 0 0 0 0 0 0 0 0 5 0 -40 0 0 0 -4 0 0 
28 0 0 0 -7 -28 0 0 0 18 0 0 0 0 0 0 0 0 0 33 11 0 0 0 0 0 0 0 0 0 -47 0 0 0 -42 0 0 -14 0 0 0 0 0 0 0 0 0 0 8 0 0 -25 0 0 0 0 0 0 0 0 0 -46 0 0 0 -46 0 0 0 0 8 0 0 0 0 21 -8 0 0 0 
0 0 0 0 0 0 0 0 -12 0 0 0 0 0 0 0 0 0 0 0 0 0 0 0 0 0 0 2 0 0 2 0 0 0 -4 0 0 -10 19 0 0 0 0 0 0 0 0 0 0 0 0 0 0 0 0 0 -7 -44 7 0 0 0 0 36 0 0 0 0 0 -48 0 0 0 0 0 0 0 0 12 0 
-3 37 42 0 0 0 -9 0 0 24 0 -28 0 0 0 0 0 -14 0 0 0 0 0 0 0 0 0 0 49 0 0 -14 0 0 0 14 0 0 0 10 0 0 0 49 0 0 0 0 0 0 0 17 -33 0 0 0 0 0 -30 -49 0 0 0 34 0 0 0 0 0 0 0 0 0 0 0 0 0 0 0 -8 
18 0 43 32 0 17 0 0 0 -35 0 0 0 0 0 0 0 23 0 -7 0 0 0 0 0 0 -17 0 0 41 35 0 -2 0 0 -24 0 0 30 0 0 -24 0 11 0 0 0 0 0 0 38 42 0 0 0 0 0 6 0 0 0 0 0 0 0 0 0 0 40 21 0 -39 0 0 0 22 0 0 0 18 
0 36 0 0 0 0 0 0 -14 0 -12 0 0 0 0 0 0 15 -32 -45 0 0 0 0 0 0 0 0 0 0 0 0 -9 0 -32 22 0 0 29 24 0 0 0 0 4 0 0 0 0 0 0 0 0 28 -9 0 0 0 38 0 0 0 19 0 0 0 0 0 0 0 0 21 26 26 0 0 9 -49 0 0 
0 0 -4 0 0 0 0 28 4 0 0 0 -18 -16 -49 0 0 0 27 0 0 0 0 0 0 0 0 0 0 0 30 0 -22 0 6 0 -49 0 0 9 0 0 8 0 31 0 0 8 0 0 -6 -15 0 0 -7 0 0 0 0 -33 0 0 0 0 0 0 0 -21 -37 43 0 0 0 20 0 -11 17 0 0 0 
0 0 -4 0 0 8 -39 0 -29 -9 0 0 0 0 -14 0 0 -49 0 0 0 0 0 -17 0 0 0 0 0 -7 0 0 0 0 0 0 0 -42 0 0 44 0 -17 -34 -43 0 0 0 0 -42 37 0 0 -26 0 0 0 0 9 0 0 0 0 32 0 0 11 27 0 0 0 0 0 0 11 -13 -11 0 42 0 
0 0 0 -11 0 0 0 0 0 0 0 0 0 -28 0 0 0 0 0 0 0 2 0 0 0 0 0 0 0 14 -27 0 4 0 0 0 0 0 0 0 0 0 0 19 0 -25 0 0 0 0 0 0 0 0 33 0 0 0 0 9 9 0 0 -23 0 0 33 0 0 3 0 0 0 0 -16 0 0 0 0 0 
-18 0 0 0 0 0 -3 0 0 0 0 0 38 0 0 0 48 36 -35 0 0 0 49 0 0 0 0 0 -25 0 0 0 0 0 0 0 0 0 0 0 0 0 26 0 0 0 0 0 0 0 0 0 0 -30 0 0 -13 0 0 24 0 -27 21 0 -29 -8 0 0 3 0 0 0 0 -12 0 0 0 0 26 0 
1 0 0 0 0 0 0 0 0 0 0 0 0 -26 0 0 0 42 0 0 0 0 0 41 0 0 -7 14 0 0 0 0 0 0 0 -46 44 0 0 0 0 0 0 4 41 0 0 0 0 0 -45 0 -44 0 0 0 0 0 0 0 0 -2 0 0 -42 0 0 0 0 0 0 0 0 0 7 2 0 0 0 0 
0 0 6 0 0 0 0 0 0 -30 0 0 48 36 0 0 0 0 0 0 -47 2 0 35 0 30 0 -27 0 0 22 0 -40 0 0 0 0 0 -25 -23 0 0 33 0 0 27 0 40 30 -21 0 0 0 0 0 0 4 -33 0 0 0 0 4 0 38 0 0 0 -8 0 0 0 -28 0 0 0 8 0 0 0 
0 0 0 0 -47 0 -26 26 6 0 0 0 0 0 -40 0 0 -41 0 31 0 0 -14 0 0 0 0 0 0 0 0 0 -31 0 0 0 0 0 27 0 0 0 0 0 0 0 0 0 0 0 5 0 8 0 0 -30 0 0 0 0 0 0 -27 -44 0 1 0 -34 0 0 0 0 9 0 0 0 31 0 0 0 
0 -30 0 -27 0 -23 0 0 49 0 0 0 13 0 0 -46 -19 0 0 0 0 0 0 -2 -9 -22 0 4 0 0 -40 -31 0 0 0 11 0 0 -47 0 0 0 0 7 0 -8 0 -12 0 4 0 0 -41 -38 5 0 0 0 0 0 0 0 0 -15 0 0 0 0 0 0 0 -31 0 0 0 0 0 0 0 16 
0 0 0 0 0 0 -37 -37 0 26 42 0 0 47 -7 0 0 0 0 -3 0 0 0 0 0 0 0 0 0 0 0 0 0 16 0 0 0 -1 0 0 -46 0 0 0 0 0 -25 -46 0 0 0 -23 -39 0 0 0 0 0 5 1 0 -40 0 0 0 -19 0 0 0 23 -14 5 0 0 -19 0 0 0 -49 0 
41 0 0 0 42 0 0 0 0 0 0 8 0 0 0 12 0 10 49 0 -42 -4 0 0 -32 6 0 0 0 0 0 0 0 0 0 0 0 0 0 0 0 -24 47 0 0 0 0 0 0 0 0 0 0 0 0 -46 0 0 0 0 0 -27 0 0 0 22 0 22 26 0 1 0 0 0 0 12 32 0 0 0 
0 -49 -22 0 -15 -35 0 -16 0 8 0 0 0 0 -31 0 0 0 0 0 0 0 14 -24 22 0 0 0 0 -46 0 0 11 0 0 0 0 0 0 0 0 -4 47 0 0 0 0 0 1 0 0 0 43 0 0 0 0 48 0 0 0 0 0 0 0 5 0 0 0 0 0 -15 0 12 0 0 0 0 0 0 
0 0 0 0 0 0 0 0 0 0 0 45 0 0 21 0 35 -47 0 46 0 0 0 0 0 -49 0 0 0 44 0 0 0 0 0 0 0 -39 0 0 0 0 0 -47 0 0 0 0 0 0 0 0 46 0 0 19 0 0 0 0 0 0 -42 0 0 0 -11 0 0 -2 0 30 0 0 -12 3 4 -44 29 0 
14 0 0 0 0 0 0 -35 -39 0 -11 0 0 0 0 16 0 0 0 0 -14 -10 0 0 0 0 -42 0 0 0 0 0 0 -1 0 0 -39 -8 -22 -24 0 0 0 0 0 0 30 0 0 47 0 0 0 40 0 0 0 14 0 0 41 0 40 0 0 0 37 0 0 0 0 20 0 0 0 0 0 0 -25 0 
43 0 0 0 0 0 4 0 -2 0 47 -11 0 0 0 -31 0 -39 0 0 0 19 0 30 29 0 0 0 0 0 -25 27 -47 0 0 0 0 -22 0 0 0 0 38 0 0 0 0 0 0 0 0 0 0 0 0 0 0 0 0 -34 0 0 0 0 0 0 0 0 0 0 -7 0 -36 0 0 0 -12 0 0 0 
-15 -13 0 0 0 0 0 0 -40 -10 -32 0 0 18 33 -1 33 -6 -16 0 0 0 10 0 24 9 0 0 0 0 -23 0 0 0 0 0 0 -24 0 0 -7 0 0 0 -33 0 0 0 0 0 0 -45 31 -46 8 0 0 0 0 0 0 0 41 0 0 0 0 0 1 0 45 -29 25 0 0 0 0 27 0 0 
0 0 0 0 -31 0 0 0 0 0 0 -25 0 49 0 0 0 0 0 0 0 0 0 0 0 0 44 0 0 0 0 0 0 -46 0 0 0 0 0 -7 -13 0 7 0 0 0 0 0 0 0 -35 0 0 0 0 0 0 47 0 16 -15 -3 0 0 1 47 38 8 0 0 0 0 0 0 0 0 0 -6 24 -3 
0 0 0 0 -40 0 0 0 -23 0 0 0 28 0 0 0 0 0 0 0 0 0 0 -24 0 0 0 0 0 0 0 0 0 0 -24 -4 0 0 0 0 0 0 0 0 0 0 44 0 0 0 10 0 0 0 14 0 0 0 0 0 0 0 0 0 0 0 0 0 0 -40 0 0 33 0 0 0 0 0 0 0 
0 0 -33 0 48 0 0 -16 0 0 0 -24 0 0 0 49 0 28 0 0 0 0 0 0 0 8 -17 0 26 0 33 0 0 0 47 47 0 0 38 0 7 0 0 0 0 0 0 0 0 0 0 -40 0 25 0 0 0 0 0 46 0 0 0 0 0 0 20 0 0 0 0 -40 0 0 0 -34 0 0 0 0 
0 0 0 0 0 -46 0 0 0 0 3 0 0 0 0 0 -35 -16 0 -40 0 0 49 11 0 0 -34 19 0 4 0 0 7 0 0 0 -47 0 0 0 0 0 0 0 -19 0 37 0 0 44 0 0 40 0 0 0 0 0 0 -13 0 0 0 0 0 0 0 0 21 0 0 0 0 0 0 -30 -25 0 0 -7 
0 40 0 0 0 0 0 8 0 0 0 0 0 3 0 0 0 -11 0 0 0 0 0 0 4 31 -43 0 0 41 0 0 0 0 0 0 0 0 0 -33 0 0 0 -19 22 0 0 0 -13 0 0 0 0 0 0 0 0 0 0 0 0 0 0 0 0 0 0 7 -16 41 0 35 0 0 0 0 0 0 32 0 
0 0 17 0 0 36 0 0 -13 0 0 0 -22 32 0 0 0 0 0 0 0 0 0 0 0 0 0 -25 0 0 27 0 -8 0 0 0 0 0 0 0 0 0 0 0 0 0 0 0 0 0 0 0 0 0 0 0 -34 0 29 14 -5 0 0 0 0 0 0 0 -10 0 0 -17 -35 0 0 0 0 0 0 0 
0 0 29 0 31 0 0 0 0 0 0 0 0 0 0 0 0 0 0 8 0 0 0 0 0 0 0 0 0 0 0 0 0 -25 0 0 0 30 0 0 0 44 0 37 0 0 0 0 0 0 0 0 34 0 -27 -37 0 0 -40 -27 0 -30 0 0 0 9 0 0 0 0 47 0 0 0 0 -23 0 0 0 -39 
21 0 0 0 0 0 0 0 0 0 0 0 0 0 49 0 0 -6 0 0 0 0 0 0 0 8 0 0 0 0 40 0 -12 -46 0 0 0 0 0 0 0 0 0 0 0 0 0 0 0 0 0 28 0 0 -7 -7 -5 0 0 0 -9 0 15 0 -8 0 0 0 0 0 0 0 0 0 0 0 0 0 0 0 
0 0 47 0 0 0 31 0 0 0 0 0 0 0 -40 -23 -25 -16 0 0 8 0 0 0 0 0 0 0 0 0 30 0 0 0 0 1 0 0 0 0 0 0 0 0 -13 0 0 0 0 12 0 0 0 0 0 0 0 0 16 0 -40 0 0 0 0 0 27 0 0 0 0 4 -39 0 0 0 0 -27 0 0 
0 0 0 0 0 0 0 0 0 0 17 0 0 0 -29 0 0 0 0 0 0 0 0 0 0 0 -42 0 0 0 -21 0 4 0 0 0 0 47 0 0 0 0 0 44 0 0 0 0 12 0 0 0 0 0 0 0 0 13 0 0 0 14 14 -48 -4 33 0 0 0 0 -23 0 0 0 0 0 0 -18 0 0 
0 0 0 0 18 0 25 0 0 0 0 0 0 0 0 0 0 17 0 0 0 0 0 38 0 -6 37 0 0 -45 0 5 0 0 0 0 0 0 0 0 -35 10 0 0 0 0 0 0 0 0 0 0 0 0 0 0 0 0 0 0 36 0 0 -27 0 -13 0 0 0 -3 0 -42 0 0 0 0 0 0 0 0 
0 29 0 0 0 0 0 0 0 0 0 42 0 0 0 0 0 0 0 0 -25 0 17 42 0 -15 0 0 0 0 0 0 0 -23 0 0 0 0 0 -45 0 0 -40 0 0 0 0 28 0 0 0 0 0 0 0 -15 0 0 0 0 0 0 0 0 0 0 0 15 0 23 0 0 -4 0 0 0 0 0 0 0 
0 0 0 0 0 0 0 0 0 0 0 0 0 46 0 2 0 0 35 -14 0 0 -33 0 0 0 0 0 0 -44 0 8 -41 -39 0 43 46 0 0 31 0 0 0 40 0 0 34 0 0 0 0 0 0 0 15 0 -44 34 -2 -24 0 0 -22 -43 0 0 0 14 34 0 0 0 0 0 0 0 0 0 0 0 
0 0 0 -20 0 -20 0 -33 0 0 0 0 0 0 43 0 0 -27 0 0 0 0 0 0 28 0 -26 0 -30 0 0 0 -38 0 0 0 0 40 0 -46 0 0 25 0 0 0 0 0 0 0 0 0 0 0 0 -4 0 0 0 0 -29 43 0 5 0 0 0 0 0 0 -39 0 0 0 0 0 39 0 0 0 
43 0 -42 0 0 0 0 0 -23 0 0 0 0 0 0 -9 0 0 0 10 0 0 0 0 -9 -7 0 33 0 0 0 0 5 0 0 0 0 0 0 8 0 14 0 0 0 0 -27 -7 0 0 0 0 15 0 0 0 0 46 0 0 0 -44 0 -13 0 -19 6 0 0 16 0 0 -41 0 0 0 28 0 0 0 
0 0 0 0 0 0 0 0 0 0 0 0 0 0 0 0 0 -43 0 0 0 0 0 0 0 0 0 0 0 0 0 -30 0 0 -46 0 19 0 0 0 0 0 0 0 0 0 -37 -7 0 0 0 -15 0 -4 0 0 0 0 -3 0 0 0 0 0 -27 -46 0 0 0 0 36 0 3 0 -41 0 0 0 0 0 
0 0 0 0 0 0 0 0 27 0 -37 -45 0 0 0 0 4 0 0 -43 0 -7 0 0 0 0 0 0 -13 0 4 0 0 0 0 0 0 0 0 0 0 0 0 0 0 -34 0 -5 0 0 0 0 -44 0 0 0 26 0 -18 23 0 0 0 0 0 0 0 -44 0 0 -9 0 0 0 0 0 0 33 0 27 
0 -36 0 0 4 0 0 0 0 0 0 0 0 0 0 0 42 0 28 0 0 -44 0 6 0 0 0 0 0 0 -33 0 0 0 0 48 0 14 0 0 47 0 0 0 0 0 0 0 0 13 0 0 34 0 46 0 0 0 0 29 0 0 0 0 15 0 -34 0 -14 10 0 0 32 0 0 0 0 -12 -31 0 
0 37 -38 0 0 0 0 0 -11 -32 0 0 0 -37 0 0 0 -12 0 0 0 7 -30 0 38 0 9 0 0 0 0 0 0 5 0 0 0 0 0 0 0 0 0 0 0 29 -40 0 16 0 0 0 -2 0 0 -3 -18 0 0 0 0 45 0 0 0 0 27 0 0 0 0 0 0 -41 0 0 0 0 0 30 
0 0 -36 0 0 0 0 0 0 0 31 0 0 0 2 40 0 0 -8 0 0 0 -49 0 0 -33 0 9 24 0 0 0 0 1 0 0 0 0 -34 0 16 0 46 -13 0 14 -27 0 0 0 0 0 -24 0 0 0 23 29 0 0 -3 0 0 0 0 0 0 -9 0 10 0 0 -33 0 0 0 0 0 0 0 
0 0 0 0 -7 0 0 0 25 -30 -15 0 0 31 -4 0 -8 0 0 0 0 0 0 0 0 0 0 9 0 0 0 0 0 0 0 0 0 41 0 0 -15 0 0 0 0 -5 0 -9 -40 0 36 0 0 -29 0 0 0 0 0 -3 0 0 0 0 0 0 -4 0 0 0 0 0 39 23 0 0 0 0 0 46 
0 21 -10 5 -11 13 0 0 0 0 19 0 0 0 0 0 8 -45 19 0 -46 0 0 0 0 0 0 0 -27 -2 0 0 0 -40 -27 0 0 0 0 0 -3 0 0 0 0 0 -30 0 0 14 0 0 0 43 -44 0 0 0 45 0 0 0 0 -17 0 0 0 0 0 38 0 0 0 -24 0 0 0 0 0 0 
0 -49 0 0 36 0 -49 0 9 0 0 0 34 -20 0 0 45 0 0 6 0 0 0 0 19 0 0 0 21 0 4 -27 0 0 0 0 -42 40 0 41 0 0 0 0 0 0 0 15 0 14 0 0 -22 0 0 0 0 0 0 0 0 0 0 0 0 25 0 27 37 0 0 0 0 0 13 0 0 0 0 0 
0 0 0 0 5 0 -33 -7 0 0 0 0 0 -24 0 0 37 0 -7 0 0 36 34 0 0 0 32 -23 0 0 0 -44 -15 0 0 0 0 0 0 0 0 0 0 0 0 0 0 0 0 -48 -27 0 -43 5 -13 0 0 0 0 0 0 -17 0 0 5 0 0 0 0 0 0 0 4 -49 0 0 41 15 0 0 
4 0 2 0 0 0 0 0 0 49 0 -33 0 -8 0 -48 0 0 0 0 0 0 0 0 0 0 0 0 -29 -42 38 0 0 0 0 0 0 0 0 0 1 0 0 0 0 0 0 -8 0 -4 0 0 0 0 0 -27 0 15 0 0 0 0 0 5 0 0 0 0 0 0 -22 0 -28 -15 0 0 0 -32 0 0 
38 0 0 0 0 0 0 0 0 0 0 9 0 0 0 0 0 0 0 0 -46 0 0 0 0 0 0 0 -8 0 0 1 0 -19 22 5 0 0 0 0 47 0 0 0 0 0 9 0 0 33 -13 0 0 0 -19 -46 0 0 0 0 0 0 25 0 0 0 0 0 0 46 1 0 0 0 0 25 0 -30 0 0 
0 0 0 -39 0 0 0 41 1 -14 0 39 0 0 0 0 0 1 0 0 0 0 0 0 0 0 11 33 0 0 0 0 0 0 0 0 -11 37 0 0 38 0 20 0 0 0 0 0 27 0 0 0 0 0 6 0 0 -34 27 0 -4 0 0 0 0 0 0 -22 -46 0 0 -5 0 0 45 0 -18 0 10 0 
-46 0 0 -41 -34 0 -32 0 -19 0 0 0 0 13 0 0 0 0 0 0 0 0 0 0 0 -21 27 0 0 0 0 -34 0 0 22 0 0 0 0 0 8 0 0 0 7 0 0 0 0 0 0 15 14 0 0 0 -44 0 0 -9 0 0 27 0 0 0 -22 -17 0 0 0 0 -38 0 0 0 0 0 11 -10 
0 0 0 0 0 -24 -16 0 0 0 0 0 0 0 28 32 0 0 0 0 0 0 0 40 0 -37 0 0 3 0 -8 0 0 0 26 0 0 0 0 1 0 0 0 21 -16 -10 0 0 0 0 0 0 34 0 0 0 0 -14 0 0 0 0 37 0 0 0 -46 0 0 0 0 0 0 0 0 0 0 0 0 0 
33 0 0 0 0 0 0 0 0 -49 0 0 0 0 27 0 0 -11 0 0 0 -48 0 21 0 43 0 3 0 0 0 0 0 23 0 0 -2 0 0 0 0 -40 0 0 41 0 0 0 0 0 -3 23 0 0 16 0 0 10 0 10 0 38 0 0 0 46 0 0 0 0 40 0 0 0 0 23 6 -34 -10 0 
-22 0 0 38 0 4 0 0 0 0 0 0 0 0 0 0 0 0 0 0 8 0 0 0 0 0 0 0 0 0 0 0 0 -14 1 0 0 0 -7 45 0 0 0 0 0 0 47 0 0 -23 0 0 0 -39 0 36 -9 0 0 0 0 0 0 0 -22 1 0 0 0 40 0 0 0 0 -27 37 0 0 0 0 
0 0 0 0 0 0 -35 -17 0 0 0 0 0 0 0 0 0 0 0 5 0 0 0 -39 21 0 0 0 0 0 0 0 -31 5 0 -15 30 20 0 -29 0 0 -40 0 35 -17 0 0 4 0 -42 0 0 0 0 0 0 0 0 0 0 0 0 0 0 0 -5 0 0 0 0 0 0 0 0 0 0 0 0 -7 
0 0 0 6 43 0 0 0 0 0 0 0 0 0 0 27 0 0 -7 0 0 0 0 0 26 0 0 0 0 0 -28 9 0 0 0 0 0 0 -36 25 0 33 0 0 0 -35 0 0 -39 0 0 -4 0 0 -41 3 0 32 0 -33 39 0 0 4 -28 0 0 -38 0 0 0 0 17 -17 -17 0 0 0 0 0 
0 0 0 0 -32 40 40 0 0 33 0 0 -47 40 0 0 0 0 0 -40 0 0 0 0 26 20 0 0 -12 0 0 0 0 0 0 12 0 0 0 0 0 0 0 0 0 0 0 0 0 0 0 0 0 0 0 0 0 0 -41 0 23 -24 0 -49 -15 0 0 0 0 0 0 0 -17 0 0 34 0 0 -45 0 
0 0 0 0 0 -12 0 0 -17 37 0 -1 0 0 0 0 0 0 0 0 0 0 0 0 0 0 11 -16 0 7 0 0 0 -19 0 0 -12 0 0 0 0 0 0 0 0 0 0 0 0 0 0 0 0 0 0 -41 0 0 0 0 0 0 13 0 0 0 45 0 0 0 -27 0 -17 0 0 0 0 0 0 0 
36 22 0 0 0 0 16 0 0 -19 0 0 0 0 17 0 0 0 0 0 21 0 0 22 0 -11 -13 0 0 2 0 0 0 0 12 0 3 0 0 0 0 0 -34 -30 0 0 -23 0 0 0 0 0 0 0 0 0 0 0 0 0 0 0 0 0 0 25 0 0 0 23 37 0 0 34 0 0 0 0 0 0 
0 0 0 0 0 -48 0 40 0 0 0 0 0 0 0 0 0 0 0 0 -8 0 0 0 9 17 -11 0 0 0 8 31 0 0 32 0 4 0 -12 0 0 0 0 -25 0 0 0 0 0 0 0 0 0 39 28 0 0 0 0 0 0 0 0 41 0 0 -18 0 0 6 0 0 0 0 0 0 0 0 0 0 
0 0 0 0 0 0 0 0 0 0 0 0 0 0 0 0 -4 20 0 -4 0 0 0 0 -49 0 0 0 0 0 0 0 0 0 0 0 -44 0 0 27 -6 0 0 0 0 0 0 0 -27 -18 0 0 0 0 0 0 33 -12 0 0 0 0 0 15 -32 -30 0 0 0 -34 0 0 0 0 0 0 0 0 -14 0 
0 0 -34 -17 26 0 39 0 0 0 -16 0 0 0 0 24 28 0 -32 0 0 12 0 0 0 0 42 0 26 0 0 0 0 -49 0 0 29 -25 0 0 24 0 0 0 32 0 0 0 0 0 0 0 0 0 0 0 0 -31 0 0 0 0 0 0 0 0 10 11 0 -10 0 0 0 -45 0 0 0 -14 27 0 
0 0 0 0 0 4 0 0 0 0 0 0 -34 0 0 0 0 11 0 0 0 0 -8 18 0 0 0 0 0 0 0 0 16 0 0 0 0 0 0 0 -3 0 0 -7 0 0 -39 0 0 0 0 0 0 0 0 0 27 0 30 0 46 0 0 0 0 0 0 -10 0 0 0 -7 0 0 0 0 0 0 0 0 
