70
0 40 22 0 0 24 -2 0 -1 -42 23 0 0 0 4 0 6 -28 44 37 0 0 22 -39 -48 0 -36 -41 -17 -32 0 -45 -42 -16 0 27 26 0 -47 0 48 0 0 5 0 29 0 0 0 -10 27 0 0 31 0 0 0 -2 0 0 0 34 0 0 -20 0 0 0 0 0 
-48 0 0 -15 0 0 0 -38 0 0 18 11 15 18 0 0 -1 -39 -6 47 0 -1 0 -21 0 -7 0 0 20 13 7 -6 -40 5 0 0 0 -44 1 0 -44 33 25 0 0 0 0 -41 0 20 0 0 -32 20 0 0 0 0 0 0 45 22 30 0 0 42 -13 27 4 33 
0 0 25 -13 0 43 25 7 0 0 7 0 12 19 -39 0 0 0 0 0 0 0 0 -21 12 38 -44 0 -12 0 -37 29 0 -31 -13 0 0 0 -40 0 29 0 0 0 21 0 0 -12 0 -2 0 -13 0 0 0 0 9 -21 49 0 0 0 0 0 0 0 -23 -17 0 0 
0 25 0 0 22 0 0 0 0 8 0 28 35 -12 0 -37 6 0 0 -23 -49 0 35 12 42 0 -4 18 -5 0 0 1 -27 0 39 24 39 0 0 0 0 0 -8 -41 43 0 0 0 -31 0 0 0 -15 0 0 37 -18 0 -27 0 27 0 39 0 -46 29 0 36 0 0 
-15 -13 0 33 4 0 0 0 -22 0 0 0 0 0 49 0 0 22 0 10 -24 11 23 13 5 -26 0 10 0 8 0 16 0 0 0 0 0 -11 0 -12 0 0 -12 0 -30 -30 -38 -18 -39 0 -3 0 0 16 0 0 0 0 42 -24 0 4 3 -17 0 -38 0 0 41 20 
0 0 22 4 0 -16 0 0 -1 0 44 47 0 2 -40 -21 2 0 -21 -7 -30 0 0 0 0 0 47 0 0 0 5 25 37 0 39 -20 0 -37 -14 8 -17 0 0 11 0 15 -43 -34 0 40 0 0 -32 -22 -10 15 26 -14 40 35 -18 37 0 0 38 43 0 0 0 24 
0 43 0 0 -16 18 -28 -32 23 -19 9 0 0 -30 11 14 4 0 0 -41 0 -36 0 34 -36 -29 0 0 0 23 -40 -44 40 -39 0 0 0 -24 -45 32 0 -7 -30 0 0 0 16 7 0 32 27 6 -22 0 -49 35 42 -23 0 0 0 41 0 0 0 0 -26 0 0 33 
0 25 0 0 0 -28 -4 0 0 -44 0 24 0 0 -42 0 -37 -18 -1 31 0 48 31 0 11 0 0 0 -34 -4 0 0 0 -13 0 8 0 0 -39 -38 -47 -23 -45 0 0 -14 0 0 0 -30 -38 0 0 -34 0 7 0 0 0 16 -12 0 0 0 0 0 0 0 0 0 
-38 7 0 0 0 -32 0 0 -37 0 0 0 0 0 36 0 0 29 0 0 44 0 0 -16 16 0 2 -28 -38 -26 -35 42 0 0 44 0 0 -35 0 44 0 11 -4 17 43 0 0 0 7 -3 -36 -27 0 0 0 0 0 0 0 -5 -22 0 -26 0 -19 0 30 -18 46 19 
0 0 0 -22 -1 23 0 -37 0 -47 4 0 0 -37 0 17 -44 0 33 0 0 -42 -12 -43 0 -14 43 42 0 0 -9 0 31 26 -20 0 33 -43 0 0 0 0 -46 -49 0 18 0 0 0 -46 8 14 0 0 34 0 5 -3 0 3 21 -33 30 40 -4 37 -7 0 0 0 
0 0 8 0 0 -19 -44 0 -47 0 -48 0 0 38 0 -11 -43 0 0 25 0 -26 0 2 0 15 0 0 0 -16 19 -20 34 0 0 0 0 10 0 -29 0 0 -18 0 -3 -39 0 -13 -6 -33 48 -42 0 0 -32 0 0 0 0 0 -47 0 -18 12 0 0 0 0 0 0 
18 7 0 0 44 9 0 0 4 -48 33 0 -6 0 33 0 -7 0 0 14 21 0 22 0 0 -42 16 0 0 -31 0 -5 36 0 -48 0 0 0 0 0 0 -43 35 0 0 11 -44 15 0 -33 44 0 0 19 0 13 0 36 -39 16 9 0 17 7 48 0 7 0 0 15 
11 0 28 0 47 0 24 0 0 0 0 3 0 0 0 0 19 -29 0 5 0 0 2 0 0 0 0 0 0 0 0 -7 34 0 0 34 0 0 0 -12 -16 20 -34 0 48 -39 -11 -26 0 28 26 29 0 0 -30 14 -30 0 -5 0 0 49 0 0 2 30 0 10 0 0 
15 12 35 0 0 0 0 0 0 0 -6 0 0 6 35 30 -46 18 0 0 44 32 0 40 0 0 16 0 16 21 0 0 0 0 19 0 0 -34 0 0 0 0 0 -15 -6 -3 0 4 0 44 0 0 0 20 0 0 43 0 -42 47 17 -38 -42 0 0 0 -10 -39 0 0 
18 19 -12 0 2 -30 0 0 -37 38 0 0 6 0 -1 -8 -32 0 17 -7 0 29 -39 30 0 -45 0 0 3 -37 2 3 0 30 11 -2 -33 -22 16 0 0 0 0 -41 0 0 14 0 0 -44 0 0 -37 0 0 0 44 0 36 25 0 0 -4 -20 45 0 -35 0 28 47 
0 -39 0 49 -40 11 -42 36 0 0 33 0 35 -1 0 -34 -10 5 0 0 11 38 0 0 47 0 49 0 0 0 38 0 0 36 0 0 0 -36 0 -49 0 4 0 -17 0 0 -31 0 0 -21 0 0 0 -1 0 -44 43 44 41 0 -17 0 17 0 0 0 -49 37 38 -15 
0 0 -37 0 -21 14 0 0 17 -11 0 0 30 -8 -34 0 0 10 -2 33 21 0 0 0 1 0 0 0 0 0 -38 -5 15 -19 -4 0 0 -37 37 0 20 -16 -20 -27 0 -28 48 0 0 1 0 0 0 0 0 27 0 -49 0 17 45 -22 0 0 19 0 -8 0 0 0 
-1 0 6 0 2 4 -37 0 -44 -43 -7 19 -46 -32 -10 0 0 45 26 0 0 0 41 38 0 0 -17 0 7 0 0 0 0 0 20 -22 1 0 41 0 0 0 0 1 3 0 31 -4 16 -23 0 0 0 -17 19 -9 10 0 -2 0 -13 -34 0 29 0 0 2 -39 0 0 
-39 0 0 22 0 0 -18 29 0 0 0 -29 18 0 5 10 45 -33 0 -19 0 0 35 -38 -34 -14 0 18 0 0 29 0 -36 0 0 -6 10 29 -32 -12 29 0 11 43 40 -34 40 0 0 37 0 -16 28 0 0 -33 -23 0 3 -10 0 0 -24 -14 0 0 0 0 -45 0 
-6 0 0 0 -21 0 -1 0 33 0 0 0 0 17 0 -2 26 0 0 46 -31 9 -29 0 0 0 -35 -36 0 -23 0 16 -29 28 0 -40 32 38 0 -2 0 0 0 0 -39 -21 0 0 -48 27 0 22 0 49 -1 0 -23 0 -8 0 0 -18 23 0 -14 -2 -34 0 49 0 
47 0 -23 10 -7 -41 31 0 0 25 14 5 0 -7 0 33 0 -19 46 0 0 5 0 0 0 0 0 0 0 0 0 35 -31 0 0 0 -31 8 0 0 0 0 -37 40 0 0 0 0 31 44 0 23 0 0 0 -25 0 0 0 -46 0 0 0 0 0 0 -9 0 0 -27 
0 0 -49 -24 -30 0 0 44 0 0 21 0 44 0 11 21 0 0 -31 0 0 0 -8 0 0 24 -25 18 0 0 0 23 0 0 -18 39 -24 0 0 0 -41 0 0 -12 -30 -33 -6 0 0 0 0 0 0 0 0 0 -47 0 0 -20 -32 0 0 42 0 0 0 7 -9 0 
-1 0 0 11 0 -36 48 0 -42 -26 0 0 32 29 38 0 0 0 9 5 0 0 0 30 0 -4 0 0 19 0 15 0 32 0 -12 42 0 0 16 0 33 10 10 0 -5 0 -14 0 0 46 0 39 6 0 -11 -49 13 40 -31 0 0 0 0 49 10 0 -44 0 0 0 
0 0 35 23 0 0 31 0 -12 0 22 2 0 -39 0 0 41 35 -29 0 -8 0 0 -10 0 27 17 0 30 0 0 0 22 0 27 -24 25 20 -19 36 0 0 0 0 0 0 0 0 0 0 46 26 0 0 -12 0 47 0 0 0 4 0 0 19 -43 23 0 0 0 0 
-21 -21 12 13 0 34 0 -16 -43 2 0 0 40 30 0 0 38 -38 0 0 0 30 -10 0 0 24 -1 48 0 15 0 0 18 0 0 0 0 0 0 17 0 0 31 36 0 48 0 -26 0 0 0 0 0 41 0 6 25 25 0 0 0 0 0 0 40 -10 0 15 0 -28 
0 12 42 5 0 -36 11 16 0 0 0 0 0 0 47 1 0 -34 0 0 0 0 0 0 0 0 -22 30 0 0 0 0 0 0 0 0 0 -6 19 21 0 -40 0 0 0 -33 15 40 0 3 0 -11 0 0 0 5 38 0 0 0 0 -16 28 0 0 0 -7 -23 34 -29 
-7 38 0 -26 0 -29 0 0 -14 15 -42 0 0 -45 0 0 0 -14 0 0 24 -4 27 24 0 -35 0 0 0 0 0 -11 -29 0 26 11 0 0 0 0 -39 -14 0 15 0 -48 18 -15 0 -45 -9 8 0 0 -12 0 14 -13 13 0 0 0 0 0 -12 0 0 -43 -1 -14 
0 -44 -4 0 47 0 0 2 43 0 16 0 16 0 49 0 -17 0 -35 0 -25 0 17 -1 -22 0 0 30 21 -9 0 -36 0 47 0 19 -14 0 43 0 0 -7 -45 -49 -16 -16 0 6 0 -7 45 0 46 0 0 -35 0 0 48 0 0 -5 -34 0 0 0 -10 -7 0 0 
0 0 18 10 0 0 0 -28 42 0 0 0 0 0 0 0 0 18 -36 0 18 0 0 48 30 0 30 0 -44 -29 0 -31 -34 -41 26 -26 0 1 0 0 0 43 0 31 0 -48 0 0 17 0 0 0 0 46 18 0 0 0 -8 0 47 -20 18 -7 0 0 38 0 0 0 
20 -12 -5 0 0 0 -34 -38 0 0 0 0 16 3 0 0 7 0 0 0 0 19 30 0 0 0 21 -44 -32 0 0 -44 0 0 0 9 14 0 34 22 38 -21 0 -18 36 36 0 -20 0 0 0 -7 0 0 -49 -39 0 25 -43 0 0 -2 0 22 10 0 -12 0 -7 -23 
13 0 0 8 0 23 -4 -26 0 -16 -31 0 21 -37 0 0 0 0 -23 0 0 0 0 15 0 0 -9 -29 0 0 0 -14 0 7 0 -17 -12 0 -21 0 0 0 -13 38 0 0 9 34 0 0 0 2 0 -39 0 0 0 4 0 0 0 0 0 -32 0 33 0 0 -38 8 
7 -37 0 0 5 -40 0 -35 -9 19 0 0 0 2 38 -38 0 29 0 0 0 15 0 0 0 0 0 0 0 0 0 1 0 0 0 0 0 -39 0 0 32 -6 0 0 42 0 0 23 0 0 0 0 0 29 0 -46 0 0 0 -43 0 14 14 0 0 0 0 0 -34 0 
-6 29 1 16 25 -44 0 42 0 -20 -5 -7 0 3 0 -5 0 0 16 35 23 0 0 0 0 -11 -36 -31 -44 -14 1 -11 0 -45 -36 0 10 0 48 28 0 0 10 0 -15 10 7 0 0 34 -21 0 -35 25 0 -22 -18 35 0 0 0 -4 0 0 3 0 8 -43 -18 0 
-40 0 -27 0 37 40 0 0 31 34 36 34 0 0 0 15 0 -36 -29 -31 0 32 22 18 0 -29 0 -34 0 0 0 0 -20 40 0 0 0 22 -26 -27 25 33 28 -46 -6 0 39 -14 -38 0 25 0 2 0 -4 0 0 0 30 -36 0 -39 3 0 47 23 47 0 0 0 
5 -31 0 0 0 -39 -13 0 26 0 0 0 0 30 36 -19 0 0 28 0 0 0 0 0 0 0 47 -41 0 7 0 -45 40 -16 -38 0 0 0 0 37 -13 13 13 0 0 -41 0 0 42 0 -10 0 7 47 0 35 1 -14 4 -41 0 -19 -28 0 0 0 22 0 0 0 
0 -13 39 0 39 0 0 44 -20 0 -48 0 19 11 0 -4 20 0 0 0 -18 -12 27 0 0 26 0 26 0 0 0 -36 0 -38 0 31 0 -31 11 0 0 0 0 0 -10 41 30 4 1 0 10 0 0 0 0 0 -38 39 0 0 -25 32 0 0 -30 -34 -24 49 0 0 
0 0 24 0 -20 0 8 0 0 0 0 34 0 -2 0 0 -22 -6 -40 0 39 42 -24 0 0 11 19 -26 9 -17 0 0 0 0 31 0 21 10 0 23 28 0 0 12 44 0 -47 0 0 0 0 0 0 0 -25 28 0 0 0 0 0 0 2 0 -32 0 36 0 0 -5 
0 0 39 0 0 0 0 0 33 0 0 0 0 -33 0 0 1 10 32 -31 -24 0 25 0 0 0 -14 0 14 -12 0 10 0 0 0 21 -20 48 0 18 0 0 -11 0 0 0 -23 49 24 0 -21 42 -42 0 0 0 1 -15 0 0 44 0 0 0 -16 3 -13 0 45 -45 
-44 0 0 -11 -37 -24 0 -35 -43 10 0 0 -34 -22 -36 -37 0 29 38 8 0 0 20 0 -6 0 0 1 0 0 -39 0 22 0 -31 10 48 -37 0 12 -42 48 0 31 0 0 0 0 29 0 0 -29 23 -20 32 -24 0 0 0 0 0 23 -39 -18 0 0 0 -7 15 0 
1 -40 0 0 -14 -45 -39 0 0 0 0 0 0 16 0 37 41 -32 0 0 0 16 -19 0 19 0 43 0 34 -21 0 48 -26 0 11 0 0 0 28 20 -39 0 0 0 28 0 -30 0 0 0 16 0 0 0 0 0 0 -2 0 47 3 0 0 0 1 0 -25 0 0 -2 
0 0 0 -12 8 32 -38 44 0 -29 0 -12 0 0 -49 0 0 -12 -2 0 0 0 36 17 21 0 0 0 22 0 0 28 -27 37 0 23 18 12 20 -4 0 21 0 -36 0 -43 48 -41 44 0 26 28 0 0 0 -23 0 0 -43 26 0 0 0 0 0 0 0 0 9 0 
-44 29 0 0 -17 0 -47 0 0 0 0 -16 0 0 0 20 0 29 0 0 -41 33 0 0 0 -39 0 0 38 0 32 0 25 -13 0 28 0 -42 -39 0 0 0 0 48 0 25 31 -26 0 -7 0 0 9 25 46 18 19 -31 -29 -38 39 12 21 -29 0 -43 -13 0 0 0 
33 0 0 0 0 -7 -23 11 0 0 -43 20 0 0 4 -16 0 0 0 0 0 10 0 0 -40 -14 -7 43 -21 0 -6 0 33 13 0 0 0 48 0 21 0 0 20 -26 0 13 -25 0 -11 42 0 16 0 0 0 -14 -30 28 0 0 35 -10 8 0 0 0 -37 -37 -37 0 
25 0 -8 -12 0 -30 -45 -4 -46 -18 35 -34 0 0 0 -20 0 11 0 -37 0 10 0 31 0 0 -45 0 0 -13 0 10 28 13 0 0 -11 0 0 0 0 20 0 -8 0 0 1 37 0 0 0 0 -24 15 -48 0 0 0 0 41 0 48 49 -3 -13 0 -10 0 9 -9 
0 0 -41 0 11 0 0 17 -49 0 0 0 -15 -41 -17 -27 1 43 0 40 -12 0 0 36 0 15 -49 31 -18 38 0 0 -46 0 0 12 0 31 0 -36 48 -26 -8 0 0 0 0 28 0 0 -40 0 0 -20 35 -18 0 18 -7 0 44 0 0 0 33 23 26 0 0 -43 
0 21 43 -30 0 0 0 43 0 -3 0 48 -6 0 0 0 3 40 -39 0 -30 -5 0 0 0 0 -16 0 36 0 42 -15 -6 0 -10 44 0 0 28 0 0 0 0 0 0 0 0 28 0 -22 0 0 0 0 0 -18 0 0 -9 0 -37 0 0 0 0 45 0 10 24 0 
0 0 0 -30 15 0 -14 0 18 -39 11 -39 -3 0 0 -28 0 -34 -21 0 -33 0 0 48 -33 -48 -16 -48 36 0 0 10 0 -41 41 0 0 0 0 -43 25 13 0 0 0 0 0 -47 0 0 0 0 -15 27 0 13 0 -20 0 0 -5 -32 0 -2 0 -39 0 0 0 -12 
0 0 0 -38 -43 16 0 0 0 0 -44 -11 0 14 -31 48 31 40 0 0 -6 -14 0 0 15 18 0 0 0 9 0 7 39 0 30 -47 -23 0 -30 48 31 -25 1 0 0 0 26 -37 8 -15 49 0 -44 -43 1 0 0 0 -46 0 28 39 0 18 0 37 -41 0 28 -43 
-41 -12 0 -18 -34 7 0 0 0 -13 15 -26 4 0 0 0 -4 0 0 0 0 0 0 -26 40 -15 6 0 -20 34 23 0 -14 0 4 0 49 0 0 -41 -26 0 37 28 28 -47 -37 8 4 0 0 0 0 33 0 0 -23 0 0 0 0 -39 -19 0 -6 0 -12 -43 0 0 
0 0 -31 -39 0 0 0 7 0 -6 0 0 0 0 0 0 16 0 -48 31 0 0 0 0 0 0 0 17 0 0 0 0 -38 42 1 0 24 29 0 44 0 -11 0 0 0 0 8 4 19 13 0 0 0 -16 7 0 -23 0 0 0 -7 0 11 36 0 0 0 0 0 35 
20 -2 0 0 40 32 -30 -3 -46 -33 -33 28 44 -44 -21 1 -23 37 27 44 0 46 0 0 3 -45 -7 0 0 0 0 34 0 0 0 0 0 0 0 0 -7 42 0 0 -22 0 -15 0 13 -3 0 -3 0 0 -32 0 -17 0 0 -14 29 0 31 0 23 2 -7 0 37 0 
0 0 0 -3 0 27 -38 -36 8 48 44 26 0 0 0 0 0 0 0 0 0 0 46 0 0 -9 45 0 0 0 0 -21 25 -10 10 0 -21 0 16 26 0 0 0 -40 0 0 49 0 0 0 0 0 -46 45 33 0 8 0 0 -22 -5 -30 0 0 0 0 0 -8 5 39 
0 -13 0 0 0 6 0 -27 14 -42 0 29 0 0 0 0 0 -16 22 23 0 39 26 0 -11 8 0 0 -7 2 0 0 0 0 0 0 42 -29 0 28 0 16 0 0 0 0 0 0 0 -3 0 -27 -35 -18 0 -29 42 45 -5 13 0 0 21 0 39 -24 0 -38 0 0 
-32 0 -15 0 -32 -22 0 0 0 0 0 0 0 -37 0 0 0 28 0 0 0 6 0 0 0 0 46 0 0 0 0 -35 2 7 0 0 -42 23 0 0 9 0 -24 0 0 -15 -44 0 0 0 -46 -35 44 0 -9 0 0 0 29 0 -37 0 32 0 -26 -21 0 0 18 0 
20 0 0 16 -22 0 -34 0 0 0 19 0 20 0 -1 0 -17 0 49 0 0 0 0 41 0 0 0 46 0 -39 29 25 0 47 0 0 0 -20 0 0 25 0 15 -20 0 27 -43 33 -16 0 45 -18 0 37 -13 30 0 0 0 0 0 0 49 0 11 -33 -3 0 0 17 
0 0 0 0 -10 -49 0 0 34 -32 0 -30 0 0 0 0 19 0 -1 0 0 -11 -12 0 0 -12 0 18 -49 0 0 0 -4 0 0 -25 0 32 0 0 46 0 -48 35 0 0 1 0 7 -32 33 0 -9 -13 0 -20 0 0 0 0 0 -23 49 0 33 45 0 29 0 13 
0 0 37 0 15 35 7 0 0 0 13 14 0 0 -44 27 -9 -33 0 -25 0 -49 0 6 5 0 -35 0 -39 0 -46 -22 0 35 0 28 0 -24 0 -23 18 -14 0 -18 -18 13 0 0 0 0 0 -29 0 30 -20 0 18 -25 0 -48 0 13 42 0 0 0 9 -38 -39 0 
0 9 -18 0 26 42 0 0 5 0 0 -30 43 44 43 0 10 -23 -23 0 -47 13 47 25 38 14 0 0 0 0 0 -18 0 1 -38 0 1 0 0 0 19 -30 0 0 0 0 0 -23 -23 -17 8 42 0 0 0 18 0 5 -32 0 0 0 0 -41 0 -26 0 0 0 -21 
0 -21 0 0 -14 -23 0 0 -3 0 36 0 0 0 44 -49 0 0 0 0 0 40 0 25 0 -13 0 0 25 4 0 35 0 -14 39 0 -15 0 -2 0 -31 28 0 18 0 -20 0 0 0 0 0 45 0 0 0 -25 5 12 -1 47 0 5 0 0 -46 37 -45 -2 0 0 
0 49 -27 42 40 0 0 0 0 0 -39 -5 -42 36 41 0 -2 3 -8 0 0 -31 0 0 0 13 48 -8 -43 0 0 0 30 4 0 0 0 0 0 -43 -29 0 0 -7 -9 0 -46 0 0 0 0 -5 29 0 0 0 -32 -1 44 0 0 -33 0 -31 -36 0 0 -42 0 -33 
0 0 0 -24 35 0 16 -5 3 0 16 0 47 25 0 17 0 -10 0 -46 -20 0 0 0 0 0 0 0 0 0 -43 0 -36 -41 0 0 0 0 47 26 -38 0 41 0 0 0 0 0 0 -14 -22 13 0 0 0 -48 0 47 0 20 0 0 0 39 24 0 0 -39 0 0 
45 0 27 0 -18 0 -12 -22 21 -47 9 0 17 0 -17 45 -13 0 0 0 -32 0 4 0 0 0 0 47 0 0 0 0 0 0 -25 0 44 0 3 0 39 35 0 44 -37 -5 28 0 -7 29 -5 0 -37 0 0 0 0 0 0 0 -39 -35 0 6 0 0 -15 0 32 -39 
22 0 0 4 37 41 0 0 -33 0 0 49 -38 0 0 -22 -34 0 -18 0 0 0 0 0 -16 0 -5 -20 -2 0 14 -4 -39 -19 32 0 0 23 0 0 12 -10 48 0 0 -32 39 -39 0 0 -30 0 0 0 -23 13 0 5 -33 0 -35 -39 -8 -11 -1 0 0 0 23 0 
30 0 39 3 0 0 0 -26 30 -18 17 0 -42 -4 17 0 0 -24 23 0 0 0 0 0 28 0 -34 18 0 0 14 0 3 -28 0 2 0 -39 0 0 21 8 49 0 0 0 0 -19 11 31 0 21 32 49 49 42 0 0 0 0 0 -8 0 0 2 -18 0 0 -21 30 
0 0 0 -17 0 0 0 0 40 12 7 0 0 -20 0 0 29 -14 0 0 42 49 19 0 0 0 0 -7 22 -32 0 0 0 0 0 0 0 -18 0 0 -29 0 -3 0 0 -2 18 0 36 0 0 0 0 0 0 0 -41 0 -31 39 6 -11 0 43 0 0 0 0 0 15 
0 0 -46 0 38 0 0 -19 -4 0 48 2 0 45 0 19 0 0 -14 0 0 10 -43 40 0 -12 0 0 10 0 0 3 47 0 -30 -32 -16 0 1 0 0 0 -13 33 0 0 0 -6 0 23 0 39 -26 11 33 0 0 -46 -36 24 0 -1 2 0 0 0 0 13 0 -30 
42 0 29 -38 43 0 0 0 37 0 0 30 0 0 0 0 0 0 -2 0 0 0 23 -10 0 0 0 0 0 33 0 0 23 0 -34 0 3 0 0 0 -43 0 0 23 45 -39 37 0 0 2 0 -24 -21 -33 45 0 -26 37 0 0 0 0 -18 0 0 2 25 14 -6 0 
-13 -23 0 0 0 -26 0 30 -7 0 7 0 -10 -35 -49 -8 2 0 -34 -9 0 -44 0 0 -7 0 -10 38 -12 0 0 8 47 22 -24 36 -13 0 -25 0 -13 -37 -10 26 0 0 -41 -12 0 -7 0 0 0 -3 0 9 0 -45 0 0 -15 0 0 0 0 25 0 0 0 35 
27 -17 36 0 0 0 0 -18 0 0 0 10 -39 0 37 0 -39 0 0 0 7 0 0 15 -23 -43 -7 0 0 0 0 -43 0 0 49 0 0 -7 0 0 0 -37 0 0 10 0 0 -43 0 0 -8 -38 0 0 29 -38 0 -2 -42 -39 0 0 0 0 13 14 0 20 47 -35 
4 0 0 41 0 0 0 46 0 0 0 0 0 28 38 0 0 -45 49 0 -9 0 0 0 34 -1 0 0 -7 -38 -34 -18 0 0 0 0 45 15 0 9 0 -37 9 0 24 0 28 0 0 37 5 0 18 0 0 -39 0 0 0 0 32 23 -21 0 0 -6 0 47 -17 0 
33 0 0 20 24 33 0 19 0 0 15 0 0 47 -15 0 0 0 0 -27 0 0 0 -28 -29 -14 0 0 -23 8 0 0 0 0 0 -5 -45 0 -2 0 0 0 -9 -43 0 -12 -43 0 35 0 39 0 0 17 13 0 -21 0 -33 0 -39 0 30 15 -30 0 35 -35 0 0 
