80
0 40 0 26 0 24 -2 0 -1 0 38 0 -35 0 4 0 6 0 0 0 44 37 0 0 22 -39 0 0 0 0 0 4 -21 -27 0 0 0 -45 0 0 0 0 0 0 0 27 0 0 0 0 0 0 6 0 0 0 0 5 0 0 0 0 0 0 0 0 16 0 0 0 0 31 0 0 0 -2 0 0 0 0 
0 0 0 0 -20 0 0 0 0 0 0 4 0 0 -35 0 0 0 34 0 0 0 48 0 0 0 0 18 0 0 0 -43 -47 34 -15 -1 0 0 0 0 0 -7 0 0 0 0 0 13 0 -49 0 39 36 0 0 0 0 -44 0 0 0 0 -44 0 0 0 25 0 0 0 0 0 0 0 0 20 0 0 0 0 
0 0 0 0 0 0 0 0 0 0 0 0 -41 0 36 0 0 0 42 0 0 0 0 0 0 0 7 0 0 0 0 0 0 0 0 0 0 0 0 0 0 -41 -23 0 0 0 0 0 12 19 -39 0 0 0 0 0 0 0 0 -21 0 24 18 0 0 0 0 18 0 0 0 0 0 -22 0 0 -13 0 0 0 
0 0 0 39 0 -28 0 0 21 0 0 0 0 0 0 -2 0 0 0 0 0 0 0 0 0 0 0 -21 0 0 0 0 0 0 0 0 0 0 0 0 0 -17 0 0 0 0 22 0 0 0 0 0 27 0 13 0 0 0 0 32 -16 3 0 -23 -49 0 35 12 0 0 0 0 0 0 40 -5 0 0 0 1 
0 0 39 0 0 -35 0 0 24 0 0 0 0 0 0 0 0 0 0 0 -41 43 0 0 0 0 0 0 0 0 0 0 0 0 0 0 -17 0 0 0 0 0 0 0 0 0 0 39 0 0 3 0 -14 14 0 33 4 0 0 0 -22 0 0 0 0 0 0 0 43 22 0 0 0 0 -24 11 0 0 0 13 
-20 0 0 0 0 0 0 0 0 0 0 0 0 -19 41 16 0 0 0 0 0 0 0 11 24 0 -12 0 -30 0 0 -45 33 0 -39 0 0 0 0 0 0 16 0 0 0 0 42 -24 0 4 3 -17 0 -38 0 0 41 20 0 0 34 0 -1 0 0 14 0 0 0 0 0 0 0 0 0 0 0 10 0 0 
0 0 -28 -35 0 -21 -7 -30 0 0 0 0 0 0 0 0 0 0 0 0 0 0 0 -26 -28 39 0 0 -34 0 0 -14 8 0 0 0 0 0 0 0 0 0 15 0 0 0 0 31 0 17 0 0 0 43 45 0 15 0 44 0 0 40 35 -18 37 0 0 0 0 0 0 -31 0 0 24 18 0 0 0 -32 
0 0 0 0 0 -7 23 -19 0 -14 0 0 0 0 0 14 4 0 0 0 -47 -36 0 0 0 19 -35 0 0 0 0 23 -40 0 0 20 0 0 0 37 0 -24 -45 32 0 0 0 0 0 5 0 0 16 0 0 0 0 0 0 0 27 6 0 0 0 0 -49 35 0 0 0 -23 0 0 0 41 0 0 0 0 
0 0 0 0 0 -30 -19 0 0 -9 0 0 0 0 0 14 -44 0 24 0 0 -42 0 0 0 0 -18 0 0 0 0 0 25 0 0 31 0 0 0 -48 0 0 20 0 0 0 0 0 0 -12 8 0 0 0 0 0 0 0 0 -47 -23 -45 0 0 -14 0 0 0 -30 0 0 0 0 0 -34 0 0 0 0 0 
0 0 21 24 0 0 0 0 0 0 0 0 0 -12 0 0 0 0 0 0 0 0 0 0 -37 0 0 0 0 0 36 0 0 0 0 -30 44 0 0 0 0 0 16 0 2 0 0 -41 0 0 0 25 0 42 0 0 44 0 0 0 -39 0 0 0 0 11 0 32 0 18 0 0 0 0 7 0 0 35 0 0 
0 0 0 0 0 0 -14 -9 0 0 33 0 0 0 0 0 -5 0 0 0 0 -26 0 -19 0 30 -18 0 0 0 19 0 -47 0 28 0 -37 0 0 0 9 0 0 33 0 0 -42 0 0 0 -43 0 0 0 18 -8 -48 -9 0 0 0 -34 0 0 22 33 -43 0 0 0 0 0 0 0 0 0 0 0 18 0 
0 0 0 0 0 0 0 0 0 33 0 0 -46 8 14 0 0 0 18 5 0 0 0 0 0 -44 0 0 -33 30 40 0 0 0 0 0 0 0 -16 0 0 0 -48 0 0 38 0 -11 0 0 26 0 -37 0 34 2 0 15 0 0 0 -16 19 0 46 0 0 0 0 0 0 0 0 0 0 0 -49 0 0 4 
4 0 0 0 0 0 0 0 0 0 0 -3 -39 0 -13 0 0 0 -33 48 0 0 30 0 0 0 0 0 0 0 0 0 0 -4 5 1 0 0 0 0 0 0 -24 0 0 0 0 33 0 0 0 0 0 0 0 0 0 0 0 5 48 0 -42 0 0 0 0 0 -31 0 0 0 0 36 0 0 0 0 0 0 
0 -41 0 0 0 0 0 0 0 0 -46 -39 0 0 0 0 -43 35 0 0 0 0 0 0 0 0 15 0 0 -40 0 0 0 0 19 0 0 -49 0 0 0 -39 0 0 0 0 -8 0 0 0 0 0 0 48 0 7 0 0 15 0 0 27 0 0 19 0 0 28 0 4 2 0 0 0 0 0 0 0 0 0 
0 0 0 0 -19 0 0 0 -12 0 8 0 0 -48 0 0 0 0 34 0 0 0 -12 0 0 0 0 25 0 0 0 0 13 0 0 0 -7 0 0 0 0 0 28 40 0 0 0 -30 0 0 0 -30 0 0 0 -48 49 0 0 2 0 0 28 0 0 0 0 0 6 35 0 0 0 0 0 0 18 0 0 0 
-35 36 0 0 41 0 0 0 0 0 14 -13 0 0 48 0 0 0 40 0 0 16 0 0 0 0 21 0 0 0 0 19 0 0 0 47 0 0 0 0 -15 0 0 0 -3 0 4 0 0 0 0 0 0 0 0 0 0 0 0 0 0 35 44 0 0 17 -38 -42 0 0 0 -10 -39 0 0 0 -1 -8 -32 0 
0 0 -2 0 16 0 14 14 0 0 0 0 0 0 0 17 0 0 -2 0 29 -39 30 0 0 0 -42 3 0 0 -22 0 0 0 13 43 0 -47 -33 13 0 0 0 0 0 0 0 0 0 -40 0 0 0 0 0 0 -44 0 0 0 -31 0 0 44 0 0 0 32 -41 -4 0 0 0 0 0 0 0 0 -45 0 
0 0 0 0 0 0 4 -44 0 -5 0 0 -43 0 0 0 26 0 0 0 0 0 0 0 0 0 5 0 0 11 0 0 0 0 0 47 0 49 0 0 0 0 0 -24 0 28 0 0 0 0 26 0 -46 8 -17 0 0 0 -42 0 0 0 0 0 0 0 0 0 0 0 -44 0 0 0 44 41 0 -17 0 0 
0 0 0 0 0 0 0 0 0 0 0 0 35 0 0 0 0 0 0 0 0 0 0 0 0 0 -18 0 0 0 0 0 10 -2 33 0 0 -1 0 0 0 0 0 0 0 0 0 -38 -5 15 -19 0 0 0 0 0 0 0 0 0 0 0 0 0 0 0 0 15 6 -11 -28 0 3 0 1 0 0 0 0 0 
34 42 0 0 0 0 0 24 0 0 18 -33 0 34 40 -2 0 0 0 0 0 0 0 0 0 0 0 0 0 0 -9 0 14 0 0 0 0 0 0 -47 0 0 0 -2 0 -45 0 41 0 0 -1 0 0 0 -46 0 0 0 0 20 -22 1 0 0 -49 0 0 0 1 0 0 -24 0 0 0 19 0 -33 0 0 
0 0 0 0 0 0 0 0 0 0 5 48 0 0 0 0 0 0 0 0 0 -17 0 0 -11 -28 0 0 -2 0 -13 0 0 5 0 0 0 0 2 0 0 24 -33 0 0 0 -8 0 -6 0 0 -34 -14 0 18 0 0 29 0 0 0 0 0 0 0 44 0 0 0 0 0 -32 0 0 46 0 0 0 0 0 
0 0 0 -41 0 0 -47 0 0 0 0 0 0 0 0 29 0 0 0 0 0 0 0 0 0 0 -34 0 0 0 0 0 0 -31 -16 0 0 0 0 0 -33 0 -19 0 -20 0 0 0 0 0 0 0 -14 0 0 0 0 0 0 -23 46 0 -22 0 0 0 -40 0 0 0 0 29 0 0 -23 0 0 0 0 0 
0 0 0 43 0 0 -36 -42 0 -26 0 0 0 0 16 -39 0 0 0 -17 0 0 0 28 0 0 27 0 0 0 44 0 0 -2 0 39 0 0 -39 0 -11 0 -48 0 -39 0 0 0 0 0 0 0 0 -32 -23 0 0 0 0 0 0 0 0 36 35 27 0 0 -34 0 49 0 0 0 0 0 0 0 0 0 
48 0 0 0 0 0 0 0 0 0 0 30 0 -12 0 30 0 0 0 0 0 0 0 0 0 0 0 0 0 -12 0 0 0 0 0 0 -1 0 0 0 0 0 0 0 0 0 0 23 0 0 0 0 0 40 0 0 23 0 0 0 0 0 0 0 0 0 -46 0 0 0 0 0 0 0 0 35 0 -35 0 -8 
0 0 0 0 11 -26 0 0 0 -19 0 0 0 0 0 0 0 0 0 0 0 28 0 0 0 24 0 0 0 0 0 0 0 0 0 23 0 0 0 0 -18 -3 0 0 0 0 0 0 0 -12 0 12 0 -31 0 0 0 0 0 0 0 0 0 0 0 0 0 0 0 -20 -32 0 0 0 0 0 0 0 0 0 
0 0 0 0 24 -28 0 0 -37 0 0 0 0 0 0 0 0 0 0 -11 0 0 0 0 0 0 0 0 0 0 0 0 30 0 0 25 0 19 0 15 0 0 0 0 0 0 20 0 0 0 0 16 0 0 0 0 0 0 0 10 0 -5 0 -14 0 0 0 30 0 0 0 6 0 0 -42 0 0 13 40 0 
0 0 0 0 0 39 19 0 0 30 -44 0 0 0 0 0 0 0 0 -28 0 0 0 24 0 0 0 0 0 0 0 0 0 0 0 0 30 36 0 0 0 0 11 27 17 0 30 0 0 0 22 0 27 0 0 4 0 20 0 0 0 0 0 23 0 0 0 0 0 0 0 0 46 0 0 -6 -12 0 47 0 
0 7 0 0 -12 0 -35 -18 0 -18 0 0 15 0 21 -42 5 -18 0 0 -34 27 0 0 0 0 0 0 4 0 0 0 0 0 0 0 0 23 0 0 0 0 0 0 24 -1 48 0 15 0 0 18 0 0 0 0 0 0 17 0 0 0 0 32 36 0 0 0 0 0 0 0 0 0 0 0 41 0 6 0 
18 0 -21 0 0 0 0 0 0 0 0 0 0 25 0 3 0 0 0 0 0 0 0 0 0 0 0 0 46 0 0 0 0 0 0 0 0 0 37 0 0 15 0 -28 0 0 0 0 -6 0 0 0 0 0 0 0 0 0 0 -6 0 0 0 0 0 0 0 -40 0 0 0 0 0 0 0 0 0 40 0 0 
0 0 0 0 -30 -34 0 0 0 0 -33 0 0 0 0 0 0 0 0 -2 0 0 0 0 0 0 4 46 0 0 0 -11 0 0 0 0 -13 0 0 0 0 0 0 0 0 44 0 0 0 0 0 -22 0 0 34 -29 0 -7 0 0 0 0 0 -31 -25 26 11 0 0 0 0 0 0 -39 -14 0 15 0 -48 18 
0 0 0 0 0 0 0 0 0 0 30 0 -40 0 0 0 11 0 0 0 0 0 -12 0 0 0 0 0 0 0 0 0 0 -45 0 -41 0 -5 -12 0 14 0 -37 0 0 0 0 0 0 0 -12 0 0 -43 0 0 0 -14 0 0 0 0 21 -9 0 -36 0 47 0 19 0 0 0 0 0 0 0 0 0 0 
0 0 0 0 0 0 0 0 36 19 40 0 0 0 0 -22 0 0 -9 -13 0 44 0 0 0 0 0 0 0 0 -37 -9 -20 27 0 -27 0 0 0 -7 45 0 0 0 0 0 0 0 -23 0 0 0 0 0 0 -5 -34 0 0 0 -10 0 0 5 0 -44 0 0 0 0 0 0 0 -34 0 0 0 0 0 0 
-43 0 0 0 -45 -14 23 0 0 0 0 0 0 0 19 0 0 0 0 0 0 0 0 0 0 0 0 0 -11 0 -9 0 0 0 0 1 0 0 0 43 0 31 0 -48 0 0 17 0 0 0 0 46 18 0 0 0 0 0 40 0 15 -2 0 0 0 0 0 0 38 0 0 0 -32 0 0 -44 0 0 0 0 
-47 0 0 0 33 8 -40 25 0 -47 0 0 0 13 0 0 0 10 14 0 0 0 0 0 30 0 0 0 0 0 -20 0 0 15 0 38 0 0 34 0 36 38 0 0 0 0 0 0 0 0 16 0 0 0 0 0 0 0 0 -7 0 0 -49 0 -13 25 0 -48 0 34 0 -21 0 0 0 0 0 0 0 0 
34 0 0 0 0 0 0 0 0 0 0 -4 0 0 0 0 0 -2 0 5 -31 -2 0 0 0 0 0 0 0 -45 27 0 15 0 0 0 0 0 0 -13 14 0 23 7 0 -17 -12 0 0 0 -14 0 -13 0 0 0 0 0 0 0 0 0 0 0 0 0 0 0 0 0 0 -39 0 0 0 4 0 0 0 0 
-15 0 0 0 -39 0 0 0 0 28 0 5 19 0 0 13 0 33 0 0 -16 0 0 0 0 0 0 0 0 0 0 0 0 0 0 -32 0 0 0 0 0 0 0 0 0 8 0 0 0 0 0 0 0 0 0 -39 0 0 0 0 0 0 4 0 0 11 0 23 0 0 0 0 0 0 0 0 39 0 0 0 
-1 0 0 0 0 0 20 31 -30 0 0 1 0 0 47 43 47 0 0 0 0 39 0 23 25 0 0 0 0 -41 -27 1 38 0 -32 0 0 0 0 0 44 0 0 0 0 0 0 -34 0 -11 0 -45 0 0 0 0 0 0 0 0 48 28 0 0 0 0 16 0 -32 0 0 0 0 0 0 34 -21 0 -35 25 
0 0 0 -17 0 0 0 0 44 -37 0 0 0 -7 0 0 0 0 0 0 0 0 -1 0 0 30 0 0 -13 0 0 0 0 0 0 0 0 0 20 36 -37 0 0 -4 0 0 0 0 0 0 8 -43 -18 0 -20 0 0 0 0 0 0 0 0 0 0 0 0 0 0 32 0 33 28 0 0 0 -6 0 0 -12 
0 0 0 0 0 0 0 0 0 0 0 0 -49 0 0 -47 49 -1 0 0 0 0 0 0 19 36 23 0 0 -5 0 0 0 0 0 0 0 0 0 0 0 -42 0 0 0 2 0 0 0 0 0 0 0 30 -36 0 -39 3 0 0 -22 0 0 47 0 0 0 0 0 0 0 47 0 0 0 0 0 0 0 0 
0 0 0 0 0 0 0 0 0 0 -16 0 0 0 0 -33 0 0 0 2 0 -39 0 0 0 0 0 37 0 -12 0 0 34 0 0 0 20 0 32 0 0 0 0 0 0 0 0 0 0 0 0 0 28 0 0 0 0 0 0 47 0 35 1 0 12 45 0 -38 0 -29 0 0 0 0 22 0 0 0 0 0 
0 0 0 0 0 0 37 -48 0 0 0 0 0 0 0 13 0 0 -47 0 0 0 0 0 15 0 0 0 0 0 -7 43 0 -13 0 0 36 0 0 0 37 0 0 11 0 0 0 0 0 -10 41 30 4 1 0 10 0 0 0 0 0 0 0 0 39 0 0 -25 32 0 0 0 0 0 0 30 41 -7 0 0 
0 0 0 0 0 0 0 0 0 9 0 0 0 0 -15 0 0 0 0 0 -33 -11 0 -18 0 0 0 0 0 14 45 0 36 14 0 44 -37 0 0 37 21 0 0 -7 0 0 0 0 28 0 0 0 0 0 0 0 0 0 -47 0 0 0 0 0 0 0 -25 0 0 0 0 0 0 0 0 0 0 0 -4 0 
-7 -41 -17 0 16 0 -24 0 0 0 0 0 -39 0 0 0 0 0 0 24 0 0 0 -3 0 0 0 15 0 0 0 31 38 0 0 0 0 -42 0 0 0 0 0 0 0 0 0 0 -5 -20 0 0 0 0 18 0 0 -11 0 0 0 0 -9 0 0 24 0 -21 42 0 0 0 0 0 0 1 -15 0 0 44 
0 -23 0 0 0 15 -45 20 16 0 -48 -24 0 28 0 0 0 0 0 -33 -19 -48 0 0 0 11 0 0 0 -37 0 0 0 23 0 0 0 0 0 0 0 0 0 0 0 0 0 0 3 0 0 0 0 0 0 0 -45 -37 0 0 0 31 0 0 0 -42 0 0 0 0 0 0 29 0 0 -29 23 -20 0 0 
0 0 0 0 0 0 32 0 0 33 0 0 0 40 0 0 -24 0 -2 0 0 0 0 0 0 27 0 -28 0 0 0 -48 0 7 0 0 -4 0 0 11 -7 0 0 0 0 0 0 0 0 0 0 0 0 -12 -8 0 0 0 0 0 -7 0 0 0 0 28 0 0 0 -39 0 0 0 0 22 -30 0 0 0 16 
0 0 0 0 0 0 0 0 2 0 0 0 0 0 -3 0 0 0 0 0 -20 -39 0 0 0 17 24 0 0 0 0 0 0 0 0 0 0 0 0 0 0 0 0 0 0 0 0 0 0 0 -2 0 0 0 0 0 0 0 0 0 0 1 0 0 0 0 0 0 -2 -4 0 0 0 43 0 0 0 -43 0 0 
0 0 0 0 0 0 0 0 0 0 38 0 0 0 0 0 28 0 -45 0 0 0 0 0 0 0 -1 0 44 0 0 0 0 -17 8 0 0 2 0 0 0 0 0 0 0 -17 0 44 0 26 0 0 0 0 0 0 0 -33 0 -43 26 0 0 0 0 0 0 0 0 0 -21 0 0 0 48 0 0 -26 0 0 
0 0 22 0 42 0 0 0 0 -42 0 0 -8 0 4 0 0 0 0 -8 0 0 0 0 20 30 48 0 0 0 0 17 0 -12 0 0 0 0 0 0 0 0 0 0 0 0 0 0 0 0 -7 0 0 0 0 8 0 46 18 0 0 0 0 0 0 0 0 -47 0 0 -37 0 0 21 -29 0 -43 0 0 0 
13 0 0 39 -24 31 0 0 -41 0 -11 33 0 -30 0 0 0 -38 41 0 0 0 23 0 0 0 0 0 0 0 0 0 0 0 0 -34 0 0 0 0 0 0 0 0 0 44 0 0 0 0 0 0 0 0 0 0 0 0 13 -25 0 0 0 0 0 0 0 0 16 0 0 0 -14 -30 0 44 0 0 0 0 
0 12 0 0 0 0 0 0 0 0 0 0 0 0 0 0 0 -5 0 -6 0 0 0 0 0 0 15 -6 0 0 -23 0 0 0 0 0 0 0 0 0 28 -5 3 0 0 0 0 0 0 33 0 0 0 0 0 0 0 0 0 0 0 -37 0 0 0 0 0 0 0 1 0 0 0 0 0 0 0 -24 15 -48 
-49 19 0 0 4 17 5 -12 0 0 0 0 0 0 0 -40 0 15 0 0 0 0 0 -12 0 0 0 0 0 0 0 0 0 0 0 -11 0 0 0 -10 0 -20 0 0 0 26 0 0 33 0 0 0 0 41 0 0 0 0 49 0 0 0 0 -48 -10 0 9 -9 0 0 0 0 28 0 0 -40 0 0 -20 0 
0 -39 0 3 3 0 0 8 0 -43 26 0 0 0 0 0 26 -19 -1 0 0 0 0 0 0 22 0 0 0 -12 0 0 16 -14 0 0 8 0 0 41 0 0 0 0 -2 0 -7 0 0 0 0 31 0 0 0 39 -48 44 0 0 0 33 0 0 0 0 43 0 0 -31 0 0 28 0 -22 0 0 0 0 0 
39 0 0 0 -17 0 0 0 25 0 0 0 0 -30 0 0 0 0 0 -34 0 0 0 12 16 0 18 0 -22 0 0 46 0 0 0 -45 -43 0 0 30 0 0 0 0 0 0 0 0 0 0 31 0 0 0 0 0 0 -42 0 0 0 0 0 0 0 0 0 0 0 0 0 10 24 0 0 0 -47 0 0 0 
36 0 27 -14 0 0 16 0 0 0 -37 0 0 0 0 0 -46 0 0 -14 -14 0 0 0 0 27 0 0 0 0 0 18 0 -13 0 0 -18 0 28 4 0 0 0 0 0 0 0 0 0 0 0 0 0 -15 0 0 -43 0 -5 0 0 0 0 -5 -32 0 -2 0 0 -5 20 0 0 0 0 0 0 0 0 0 
0 0 0 14 -38 43 0 0 42 0 0 0 48 0 0 0 8 0 0 0 0 -32 40 -31 0 0 0 0 0 -43 0 0 0 0 0 0 0 30 0 1 0 0 0 -12 0 0 0 0 0 41 0 0 -15 0 8 -15 0 -40 0 4 0 0 0 -45 0 0 0 0 -46 0 0 2 0 0 0 0 0 0 0 37 
0 0 13 0 0 45 0 0 0 18 34 0 0 0 0 0 -17 0 -46 18 0 -23 0 0 0 0 0 0 34 0 0 0 0 0 0 0 -20 -36 0 0 0 18 0 -8 0 0 0 0 0 0 0 0 0 8 -41 0 0 0 0 0 0 0 8 4 0 0 0 0 33 0 0 0 0 0 0 0 0 0 -39 0 
0 0 0 33 0 0 0 0 0 -8 2 0 7 -48 0 0 0 0 0 0 0 0 0 0 0 4 0 0 -29 0 -5 0 0 0 -39 0 0 0 0 10 0 0 0 0 0 0 8 0 0 0 39 0 0 -15 0 0 0 0 -6 0 0 29 -20 0 0 0 0 13 0 0 0 -16 0 -22 0 0 0 0 0 0 
0 0 0 4 41 15 0 0 44 -48 0 0 0 49 0 -44 0 0 0 0 0 0 23 0 0 0 0 0 0 0 -34 0 0 0 0 0 0 -39 0 0 0 0 -45 0 0 0 0 0 0 0 -48 0 -43 0 0 0 -7 0 0 0 34 0 0 0 0 0 0 0 0 0 0 -29 -3 0 0 -32 0 -17 0 0 
-44 0 0 0 20 0 0 0 0 -9 15 0 0 0 0 0 0 0 0 29 0 0 0 0 0 20 0 0 -7 -14 0 0 0 0 0 0 0 3 0 0 0 -11 -37 0 0 -33 46 0 0 0 44 -42 0 -40 0 0 0 0 4 0 0 0 0 0 0 0 23 2 0 0 23 0 0 0 0 0 0 0 0 45 
0 0 0 0 0 44 0 0 0 0 0 0 15 0 0 0 -42 0 0 0 0 0 0 0 0 0 17 0 0 0 0 40 0 0 0 0 0 0 0 0 -47 0 0 0 0 0 18 13 0 49 0 0 -5 0 0 -6 0 4 33 0 8 0 0 0 -27 0 -5 0 0 0 0 0 0 -8 0 0 8 0 -27 -35 
0 -21 32 0 0 0 0 -47 0 0 0 5 0 2 0 0 0 0 20 0 -23 0 0 0 10 0 0 -6 0 0 0 0 -7 0 0 0 0 0 47 0 0 0 0 0 0 -43 0 -25 0 0 0 0 0 4 0 0 0 0 0 0 0 -12 -19 0 0 0 -37 0 0 0 0 0 0 0 21 0 39 0 0 0 
0 0 -16 -22 34 0 27 -23 -39 0 0 48 0 0 0 -31 0 0 -22 0 46 0 0 0 0 0 0 0 0 0 -10 15 0 0 0 48 0 -22 0 0 0 0 0 -7 0 26 0 0 0 0 0 0 0 0 0 0 34 0 8 0 0 0 0 0 0 0 0 0 0 0 0 0 -24 0 29 0 -37 0 0 0 
0 24 3 0 0 40 6 -45 0 -34 -16 0 27 0 35 0 0 0 1 0 0 0 0 0 -5 0 0 0 0 0 0 -2 0 0 0 28 0 0 35 0 0 0 31 0 1 0 0 0 -37 0 33 0 0 0 0 29 0 0 0 -12 0 0 0 0 -21 0 0 18 0 0 0 0 0 0 -48 0 0 0 0 0 
-44 18 0 0 -1 35 0 0 0 0 19 -42 0 28 44 0 0 0 0 0 -22 0 0 0 0 0 0 0 0 21 0 0 -49 0 4 0 0 0 1 0 0 -9 0 0 0 0 0 0 0 0 0 0 0 0 8 -20 0 0 0 -19 0 0 0 0 49 0 0 0 9 0 0 -39 0 17 0 0 19 0 0 0 
0 0 -23 0 0 -18 0 0 0 0 0 0 0 0 0 44 0 0 0 0 0 36 0 0 -14 23 32 0 -31 -9 5 0 0 0 0 0 0 47 0 0 0 0 0 0 0 0 0 0 0 -48 0 0 -5 -45 4 0 0 0 0 0 0 0 0 0 0 0 44 0 0 33 0 0 17 0 -44 0 0 0 18 -25 
0 0 -49 0 0 37 0 -14 0 22 46 0 19 0 0 0 0 0 -49 0 0 35 0 0 0 0 36 0 -25 0 0 0 -13 0 0 0 0 0 12 39 0 0 0 0 0 0 0 0 0 -10 0 0 -32 0 0 0 0 0 -27 0 0 -21 49 0 0 0 16 0 0 -14 0 0 0 0 9 0 0 0 -39 0 
0 0 0 0 14 0 0 0 11 33 0 0 0 0 17 0 0 0 0 44 0 27 0 0 0 0 0 0 26 -36 -44 0 25 0 11 0 0 0 45 0 0 24 -42 28 0 0 0 0 0 0 0 0 0 0 0 0 0 0 0 0 0 0 0 0 0 0 0 -26 9 0 0 0 0 -32 0 0 5 0 -21 0 
25 0 35 0 0 0 -49 0 0 -43 0 0 0 0 -38 0 0 0 0 0 -40 0 -46 0 0 0 0 0 11 0 0 0 0 0 0 16 0 0 0 0 -25 0 0 0 0 0 0 0 0 9 43 0 -2 0 0 0 0 23 -5 -37 0 0 0 44 16 0 44 0 0 0 0 0 0 5 0 0 -46 0 0 0 
0 18 12 0 0 0 35 0 32 0 0 0 28 0 -42 32 0 15 0 0 0 0 0 0 30 0 0 -40 0 47 0 0 -48 0 23 0 0 0 -38 -25 0 -21 0 0 0 0 -47 0 0 -9 0 0 0 0 0 13 0 2 0 0 0 18 0 0 0 -26 0 -45 -2 0 0 0 0 0 0 0 0 0 0 0 
0 0 0 43 0 0 0 -30 0 0 0 -31 0 6 0 -41 0 6 1 0 0 -34 0 0 0 0 0 0 0 0 0 38 0 0 0 -32 0 0 0 32 0 42 0 0 -2 0 0 16 0 0 0 0 0 -46 33 0 0 0 0 0 0 0 9 0 0 9 0 -2 0 0 0 0 0 0 0 0 -42 0 0 0 
0 0 0 22 0 0 0 0 18 0 0 0 4 35 0 -4 0 -11 0 0 0 0 0 -20 0 0 0 0 0 19 0 0 34 0 0 0 32 0 -29 0 0 0 0 -39 -4 0 0 0 1 0 -31 0 -5 0 0 0 0 0 0 0 0 0 0 33 -14 0 0 0 0 0 20 0 0 0 39 24 0 0 0 0 
0 0 0 0 0 0 0 0 0 0 0 0 2 0 0 0 -44 -28 0 0 0 49 0 -32 0 0 0 0 0 0 0 0 0 0 0 0 0 0 0 0 0 0 0 0 0 -21 -37 0 0 0 0 0 20 0 0 0 0 23 0 0 0 0 0 0 0 0 0 0 0 20 1 0 -23 0 0 0 6 0 0 -15 
0 0 0 0 0 -31 -23 0 0 0 0 0 0 0 -10 0 0 0 -24 -32 29 0 0 0 6 0 0 0 0 0 0 0 -21 -39 0 0 33 47 0 0 0 0 0 0 0 0 0 0 0 0 0 10 0 2 0 -16 -29 0 0 0 0 0 -39 0 0 0 0 0 0 0 0 0 32 0 0 0 -39 -8 -11 0 
0 0 0 0 0 0 0 0 0 0 0 0 0 0 -39 0 0 3 0 0 0 0 0 0 0 46 0 0 0 0 0 -32 0 0 0 0 28 0 0 0 0 0 29 0 0 0 0 -14 0 28 28 24 0 0 0 0 -3 0 0 0 -24 0 0 17 0 0 0 0 0 0 -23 32 0 0 0 0 0 0 0 0 
0 -22 0 0 0 0 0 0 0 0 0 36 0 0 0 0 0 0 0 0 0 0 0 0 0 0 0 0 -39 0 -34 0 0 0 0 0 0 0 0 0 0 0 0 0 43 0 21 -30 0 0 0 0 0 0 0 -22 0 0 -8 0 0 0 17 0 0 -32 5 0 0 0 0 0 0 0 0 0 0 0 2 -18 
0 0 40 -24 0 24 0 -34 7 0 0 0 0 0 0 0 44 1 0 46 -23 0 0 0 -42 0 0 0 -14 0 0 0 0 0 0 0 0 0 22 0 0 0 0 22 0 48 -29 0 0 0 -22 0 0 0 0 0 0 0 0 21 29 -48 0 -44 9 0 0 0 0 39 0 0 0 0 0 0 0 0 0 0 
20 0 -5 11 0 18 41 0 0 0 0 0 0 0 0 0 41 0 19 0 0 0 35 0 0 -6 0 0 0 0 0 -44 0 4 0 34 0 0 0 30 0 1 -29 -30 0 0 0 44 0 -40 0 0 0 0 0 0 -32 0 0 0 0 0 0 0 0 0 0 0 0 24 0 0 0 0 0 28 0 3 0 0 
0 -13 0 0 0 0 0 0 0 0 -49 0 0 18 -1 0 0 0 0 0 0 0 0 0 0 -12 41 0 15 0 0 0 0 0 39 -21 -6 0 0 41 0 -15 23 0 0 0 -43 0 0 0 0 -47 0 0 0 0 0 0 8 39 -37 0 19 0 0 5 -46 0 -42 0 6 -39 0 0 0 0 0 15 0 0 
0 0 0 0 10 0 0 0 35 0 0 0 0 0 -8 0 -17 0 -33 0 0 0 -35 0 13 0 0 40 0 0 0 0 0 0 0 0 0 0 0 -7 0 0 -20 0 -43 -26 0 0 -24 0 0 0 0 0 0 0 -17 0 0 0 0 0 0 0 0 0 0 0 0 0 0 -8 0 0 0 3 15 0 0 -35 
0 0 0 0 0 0 0 0 0 18 0 0 0 0 -32 -45 0 0 0 0 0 0 0 0 40 47 6 0 -48 0 0 0 0 0 0 -35 0 0 0 0 -4 0 0 0 0 0 0 0 15 -20 0 0 0 0 -39 0 0 0 -27 0 0 0 0 18 -39 -21 0 0 0 0 0 -11 0 2 0 0 0 0 0 0 
0 0 1 13 0 -32 0 0 0 0 4 0 0 0 0 0 0 0 0 0 0 0 -8 0 0 0 0 0 18 0 0 0 0 0 0 25 -12 0 0 0 0 44 0 16 0 0 0 0 -48 0 0 0 0 37 0 0 0 45 -35 0 0 0 0 -25 0 0 0 0 0 0 -15 0 0 -18 0 0 0 -35 0 0 
