80
-38 -48 -45 29 -37 23 0 22 0 -41 0 13 32 -46 -23 -17 10 0 0 25 0 -16 0 -23 -36 -21 17 40 -10 -20 -37 -33 0 0 0 -10 -17 0 46 0 -1 18 0 -49 0 -27 11 12 -23 -42 5 0 0 41 10 25 0 -41 -37 0 41 -16 9 -16 -40 21 2 0 23 41 -22 0 14 21 -39 -14 -13 46 0 -16 
-47 0 0 19 35 -19 15 -26 30 6 -35 0 4 -48 -19 0 0 -2 3 -12 0 1 -8 43 0 -22 23 -42 -49 -25 18 0 -39 0 -10 -26 -1 34 -45 0 7 -5 5 18 5 -17 0 0 -6 10 0 0 -33 43 -48 -3 -23 -30 -49 -44 -41 -23 1 -27 0 46 -2 0 -23 30 -38 47 -48 0 12 0 0 -26 0 0 
0 0 22 -8 1 27 43 13 0 0 -29 -1 18 0 0 0 -38 0 32 20 0 25 -38 13 0 0 -32 -3 -44 0 25 -7 -30 0 12 0 -16 23 0 0 0 7 0 0 3 0 0 -15 -4 -39 -27 47 2 0 35 -37 15 0 -43 37 45 4 -28 28 -8 -45 0 0 32 16 -26 -49 29 14 -24 -11 24 0 0 -42 
0 22 -43 44 18 0 -38 -33 -6 -7 0 0 0 29 0 -25 31 -40 -40 30 13 -19 0 -21 35 0 -8 -33 38 47 0 0 42 8 -29 -10 0 -11 32 -31 -11 -33 0 -19 34 5 -8 33 0 11 -47 18 0 -25 -1 43 33 -45 -41 -24 0 -13 8 0 19 -30 0 0 47 0 0 -23 0 -21 0 -38 3 11 37 -40 
19 -8 44 -45 0 0 29 0 0 4 0 20 43 -41 32 -42 33 0 -41 0 27 -35 0 0 37 33 24 9 0 -39 0 -19 18 47 0 0 39 29 12 38 -49 -1 -37 37 14 18 2 -46 0 0 -15 44 -6 9 38 0 0 0 -25 -36 39 22 -20 -6 -43 0 0 1 42 25 0 0 -5 6 -21 20 40 -25 -26 -18 
35 1 18 0 -45 0 -30 -37 -43 -17 -37 -27 0 18 -18 0 30 0 0 1 -38 -34 0 0 41 -2 35 -20 -27 0 -8 4 0 0 5 17 -47 -7 -49 12 -43 17 0 -2 0 0 -47 19 0 34 -43 -43 -5 1 0 0 45 40 -35 9 0 8 -18 -15 22 -48 0 0 -29 0 -43 29 -40 41 0 17 -32 -6 7 -12 
-19 27 0 0 0 0 -37 -20 0 47 -6 0 14 9 -15 0 0 29 -31 0 11 48 -45 0 -47 13 23 0 2 -9 28 14 0 0 33 -31 0 25 38 -13 1 0 -48 0 17 0 -7 -42 -23 -8 0 3 -16 20 -19 0 0 -18 29 0 37 -11 21 -19 -27 -29 -34 0 0 -22 -34 4 33 -1 33 -19 0 0 43 0 
15 43 -38 29 -30 -37 0 48 -22 -8 0 16 -31 14 0 0 3 26 25 19 -22 0 0 -42 -10 -41 0 -33 -49 30 0 25 44 0 -37 12 0 -20 0 0 -24 0 -37 19 3 30 2 -41 5 -7 0 -30 -1 0 9 0 0 0 -15 5 22 0 1 -19 -38 0 0 -1 43 0 -24 -39 -46 -18 -28 0 24 -13 0 0 
-26 13 -33 0 -37 -20 48 -2 -47 -5 32 0 -10 30 0 -22 -47 12 -40 0 -49 24 40 -2 0 2 0 16 -25 0 -32 34 33 39 -27 -22 1 39 0 -17 4 -38 -24 7 0 28 -24 -21 -2 30 -49 5 -46 -20 -30 -26 2 -49 0 -40 0 43 0 0 -43 38 0 0 -27 -39 -23 -30 -43 36 0 -44 27 0 -10 -23 
30 0 -6 0 -43 0 -22 -47 24 -9 0 -36 -18 -42 4 32 -3 13 0 -10 -34 39 -26 0 7 29 35 0 27 0 -45 34 -49 25 32 0 -7 -45 -41 -19 0 -3 3 13 -7 0 1 0 -15 48 -1 -40 8 -15 0 49 -30 38 -28 0 8 0 -10 0 0 39 -12 31 0 23 21 14 -10 -18 -35 -5 46 -9 -40 23 
6 0 -7 4 -17 47 -8 -5 -9 35 38 0 0 0 0 0 -39 -46 -42 0 -4 13 -46 5 0 -32 35 43 -20 -31 -10 0 42 -14 0 0 33 -10 21 35 -40 -41 0 28 -44 0 -24 -37 37 0 -48 -44 -29 0 0 26 -14 -42 -33 42 -12 10 -5 0 15 0 -6 -44 -27 35 -46 -44 -39 -2 22 -39 46 0 37 -16 
-35 -29 0 0 -37 -6 0 32 0 38 -3 1 0 38 -13 41 26 0 9 -35 39 8 0 -34 5 8 -6 4 0 4 0 -16 0 26 34 -41 -21 0 34 0 0 0 0 -13 29 -37 -5 36 -32 -40 48 46 -44 0 -31 -11 0 6 42 0 10 0 0 16 0 33 0 -21 0 20 29 -33 -19 -4 16 41 0 0 0 2 
0 -1 0 20 -27 0 16 0 -36 0 1 -25 23 0 -45 30 -49 -5 0 0 23 0 37 41 -17 0 0 48 28 30 -37 11 0 28 0 -13 -43 0 -20 0 11 -40 0 11 -39 -36 -14 0 25 0 26 -16 -17 -23 -36 0 0 -9 0 -30 0 14 -21 0 32 45 -35 4 0 -32 0 38 0 12 0 0 -14 0 48 -14 
4 18 0 43 0 14 -31 -10 -18 0 0 23 0 0 0 7 0 -28 -37 0 0 6 -47 -46 -30 -11 27 0 29 18 -18 -32 25 18 0 -32 43 21 -23 4 22 -42 -27 -2 -21 -30 -47 15 -47 43 31 -24 11 0 -15 38 -21 0 40 -27 0 -16 0 -10 0 -36 49 -14 0 -2 28 18 -47 38 -49 0 -21 -22 5 4 
-48 0 29 -41 18 9 14 30 -42 0 38 0 0 -6 -34 -4 0 -33 0 0 0 0 0 -13 0 -18 0 -7 13 0 -40 0 0 23 -40 -12 -26 -33 0 0 0 28 0 -8 -2 -2 0 25 21 9 30 -21 0 -27 0 30 -7 34 -40 7 -37 -3 -1 0 43 -38 18 -27 -12 4 0 0 0 0 -5 7 45 -11 0 -45 
-19 0 0 32 -18 -15 0 0 4 0 -13 -45 0 -34 24 36 0 43 -1 32 0 16 44 -9 0 42 0 25 0 0 0 -6 12 -20 0 -23 0 0 -20 0 -2 0 -31 0 46 -40 -32 -9 34 49 45 -47 2 36 0 -35 27 -9 20 4 -5 0 0 -48 -37 0 0 0 -10 -37 49 21 28 -33 -36 37 -41 -33 10 -27 
0 0 -25 -42 0 0 0 -22 32 0 41 30 7 -4 36 0 0 -42 -3 -4 40 20 48 -15 5 8 -1 42 -7 0 0 -3 -5 -5 -39 0 -16 0 0 0 23 49 -14 0 -22 49 0 14 0 28 6 36 -17 0 0 8 -30 2 0 -13 -30 -30 32 -43 20 -16 25 -7 -9 -12 9 43 0 -21 14 36 2 29 0 1 
0 -38 31 33 30 0 3 -47 -3 -39 26 -49 0 0 0 0 -12 0 47 -47 -32 11 19 0 -29 37 0 0 -29 41 32 0 -9 0 -46 13 0 8 25 -19 4 37 31 46 -27 23 36 0 21 0 5 39 1 -9 0 35 -8 26 0 28 -41 11 -25 13 38 -11 0 2 20 12 0 0 11 -20 0 6 23 -35 0 0 
-2 0 -40 0 0 29 26 12 13 -46 0 -5 -28 -33 43 -42 0 0 0 0 21 1 30 -3 0 0 36 44 -17 0 -11 -12 0 11 -14 0 -40 35 0 0 -36 -2 40 -3 18 -20 0 -20 -15 0 10 13 21 8 -14 0 -3 15 4 -36 10 22 36 7 0 0 0 0 10 -15 0 0 38 29 38 -12 39 0 0 -18 
3 32 -40 -41 0 -31 25 -40 0 -42 9 0 -37 0 -1 -3 47 0 -31 -43 8 41 -27 0 42 0 4 0 0 -5 32 43 0 -3 44 -23 0 0 0 20 -23 -23 28 10 0 -11 16 0 31 0 -5 29 12 -43 31 -34 7 0 -43 -2 -31 38 17 -29 24 6 -42 49 34 26 -1 7 0 5 0 -35 -30 -42 -29 0 
-12 20 30 0 1 0 19 0 -10 0 -35 0 0 0 32 -4 -47 0 -43 0 45 12 -25 0 29 0 8 -19 37 -48 -11 8 -35 -11 46 0 24 34 4 43 -43 -4 -12 49 0 48 -2 -26 -13 -17 12 -5 10 -24 0 20 0 0 0 -22 49 12 -31 0 0 0 0 -12 -37 0 -23 -44 -16 0 0 25 -21 0 7 0 
0 0 13 27 -38 11 -22 -49 -34 -4 39 23 0 0 0 40 -32 21 8 45 0 -49 -30 -4 44 14 -28 14 27 0 0 0 3 12 14 19 0 -38 0 -41 -6 0 -15 -10 0 -16 -16 0 0 12 -2 0 -21 -29 -29 44 6 28 -7 27 41 0 0 -5 16 -2 9 41 14 0 0 -2 0 -4 8 -41 45 28 -42 -2 
1 25 -19 -35 -34 48 0 24 39 13 8 0 6 0 16 20 11 1 41 12 -49 16 11 15 46 18 -35 -6 -18 -20 25 -23 18 -42 30 -28 -5 -16 -29 44 25 -12 -20 7 45 0 0 -28 0 47 -6 -46 -10 2 -39 -34 2 41 -19 25 -17 -12 34 8 0 -47 0 0 0 -36 0 -14 4 0 -10 7 0 41 2 -11 
-8 -38 0 0 0 -45 0 40 -26 -46 0 37 -47 0 44 48 19 30 -27 -25 -30 11 -18 -11 11 16 37 -49 -6 -12 45 44 -21 -48 37 -41 -2 -3 47 0 45 42 0 24 16 0 31 0 41 43 0 0 -4 41 -34 37 13 30 -4 44 -19 20 0 -42 -35 21 0 42 0 39 -46 -5 2 45 0 0 20 -7 28 0 
43 13 -21 0 0 0 -42 -2 0 5 -34 41 -46 -13 -9 -15 0 -3 0 0 -4 15 -11 35 45 0 -45 0 5 -2 -40 0 0 25 4 44 0 26 1 0 0 0 14 30 39 49 -19 -3 -47 0 0 -22 24 4 0 -14 0 0 6 -42 34 -20 -19 0 0 8 12 -15 11 17 -9 0 -30 0 13 0 -37 -32 0 38 
0 0 35 37 41 -47 -10 0 7 0 5 -17 -30 0 0 5 -29 0 42 29 44 46 11 45 -3 0 0 -23 0 44 -39 7 -46 35 19 38 0 -36 -5 40 -35 0 34 -6 -9 -28 21 4 43 -48 -38 25 0 30 -39 -48 26 0 0 10 -18 -10 0 -28 -19 0 5 0 0 0 -44 0 0 0 0 -46 38 18 -46 17 
-22 0 0 33 -2 13 -41 2 29 -32 8 0 -11 -18 42 8 37 0 0 0 14 18 16 0 0 -7 5 7 0 35 0 10 0 0 -25 -43 41 8 -18 -25 33 -39 44 0 -47 25 0 12 48 0 23 0 18 3 42 36 0 -14 -24 39 45 18 28 -27 39 3 29 -2 25 -11 48 -12 0 -15 44 35 40 21 25 0 
23 -32 -8 24 35 23 0 0 35 35 -6 0 27 0 0 -1 0 36 4 8 -28 -35 37 -45 0 5 -12 0 0 39 0 39 32 -27 0 33 0 0 -17 0 16 0 0 0 49 -7 0 -19 -25 43 0 35 -12 40 31 -37 0 -43 0 -45 0 46 -42 20 18 -24 -47 34 21 18 0 0 0 0 0 28 0 0 -31 -1 
-42 -3 -33 9 -20 0 -33 16 0 43 4 48 0 -7 25 42 0 44 0 -19 14 -6 -49 0 -23 7 0 25 -22 0 -41 37 0 -49 -49 0 -49 0 15 -16 -42 -16 -25 0 5 42 0 24 -8 -24 40 0 32 -7 25 32 0 0 -11 0 2 -11 -37 -27 -14 17 43 0 7 -33 12 14 27 -14 44 0 21 0 0 -20 
-49 -44 38 0 -27 2 -49 -25 27 -20 0 28 29 13 0 -7 -29 -17 0 37 27 -18 -6 5 0 0 0 -22 -48 19 -2 0 0 -48 -36 0 -40 14 -16 0 -11 0 0 -15 48 -13 13 -49 -13 7 0 46 -35 -38 5 3 -16 0 -16 0 0 44 1 0 0 -1 0 24 -48 -44 13 -22 -15 -1 -38 0 21 -6 30 -30 
-25 0 47 -39 0 -9 30 0 0 -31 4 30 18 0 0 0 41 0 -5 -48 0 -20 -12 -2 44 35 39 0 19 -26 0 -18 32 0 -29 46 0 0 0 -48 -29 11 -38 -31 -45 0 0 -23 -21 22 7 0 30 -23 0 3 -34 -32 9 -19 0 15 37 0 33 -26 34 -45 28 17 -41 27 42 32 42 -5 34 0 0 12 
18 25 0 0 -8 28 0 -32 -45 -10 0 -37 -18 -40 0 0 32 -11 32 -11 0 25 45 -40 -39 0 0 -41 -2 0 14 29 0 0 0 31 -14 0 -45 0 -37 15 27 -44 -23 1 -33 49 -36 29 4 -1 0 -11 0 -49 0 -8 0 -19 0 25 2 -33 0 -34 0 -33 0 6 -16 31 30 -24 -16 15 18 39 24 -8 
0 -7 0 -19 4 14 25 34 34 0 -16 11 -32 0 -6 -3 0 -12 43 8 0 -23 44 0 7 10 39 37 0 -18 29 0 0 31 0 0 0 0 21 -29 0 29 -48 0 9 -18 48 0 23 -39 32 -39 0 -41 -21 0 5 -40 0 22 27 0 10 0 0 17 -31 -25 18 26 -16 1 0 -33 0 -30 -22 -7 5 0 
-39 -30 42 18 0 0 44 33 -49 42 0 0 25 0 12 -5 -9 0 0 -35 3 18 -21 0 -46 0 32 0 0 32 0 0 34 -23 22 -27 -26 0 0 0 -28 -2 9 14 27 44 0 0 -29 -8 -6 -35 37 47 13 40 34 2 0 41 -49 0 32 -48 0 17 0 43 35 -22 -26 4 0 -22 32 0 -21 13 -11 0 
0 0 8 47 0 0 0 39 25 -14 26 28 18 23 -20 -5 0 11 -3 -11 12 -42 -48 25 35 0 -27 -49 -48 0 0 31 -23 27 6 -39 -26 49 38 0 24 -45 -33 0 40 -12 -8 29 0 39 33 -12 -17 0 -15 -29 32 34 -6 25 14 48 -12 0 -23 -40 20 4 -40 47 0 0 6 6 -42 -38 0 -44 -46 0 
-10 12 -29 0 5 33 -37 -27 32 0 34 0 0 -40 0 -39 -46 -14 44 46 14 30 37 4 19 -25 0 -49 -36 -29 0 0 22 6 -21 11 10 33 22 0 -41 24 -33 -30 49 0 28 -36 33 -11 -31 24 49 32 -14 0 -29 -9 45 0 0 0 -44 25 49 0 -34 48 0 -3 13 -10 -43 0 -42 0 32 25 -32 -38 
-26 0 -10 0 17 -31 12 -22 0 0 -41 -13 -32 -12 -23 0 13 0 -23 0 19 -28 -41 44 38 -43 33 0 0 46 31 0 -27 -39 11 -26 -7 0 0 36 0 39 -32 6 27 22 -6 -11 22 -48 37 19 0 33 0 26 -45 -1 0 -11 -9 -29 0 0 -45 47 32 -24 -43 39 0 0 0 12 -43 -42 7 -43 8 0 
-1 -16 0 39 -47 0 0 1 -7 33 -21 -43 43 -26 0 -16 0 -40 0 24 0 -5 -2 0 0 41 0 -49 -40 0 -14 0 -26 -26 10 -7 7 -13 -2 3 15 10 0 3 0 -33 -11 -15 0 -7 40 0 29 0 31 30 33 -36 -31 0 35 48 1 33 0 15 -4 0 31 4 31 22 -30 -46 2 -22 0 22 45 -28 
34 23 -11 29 -7 25 -20 39 -45 -10 0 0 21 -33 0 0 8 35 0 34 -38 -16 -3 26 -36 8 0 0 14 0 0 0 0 49 33 0 -13 0 47 -5 47 29 26 0 34 37 16 49 21 -18 23 20 0 -28 42 -14 9 0 -24 -45 0 0 43 0 -10 12 42 34 -1 -12 13 36 13 6 -5 -30 44 -18 -41 0 
-45 0 32 12 -49 38 0 0 -41 21 34 -20 -23 0 -20 0 25 0 0 4 0 -29 47 1 -5 -18 -17 15 -16 0 -45 21 0 38 22 0 -2 47 31 0 36 46 -22 -36 -11 0 0 -37 7 -48 -44 -6 -9 32 0 26 -39 -30 19 26 -26 22 -30 -40 0 42 20 -9 0 -21 0 28 24 22 12 32 -24 -46 0 -13 
0 0 -31 38 12 -13 0 -17 -19 35 0 0 4 0 0 0 -19 0 20 43 -41 44 0 0 40 -25 0 -16 0 -48 0 -29 0 0 0 36 3 -5 0 36 36 15 41 13 25 -7 33 -31 38 38 2 -6 28 -40 23 -16 -46 0 -49 0 -7 44 0 26 -24 -36 32 0 -1 49 -18 -30 19 9 -35 10 48 0 17 -20 
7 0 -11 -49 -43 1 -24 4 0 -40 0 11 22 0 -2 23 4 -36 -23 -43 -6 25 45 0 -35 33 16 -42 -11 -29 -37 0 -28 24 -41 0 15 47 36 36 0 -29 -38 39 0 34 9 42 18 0 36 29 0 -21 43 0 0 -4 -36 0 15 -35 -18 0 0 0 2 0 8 2 -29 -41 -15 0 0 20 0 -3 26 0 
-5 7 -33 -1 17 0 0 -38 -3 -41 0 -40 -42 28 0 49 37 -2 -23 -4 0 -12 42 0 0 -39 0 -16 0 11 15 29 -2 -45 24 39 10 29 46 15 -29 -28 32 0 39 0 4 0 -7 46 12 0 2 22 -3 -37 9 0 -33 0 0 -37 0 -10 -48 -2 -27 30 -17 -29 0 21 4 -16 27 -27 0 19 0 1 
5 0 0 -37 0 -48 -37 -24 3 0 0 0 -27 0 -31 -14 31 40 28 -12 -15 -20 0 14 34 44 0 -25 0 -38 27 -48 9 -33 -33 -32 0 26 -22 41 -38 32 40 0 0 -37 0 4 0 -10 -20 0 0 -2 0 -41 0 15 -22 0 -17 -28 42 -25 -33 -21 0 17 0 0 30 -4 16 25 0 -35 12 0 34 -25 
18 0 -19 37 -2 0 19 7 13 28 -13 11 -2 -8 0 0 46 -3 10 49 -10 7 24 30 -6 0 0 0 -15 -31 -44 0 14 0 -30 6 3 0 -36 13 39 0 0 0 0 26 0 -41 -34 -49 41 28 0 -16 0 28 -22 1 -45 31 0 31 46 20 -38 0 -45 0 -12 -12 21 45 -3 0 28 28 0 0 -9 0 
5 3 34 14 0 17 3 0 -7 -44 29 -39 -21 -2 46 -22 -27 18 0 0 0 45 16 39 -9 -47 49 5 48 -45 -23 9 27 40 49 27 0 34 -11 25 0 39 0 0 0 -9 -5 0 23 0 39 -45 19 -37 0 -6 10 7 0 0 -40 -13 0 -23 -18 -37 -26 -29 -43 0 0 -4 37 -24 -9 13 47 0 -9 44 
-17 0 5 18 0 0 30 28 0 0 -37 -36 -30 -2 -40 49 23 -20 -11 48 -16 0 0 49 -28 25 -7 42 -13 0 1 -18 44 -12 0 22 -33 37 0 -7 34 0 -37 26 -9 0 22 38 41 -33 -43 37 -47 0 0 -10 22 -14 0 40 0 0 0 -10 18 0 2 0 -30 0 -12 25 -13 0 21 -16 0 0 0 -49 
0 0 -8 2 -47 -7 2 -24 1 -24 -5 -14 -47 0 -32 0 36 0 16 -2 -16 0 31 -19 21 0 0 0 13 0 -33 48 0 -8 28 -6 -11 16 0 33 9 4 0 0 -5 22 40 -40 22 -36 -13 27 17 -24 35 0 0 15 2 0 -16 0 -42 6 33 2 -26 -11 -3 40 0 0 31 -26 -32 0 0 0 -17 45 
0 -15 33 -46 19 -42 -41 -21 0 -37 36 0 15 25 -9 14 0 -20 0 -26 0 -28 0 -3 4 12 -19 24 -49 -23 49 0 0 29 -36 -11 -15 49 -37 -31 42 0 4 -41 0 38 -40 0 -24 25 0 -8 46 12 0 0 38 -5 24 19 -28 -43 -47 4 26 0 34 22 0 0 0 1 0 6 -13 0 -1 -43 -36 -41 
-6 -4 0 0 0 -23 5 -2 -15 37 -32 25 -47 21 34 0 21 -15 31 -13 0 0 41 -47 43 48 -25 -8 -13 -21 -36 23 -29 0 33 22 0 21 7 38 18 -7 0 -34 23 41 22 -24 0 -48 0 18 0 -43 0 15 0 -20 15 -3 44 -23 29 1 -44 46 -12 -27 -45 0 33 28 -3 -33 -36 32 29 -43 0 0 
10 -39 11 0 34 -8 -7 30 48 0 -40 0 43 9 49 28 0 0 0 -17 12 47 43 0 -48 0 43 -24 7 22 29 -39 -8 39 -11 -48 -7 -18 -48 38 0 46 -10 -49 0 -33 -36 25 -48 24 43 32 48 -42 10 18 -46 41 0 -25 0 -16 -47 0 0 29 23 0 -31 37 0 -2 -29 28 0 17 -44 0 0 -9 
0 -27 -47 -15 -43 0 0 -49 -1 -48 48 26 31 30 45 6 5 10 -5 12 -2 -6 0 0 -38 23 0 40 0 7 4 32 -6 33 -31 37 40 23 -44 2 36 12 -20 41 39 -43 -13 0 0 43 0 35 0 39 41 35 -10 -17 -36 32 -47 31 0 33 24 16 3 -15 32 -20 -3 0 33 2 -24 27 -9 3 -37 5 
0 47 18 44 -43 3 -30 5 -40 -44 46 -16 -24 -21 -47 36 39 13 29 -5 0 -46 0 -22 25 0 35 0 46 0 -1 -39 -35 -12 24 19 0 20 -6 -6 29 0 0 28 -45 37 27 -8 18 32 35 -48 0 -31 0 -10 -21 -9 13 20 -42 0 11 -38 44 0 30 0 30 0 -21 34 0 -26 -19 0 25 0 -39 33 
-33 2 0 -6 -5 -16 -1 -46 8 -29 -44 -17 11 0 2 -17 1 21 12 10 -21 -10 -4 24 0 18 -12 32 -35 30 0 0 37 -17 49 0 29 0 -9 28 0 2 0 0 19 -47 17 46 0 48 0 0 0 33 44 15 0 6 0 47 42 19 -28 0 0 0 0 0 -2 -46 0 20 0 11 10 5 -26 5 35 -46 
43 0 -25 9 1 20 0 -20 -15 0 0 -23 0 -27 36 0 -9 8 -43 -24 -29 2 41 4 30 3 40 -7 -38 -23 -11 -41 47 0 32 33 0 -28 32 -40 -21 22 -2 -16 -37 0 -24 12 -43 -42 39 -31 33 -20 0 -15 0 31 4 0 36 41 -3 0 -48 47 0 0 -17 16 30 0 48 0 0 0 0 -38 -13 32 
-48 35 -1 38 0 -19 9 -30 0 0 -31 -36 -15 0 0 0 0 -14 31 0 -29 -39 -34 0 -39 42 31 25 5 0 0 -21 13 -15 -14 0 31 42 0 23 43 -3 0 0 0 0 35 0 0 10 41 0 44 0 34 0 0 43 0 0 -4 38 28 -31 33 33 -1 -44 -38 39 -17 0 -34 -13 46 -29 -13 16 0 -25 
-3 -37 43 0 0 0 0 -26 49 26 -11 0 38 30 -35 8 35 0 -34 20 44 -34 37 -14 -48 36 -37 32 3 3 -49 0 40 -29 0 26 30 -14 26 -16 0 -37 -41 28 -6 -10 0 0 15 18 35 -10 15 -15 0 0 -20 37 10 -22 23 0 -23 -18 -32 -27 -37 0 14 -23 -40 13 -5 30 -48 -32 0 -7 0 -21 
-23 15 33 0 45 0 0 2 -30 -14 0 0 -21 -7 27 -30 -8 -3 7 0 6 2 13 0 26 0 0 0 -16 -34 0 5 34 32 -29 -45 33 9 -39 -46 0 9 0 -22 10 22 0 38 0 -46 -10 -21 0 0 0 -20 -48 25 0 -38 -43 0 -14 0 23 -8 0 28 -1 1 28 -17 -18 28 24 -47 8 26 0 -44 
-30 0 -45 0 40 -18 0 -49 38 -42 6 -9 0 34 -9 2 26 15 0 0 28 41 30 0 0 -14 -43 0 0 -32 -8 -40 2 34 -9 -1 -36 0 -30 0 -4 0 15 1 7 -14 15 -5 -20 41 -17 -9 6 31 43 37 25 0 0 -37 12 -15 -2 -2 -15 27 -46 20 4 0 0 -49 0 -8 0 -21 24 39 19 0 
-49 -43 -41 -25 -35 29 -15 0 -28 -33 42 0 40 -40 20 0 0 4 -43 0 -7 -19 -4 6 0 -24 0 -11 -16 9 0 0 0 -6 45 0 -31 -24 19 -49 -36 -33 -22 -45 0 0 2 24 15 0 -36 13 0 4 0 10 0 0 -48 -25 0 -48 0 -16 26 -27 -32 28 2 -17 -14 -39 39 -38 0 21 1 0 -27 -48 
-44 37 -24 -36 9 0 5 -40 0 42 0 -30 -27 7 4 -13 28 -36 -2 -22 27 25 44 -42 10 39 -45 0 0 -19 -19 22 41 25 0 -11 0 -45 26 0 0 0 0 31 0 40 0 19 -3 -25 32 20 47 0 0 -22 -38 -37 -25 -41 48 43 -27 -4 0 23 24 -9 -22 -41 25 25 15 44 -13 -13 41 37 -2 -13 
-41 45 0 39 0 37 22 0 8 -12 10 0 0 -37 -5 -30 -41 10 -31 49 41 -17 -19 34 -18 45 0 2 0 0 0 27 -49 14 0 -9 35 0 -26 -7 15 0 -17 0 -40 0 -16 -28 44 0 -47 -42 42 36 -4 23 -43 12 0 48 -47 27 5 0 -43 -8 24 0 -9 22 11 -42 49 31 -30 0 -13 -41 -45 0 
-23 4 -13 22 8 -11 0 43 0 10 0 14 -16 -3 0 -30 11 22 38 12 0 -12 20 -20 -10 18 46 -11 44 15 25 0 0 48 0 -29 48 0 22 44 -35 -37 -28 31 -13 0 0 -43 -23 -16 31 0 19 41 38 0 0 -15 -48 43 27 45 46 -6 47 -43 14 6 -21 14 9 -15 45 37 23 0 22 38 46 -19 
1 -28 8 -20 -18 21 1 0 -10 -5 0 -21 0 -1 0 32 -25 36 17 -31 0 34 0 -19 0 28 -42 -37 1 37 2 10 32 -12 -44 0 1 43 -30 0 -18 0 42 46 0 0 -42 -47 29 -47 0 11 -28 -3 28 -23 -14 -2 0 -27 5 46 0 0 -23 20 -49 0 -47 -22 0 32 20 19 -38 -22 20 -33 43 -43 
-27 28 0 -6 -15 -19 -19 0 0 0 16 0 -10 0 -48 -43 13 7 -29 0 -5 8 -42 0 -28 -27 20 -27 0 0 -33 0 -48 0 25 0 33 0 -40 26 0 -10 -25 20 -23 -10 6 4 1 0 33 -38 0 0 -31 -18 0 -2 -16 -4 0 -6 0 -15 46 0 36 -7 45 0 4 23 -16 7 -31 -13 -28 -16 23 0 
0 -8 19 -43 22 -27 -38 -43 0 15 0 32 0 43 -37 20 38 0 24 0 16 0 -35 0 -19 39 18 -14 0 33 0 0 0 -23 49 -45 0 -10 0 -24 0 -48 -33 -38 -18 18 33 26 -44 0 24 44 0 -48 33 -32 23 -15 26 0 -43 47 -23 46 -8 -15 -38 0 0 0 14 47 0 44 -24 0 0 33 -4 -47 
46 -45 -30 0 -48 -29 0 38 39 0 33 45 -36 -38 0 -16 -11 0 6 0 -2 -47 21 8 0 3 -24 17 -1 -26 -34 17 17 -40 0 47 15 12 42 -36 0 -2 -21 0 -37 0 2 0 46 29 16 0 0 47 33 -27 -8 27 -27 23 -8 -43 20 0 -15 32 -42 20 -12 -33 29 5 39 32 -15 0 -43 0 0 -23 
-2 0 0 0 0 -34 0 0 -12 -6 0 -35 49 18 0 25 0 0 -42 0 9 0 0 12 5 29 -47 43 0 34 0 -31 0 20 -34 32 -4 42 20 32 2 -27 0 -45 -26 2 -26 34 -12 23 3 30 0 0 -1 -37 0 -46 -32 24 24 14 -49 36 -38 -42 18 0 -4 0 -27 1 -9 -22 -33 0 -29 46 0 14 
0 0 0 1 0 0 -1 0 31 -44 -21 4 -14 -27 0 -7 2 0 49 -12 41 0 42 -15 0 -2 34 0 24 -45 -33 -25 43 4 48 -24 0 34 -9 0 0 30 17 0 -29 0 -11 22 -27 0 -15 0 0 0 -44 0 28 20 28 -9 0 6 0 -7 0 20 0 -24 0 -30 -25 0 18 0 0 0 -26 -3 0 -35 
-23 32 47 42 -29 0 43 -27 0 -27 0 0 0 -12 -10 -9 20 10 34 -37 14 0 0 11 0 25 21 7 -48 28 0 18 35 -40 0 -43 31 -1 0 -1 8 -17 0 -12 -43 -30 -3 0 -45 -31 32 30 -2 -17 -38 14 -1 4 2 -22 -9 -21 -47 45 0 -12 -4 0 12 -27 0 -35 -13 10 -20 0 17 24 -5 31 
30 16 0 25 0 -22 0 -39 23 35 20 -32 -2 4 -37 -12 12 -15 26 0 0 -36 39 17 0 -11 18 -33 -44 17 6 26 -22 47 -3 39 4 -12 -21 49 2 -29 0 -12 0 0 40 0 0 37 -20 0 -46 16 39 -23 1 0 -17 -41 22 14 -22 0 0 -33 0 -30 -27 23 -39 -24 37 0 0 -32 0 0 -14 -40 
-38 -26 0 0 -43 -34 -24 -23 21 -46 29 0 28 0 49 9 0 0 -1 -23 0 0 -46 -9 -44 48 0 12 13 -41 -16 -16 -26 0 13 0 31 13 0 -18 -29 0 30 21 0 -12 0 0 33 0 -3 -21 0 30 -17 -40 28 0 -14 25 11 9 0 4 14 29 -27 -25 0 -39 46 29 0 0 0 43 0 -45 0 23 
47 -49 -23 0 29 4 -39 -30 14 -44 -33 38 18 0 21 43 0 0 7 -44 -2 -14 -5 0 0 -12 0 14 -22 27 31 1 4 0 -10 0 22 36 28 -30 -41 21 -4 45 -4 25 0 1 28 -2 0 34 20 0 0 13 -17 -49 -39 25 -42 -15 32 23 47 5 1 0 -35 -24 29 -7 22 47 0 0 -12 43 -47 -40 
-48 29 0 -5 -40 33 -46 -43 -10 -39 -19 0 -47 0 28 0 11 38 0 -16 0 4 2 -30 0 0 0 27 -15 42 30 0 0 6 -43 0 -30 13 24 19 -15 4 16 -3 37 -13 31 0 -3 -29 33 0 0 48 -34 -5 -18 0 39 15 49 45 20 -16 0 39 -9 18 -13 37 0 22 -8 -17 0 18 -28 2 -18 -33 
0 14 -21 6 41 -1 -18 36 -18 -2 -4 12 38 0 -33 -21 -20 29 5 0 -4 0 45 0 0 -15 0 -14 -1 32 -24 -33 -22 6 0 12 -46 6 22 9 0 -16 25 0 -24 0 -26 6 -33 28 2 -26 11 0 -13 30 28 -8 -38 44 31 37 19 7 44 32 -22 0 10 0 0 47 -17 0 0 44 0 -16 24 0 
12 -24 0 -21 0 33 -28 0 -35 22 16 0 -49 -5 -36 14 0 38 0 0 8 -10 0 13 0 44 0 44 -38 42 -16 0 32 -42 -42 -43 2 -5 12 -35 0 27 0 28 -9 21 -32 -13 -36 0 -24 -19 10 0 46 -48 24 0 0 -13 -30 23 -38 -31 -24 -15 -33 0 -20 0 0 0 0 0 0 -11 -36 -34 0 -14 
0 -11 -38 20 17 -19 0 -44 -5 -39 41 0 0 7 37 36 6 -12 -35 25 -41 7 0 0 -46 35 28 0 0 -5 15 -30 0 -38 0 -42 -22 -30 32 10 20 -27 -35 28 13 -16 0 0 32 17 27 0 5 0 -29 -32 -47 -21 21 -13 0 0 -22 -13 0 0 0 0 0 -32 43 0 18 44 -11 0 0 27 -2 -5 
0 24 3 40 -32 0 24 27 46 46 0 -14 -21 45 -41 2 23 39 -30 -21 45 0 20 -37 38 40 0 21 21 34 18 -22 -21 0 32 7 0 44 -24 48 0 0 12 0 47 0 0 -1 29 -44 -9 25 -26 0 -13 0 8 24 1 41 -13 22 20 -28 0 -43 -29 -26 17 0 0 -12 -28 0 -36 0 -30 0 48 -9 
-26 0 11 -25 -6 0 -13 0 -9 0 0 0 -22 -11 -33 29 -35 0 -42 0 28 41 -7 -32 18 21 0 0 -6 0 39 -7 13 -44 25 -43 22 -18 -46 0 -3 19 0 0 0 0 0 -43 -43 0 3 0 5 -38 16 -7 26 39 0 37 -41 38 -33 -16 33 0 46 -3 24 0 -45 43 2 -16 -34 27 0 0 40 41 
0 0 37 -26 7 43 0 -10 -40 37 0 48 5 0 10 0 0 0 -29 7 -42 2 28 0 -46 25 -31 0 30 0 24 5 -11 -46 -32 8 45 -41 0 17 26 0 34 -9 -9 0 -17 -36 0 0 -37 -39 35 -13 0 0 0 19 -27 -2 -45 46 43 23 -4 0 0 0 -5 -14 0 -47 -18 24 0 -2 48 40 -7 15 
0 -42 -40 -18 -12 0 0 -23 23 -16 2 -14 4 -45 -27 1 0 -18 0 0 -2 -11 0 38 17 0 -1 -20 -30 12 -8 0 0 0 -38 0 -28 0 -13 -20 0 1 -25 0 44 -49 45 -41 0 -9 5 33 -46 32 -25 -21 -44 0 -48 -13 0 -19 -43 0 -47 -23 14 -35 31 -40 23 -40 -33 0 -14 -5 -9 41 15 0 
