70
0 -15 0 42 -12 0 -13 0 0 0 11 -29 12 -35 0 0 0 -17 11 0 0 0 -34 24 13 -30 0 20 -5 0 0 0 -46 0 0 0 0 45 0 0 43 -8 38 -1 -32 0 0 0 26 0 0 0 34 0 -47 -42 0 -30 -15 19 -31 0 0 0 0 -27 47 15 -19 0 
-32 0 -20 0 0 0 0 0 -18 1 -29 0 41 0 0 14 43 -15 0 0 -37 -7 0 0 -29 0 0 0 43 0 0 0 0 0 0 0 0 40 0 38 0 -46 -20 0 -22 0 5 36 0 14 -5 0 0 28 -46 22 5 0 28 0 0 26 0 0 0 8 -12 36 0 0 
0 0 21 -31 -44 -49 0 0 0 -13 0 0 0 0 40 26 0 -45 -18 48 -9 0 37 0 0 21 -49 39 0 0 0 27 0 0 24 -46 34 22 -35 -40 0 0 40 0 -31 0 0 0 4 -23 0 -10 0 43 0 -4 -4 -44 6 -42 39 0 0 0 8 3 0 0 0 17 
-20 21 29 38 -40 -13 -42 0 0 25 0 -36 0 -10 27 0 2 -49 0 28 0 0 0 0 -1 0 0 0 0 0 29 0 0 -43 0 38 0 -17 45 29 0 0 -19 11 0 0 -11 0 0 0 0 -27 0 24 0 0 0 0 0 0 46 0 0 0 0 -46 -20 0 0 -7 
0 -31 38 0 0 5 0 0 0 0 -39 -41 0 -38 20 0 0 0 0 -37 -17 0 -23 0 0 -33 0 0 0 0 0 38 0 0 -7 0 0 49 -19 0 0 -47 0 0 42 -15 0 0 0 0 -31 -40 48 0 0 0 31 0 0 0 18 12 -27 4 0 0 -7 -11 36 5 
0 -44 -40 0 -44 -34 -5 -18 0 -32 0 0 43 0 -36 -24 -29 0 0 0 0 32 0 35 -3 -28 0 0 17 -5 0 4 0 0 0 -23 0 0 -35 -39 17 -27 -15 0 0 0 11 0 29 0 0 0 0 0 0 0 48 -47 23 0 47 35 4 0 40 -12 0 -48 0 0 
0 -49 -13 5 -34 4 -7 0 -26 1 -33 -28 -20 0 48 48 0 0 -9 16 -39 9 -14 -26 -23 0 0 0 0 0 4 -13 0 0 -3 0 31 -46 22 0 0 0 0 0 0 0 0 0 -49 -33 0 0 0 -32 -16 32 -36 40 0 16 0 0 39 0 0 0 43 0 0 -10 
0 0 -42 0 -5 -7 25 37 22 0 -47 19 -49 0 -48 43 26 31 -49 0 17 -18 0 0 0 -16 0 8 0 0 0 24 0 -47 27 -43 0 0 -9 -4 22 2 32 -4 0 0 -14 -41 0 -9 -30 40 0 15 0 0 0 0 -12 0 0 -14 4 -29 38 0 6 49 -14 0 
0 0 0 0 -18 0 37 -39 -2 -40 0 -23 0 45 0 -48 0 0 0 0 0 33 21 -40 -11 0 25 0 9 0 19 0 33 0 0 6 -16 -12 0 0 31 7 33 0 0 0 -12 -47 41 24 -35 -30 -48 0 0 -30 0 0 26 -40 0 0 0 -31 5 0 0 0 0 0 
-18 0 0 0 0 -26 22 -2 0 0 0 43 0 0 0 0 0 -32 0 -30 0 -29 0 -1 0 30 -49 0 0 -34 -22 0 -19 0 0 0 -9 3 -5 -49 0 0 0 0 0 0 37 -10 0 0 -7 0 42 0 -43 -28 0 45 0 0 -39 0 0 44 0 -42 0 -20 0 4 
1 -13 25 0 -32 1 0 -40 0 -33 0 31 -15 19 -22 0 -9 0 21 0 -22 0 -16 0 33 49 18 0 39 0 40 13 7 0 0 0 25 21 34 -6 0 46 -33 -25 39 0 0 0 -44 0 0 0 42 29 0 -45 -41 0 0 0 0 -33 9 39 0 0 -6 0 0 -1 
-29 0 0 -39 0 -33 -47 0 0 0 -4 0 0 0 -41 -34 -19 -28 0 0 -31 0 -39 38 30 0 0 13 0 5 0 0 0 0 28 0 0 47 36 0 0 0 0 -35 -48 0 -6 0 0 28 0 0 -10 0 -47 0 0 -49 -34 0 0 -15 26 0 0 0 9 0 0 -28 
0 0 -36 -41 0 -28 19 -23 43 31 0 0 -26 36 0 8 25 0 0 0 18 49 8 3 32 -10 -46 46 0 0 0 11 -37 31 29 -43 0 -8 20 0 0 0 0 -37 40 0 -39 0 0 -4 0 -23 -1 0 -18 0 -49 -14 0 7 -40 0 -7 0 -31 21 0 34 0 0 
41 0 0 0 43 -20 -49 0 0 -15 0 -26 0 0 0 0 7 -29 42 0 -35 18 0 0 0 0 3 20 0 -33 0 0 0 0 -28 0 27 13 0 0 17 0 0 0 -3 0 18 0 0 0 0 0 0 0 0 0 0 0 0 0 -46 0 12 0 -4 0 -31 -1 0 0 
0 0 -10 -38 0 0 0 45 0 19 0 36 0 49 0 0 -40 -23 20 2 7 25 -8 0 0 0 0 0 0 -48 0 0 0 32 33 27 0 -19 0 24 0 1 0 -40 0 0 0 0 0 48 0 0 0 -19 39 35 42 -7 0 0 -35 0 0 0 0 -25 0 0 30 -20 
0 40 27 20 -36 48 -48 0 0 -22 -41 0 0 0 0 42 22 -8 8 45 37 0 0 0 0 0 0 0 40 0 6 0 0 28 -38 -47 0 0 -14 23 15 0 -49 0 36 42 23 0 0 0 10 0 -47 0 -39 -6 0 0 28 -16 -11 0 0 -6 -16 0 17 0 0 -27 
14 26 0 0 -24 48 43 -48 0 0 -34 8 0 0 42 35 -46 -12 0 17 0 0 0 0 0 1 0 0 -11 0 0 0 0 0 0 0 20 0 11 0 -14 0 2 -32 27 -40 -10 0 0 -2 -49 -13 -16 0 9 0 0 0 0 0 34 35 0 0 0 0 28 0 -8 0 
43 0 2 0 -29 0 26 0 0 -9 -19 25 7 -40 22 -46 19 -5 42 0 -45 0 0 -7 8 10 0 0 0 0 33 4 0 0 -45 0 0 10 -42 -12 0 -12 46 0 0 -41 0 -40 0 0 8 0 45 0 -14 -24 0 0 -43 1 0 0 6 0 0 0 34 0 32 0 
-15 -45 -49 0 0 0 31 0 -32 0 -28 0 -29 -23 -8 -12 -5 0 -40 16 -4 0 18 -43 -1 0 -41 -47 0 0 0 -42 0 0 -14 0 5 0 0 0 0 9 10 0 -25 0 0 0 0 0 0 0 0 0 -46 3 -46 0 0 -8 36 0 0 30 -7 28 0 3 -22 2 
0 -18 0 0 0 -9 -49 0 0 21 0 0 42 20 8 0 42 -40 0 0 2 0 0 23 0 0 0 -10 19 0 -6 0 0 0 0 -18 0 0 0 0 22 -29 30 0 37 0 28 0 0 0 15 -48 0 0 -10 0 -44 5 0 39 49 -42 0 8 0 14 0 0 0 10 
0 48 28 -37 0 16 0 0 -30 0 0 0 0 2 45 17 0 16 0 0 0 0 49 0 0 -11 0 0 17 -33 0 -39 0 -30 -49 -14 34 0 0 11 0 0 0 0 0 44 0 0 -8 0 0 0 -17 0 30 0 35 0 -2 0 0 -24 0 -2 0 -41 0 0 0 11 
-37 -9 0 -17 0 -39 17 0 0 -22 -31 18 -35 7 37 0 -45 -4 2 0 0 -2 0 0 38 42 0 0 0 -46 0 0 13 -4 10 -32 0 21 0 -39 -34 22 0 19 0 7 0 -15 0 -27 -30 31 20 0 29 24 0 0 0 22 47 0 0 -9 20 5 29 42 0 0 
-7 0 0 0 32 9 -18 33 -29 0 0 49 18 25 0 0 0 0 0 0 -2 0 0 19 0 0 0 0 0 -26 21 26 26 0 22 0 -49 0 -8 8 30 0 -22 44 0 0 -49 0 26 0 0 0 8 18 0 20 14 39 0 -15 0 35 14 0 0 -33 33 16 0 -21 
0 37 0 -23 0 -14 0 21 0 -16 -39 8 0 -8 0 0 0 18 0 49 0 0 -37 43 -10 20 0 -11 17 0 0 43 0 -7 30 17 0 -42 0 0 44 0 -17 -34 -43 0 0 0 0 -42 37 -6 48 4 9 -26 12 7 11 27 -21 0 0 10 0 -13 -11 0 42 0 
0 0 0 0 35 -26 0 -40 -1 0 38 3 0 0 0 0 -7 -43 23 0 0 19 43 39 0 25 27 30 0 0 44 0 0 0 46 -12 -4 0 37 29 33 37 0 9 9 0 -7 8 33 0 2 26 0 0 -16 0 0 0 0 17 -38 0 -23 0 -43 7 10 0 26 -42 
-29 0 -1 0 -3 -23 0 -11 0 33 30 32 0 0 0 0 8 -1 0 0 38 0 -10 0 0 -21 0 0 0 -30 0 -13 0 0 -28 0 -29 0 21 0 -29 -8 0 0 3 42 0 -12 0 -17 26 0 0 0 0 0 0 0 -46 44 0 3 0 0 4 41 10 0 33 0 
0 21 0 -33 -28 0 -16 0 30 49 0 -10 0 0 0 1 10 0 0 -11 42 0 20 25 -21 0 -44 0 0 -47 0 0 33 -38 -42 -35 0 -38 0 0 7 2 0 0 40 38 -40 0 0 0 0 -41 0 -23 0 2 10 27 0 40 30 -21 0 -19 0 0 4 -33 0 0 
0 -49 0 0 0 0 0 25 -49 18 0 -46 3 0 0 0 0 -41 0 0 0 0 0 27 0 -44 0 0 4 0 38 0 0 0 -8 0 0 0 -28 0 0 0 8 0 35 -31 0 0 29 27 0 0 0 0 0 0 0 0 0 -6 -39 8 0 0 -30 0 0 0 -18 -27 
0 39 0 0 0 0 8 0 0 0 13 46 20 0 0 0 0 -47 -10 0 0 0 -11 30 0 0 0 -44 0 1 0 -34 25 0 9 0 0 -24 0 0 0 16 0 11 0 0 -47 0 0 0 0 7 0 -8 0 -12 16 -40 -41 -38 5 0 0 0 0 -17 0 -15 8 0 
43 0 0 0 17 0 0 9 0 39 0 0 0 0 40 -11 0 0 19 17 0 0 17 0 0 0 4 0 -41 -31 -40 0 0 -41 0 36 0 0 0 23 0 0 -37 0 0 0 45 -25 -46 0 0 0 -23 -39 0 -41 0 5 1 0 -40 0 -42 -39 46 -20 11 -38 0 -19 
0 0 0 0 -5 0 0 0 -34 0 5 0 -33 -48 0 0 0 0 0 -33 -46 -26 0 0 -30 -47 0 1 -31 -29 -49 16 0 0 0 49 0 22 0 -11 -18 0 37 0 0 -46 0 0 -16 -27 -26 22 -38 0 26 26 0 0 0 0 0 12 32 0 0 0 0 18 0 0 
0 0 29 0 0 4 0 19 -22 40 0 0 0 0 6 0 33 0 -6 0 0 21 0 44 0 0 38 0 -40 -49 -4 47 8 0 0 1 0 0 0 43 0 48 48 -48 26 -28 0 13 0 -1 0 0 12 40 0 0 0 0 -39 0 0 0 0 0 -47 0 -23 1 0 46 
0 27 0 38 4 -13 24 0 0 13 0 11 0 0 0 0 4 -42 0 -39 0 26 43 0 -13 0 0 -34 0 16 47 0 -16 -34 0 0 0 0 -42 0 0 7 11 -2 46 -43 -12 3 4 -44 29 0 -8 -22 -24 0 0 0 0 46 49 0 47 0 36 0 32 0 14 0 
0 0 0 0 0 0 0 33 -19 7 0 -37 0 0 0 0 0 0 0 0 13 26 0 0 0 33 0 25 0 0 8 -16 40 3 4 0 0 37 0 0 -39 0 42 0 0 0 -19 33 24 38 0 0 2 0 32 0 0 -20 0 41 -21 0 0 46 -5 -7 0 -36 0 0 
0 0 -43 0 0 0 -47 0 0 0 0 31 0 32 28 0 0 0 0 -30 -4 0 -7 0 0 -38 0 0 -41 0 0 -34 3 0 -12 0 0 0 15 8 0 -33 -9 11 -45 31 -46 8 0 0 0 -10 -20 47 0 0 0 1 0 45 -29 25 35 -30 0 0 0 -13 -10 0 
0 24 0 -7 0 -3 27 0 0 0 28 29 -28 33 -38 0 -45 -14 0 -49 10 22 30 46 -28 -42 -8 9 0 0 0 0 4 -12 0 -7 -9 -35 41 0 -38 0 -13 0 -15 49 -6 1 47 38 8 0 -27 0 0 -48 -6 24 -3 0 -27 -26 14 0 10 0 0 0 14 0 
0 -46 38 0 -23 0 -43 6 0 0 0 -43 0 27 -47 0 0 0 -18 -14 -32 0 17 -12 0 -35 0 0 36 49 1 0 0 0 -7 0 -21 -45 -1 20 -40 -38 0 0 43 0 0 16 0 0 0 0 49 0 -40 0 25 -15 0 0 46 -39 23 20 0 0 0 -37 -38 0 
0 34 0 0 0 31 0 -16 -9 25 0 0 27 0 0 20 0 5 0 34 0 -49 0 -4 -29 0 0 0 0 0 0 0 0 0 -9 -21 -34 0 45 0 -19 0 37 0 0 44 0 -38 0 0 -25 0 0 -13 -44 -46 0 0 21 -30 -26 -30 -25 0 -35 0 22 0 -14 0 
40 22 -17 49 0 -46 0 -12 3 21 47 -8 13 -19 0 0 10 0 0 0 21 0 -42 0 0 -38 0 -24 0 22 0 0 37 0 -35 -45 0 0 0 -24 0 0 0 0 -17 0 0 15 0 30 0 -16 41 0 35 0 0 0 -22 32 0 32 0 18 0 0 0 0 -34 -28 
0 -35 45 -19 -35 22 -9 0 -5 34 36 20 0 0 -14 11 -42 0 0 0 0 -8 0 37 21 0 -28 0 0 0 0 -42 0 15 41 -1 45 0 0 14 -5 29 0 0 -45 36 7 7 0 -22 0 30 0 0 0 0 0 -40 0 0 -27 -37 0 0 -40 -27 1 3 0 9 
38 -40 29 0 -39 0 -4 0 -49 -6 0 0 0 24 23 0 -12 0 0 11 -39 8 0 29 0 0 0 0 23 -11 43 0 0 8 0 20 0 -24 14 0 0 -27 -20 8 35 0 29 -9 0 19 0 28 0 0 -7 -7 -5 0 -31 0 0 -40 0 -7 0 0 0 10 4 -11 
0 0 0 0 17 0 22 31 0 0 0 0 17 0 15 -14 0 0 22 0 -34 30 44 33 -29 7 0 0 0 -18 0 0 -39 0 -38 -40 -19 0 -5 0 0 -45 0 12 0 0 0 0 0 0 -23 32 -40 0 0 0 0 0 27 0 0 0 0 4 -39 0 0 0 0 -27 
-46 0 0 -47 -27 0 2 7 0 46 0 0 0 1 0 0 -12 9 -29 0 22 0 0 37 -8 2 0 16 0 0 48 7 0 -33 0 -38 0 0 29 -27 -45 0 0 0 0 0 0 0 0 -29 0 0 25 14 14 -48 -4 33 0 -34 -23 0 0 -39 0 -18 -32 0 0 -29 
-20 40 -19 0 -15 0 32 33 0 -33 0 0 0 0 -49 2 46 10 30 0 0 -22 -17 0 0 0 8 0 -37 37 48 11 42 -9 -13 0 37 0 0 -20 0 0 0 0 0 46 33 -27 37 27 -23 -25 0 0 0 0 -19 37 0 -31 -15 49 12 0 0 0 0 42 -36 -29 
0 0 11 0 0 0 -4 0 0 -25 -35 -37 0 -40 0 -32 0 0 0 0 19 44 -34 9 0 0 0 11 0 0 -48 -2 0 11 0 0 0 0 0 8 12 0 0 0 -4 22 49 -21 15 0 -44 34 -2 -24 0 0 -22 -43 -45 14 34 -17 17 36 41 0 -4 28 -21 0 
-22 -31 0 42 0 0 0 0 0 39 -48 40 -3 0 36 27 0 -25 37 0 0 0 -43 9 3 40 35 0 0 0 26 46 0 -45 -15 43 0 -17 -45 35 0 0 0 -4 43 32 0 0 0 0 21 -39 0 0 0 0 10 0 20 0 -31 26 0 3 -44 -17 0 -9 0 6 
0 0 0 -15 0 0 0 0 0 0 0 0 0 0 42 -40 -41 0 0 44 7 0 0 0 42 38 -31 0 0 -46 -28 -43 0 31 49 0 44 0 36 0 0 0 46 22 32 48 0 0 32 -28 26 0 37 45 0 -3 24 -33 0 0 -46 0 0 0 0 36 0 3 -29 0 
5 0 -11 0 11 0 -14 -12 37 0 -6 -39 18 0 23 -10 0 0 28 0 0 -49 0 -7 0 -40 0 -47 45 0 0 -12 -19 -46 -6 0 0 0 7 29 0 0 33 49 0 0 37 -44 0 0 0 -18 23 0 0 0 -46 0 -44 11 -3 0 0 0 -39 -7 27 3 -42 0 
36 0 0 0 0 0 -41 -47 -10 0 0 0 0 0 0 0 -40 0 0 0 -15 0 0 8 -12 0 0 0 -25 0 13 3 33 8 1 16 -38 15 7 -9 0 0 -27 -21 0 0 -44 0 0 15 0 -34 0 -14 10 0 0 32 10 0 -12 -31 0 0 0 0 45 -20 36 0 
0 4 0 0 29 -49 0 41 0 -44 0 0 0 0 0 0 0 0 0 -8 0 26 0 33 0 0 29 0 -46 -16 0 4 24 0 47 0 0 0 0 0 0 0 37 15 0 32 0 0 0 21 -6 0 0 0 31 -40 0 0 -3 1 0 0 -11 0 0 10 0 -37 -5 -38 
14 -23 0 0 0 -33 -9 24 0 0 28 -4 0 48 0 -2 0 0 0 0 -27 0 -42 0 -17 0 27 0 0 -27 -1 -44 38 0 38 0 0 30 -22 19 0 -29 27 0 0 -28 0 15 21 0 0 0 19 0 19 -18 29 39 23 12 -20 0 0 0 0 -17 0 10 -14 -42 
-5 0 0 -31 0 0 -30 -35 -7 0 0 0 0 0 10 -49 8 0 15 0 -30 0 37 2 26 0 0 0 0 -26 0 29 0 0 8 0 -25 0 0 0 -23 0 -23 -44 21 26 0 0 -6 0 31 0 0 0 0 6 0 0 0 25 0 27 37 0 0 0 0 0 13 -46 
0 -10 -27 -40 0 0 40 -30 0 0 0 -23 0 0 0 -13 0 0 -48 0 31 0 -6 26 0 -41 0 7 0 22 0 0 0 -10 0 0 0 -16 30 28 32 0 -25 34 -39 0 -18 -34 0 0 0 -28 5 0 0 -49 0 0 4 -49 -5 -26 -39 0 0 -39 0 0 -22 0 
0 0 0 48 0 0 0 -48 42 42 -10 -1 0 0 -47 -16 45 0 0 -17 20 8 48 0 0 0 0 0 -23 -38 12 -8 2 -20 -27 49 0 41 0 0 -40 25 0 -2 0 37 23 0 0 19 0 5 -28 -15 0 0 0 -32 0 15 -32 1 -40 46 25 -3 18 49 -31 44 
28 43 24 0 0 -32 15 0 0 29 0 0 0 -19 0 0 0 0 0 0 0 18 4 0 0 -23 0 -8 -39 0 40 -22 0 47 0 0 -13 0 0 0 0 14 0 -24 0 45 0 -14 0 0 0 0 -15 -5 -3 -4 -18 0 10 -15 0 0 0 0 0 -38 0 0 -14 0 
-46 0 0 0 0 -16 0 0 -43 0 -47 -18 0 39 -39 9 -14 -46 -10 30 29 0 9 -16 0 0 0 0 0 26 0 -24 32 0 0 -40 -44 35 0 -7 0 14 0 0 0 0 0 10 31 19 0 0 0 -3 -10 0 0 -44 0 -46 0 -5 40 0 0 -47 0 -18 -31 -41 
22 -4 0 0 0 32 0 -30 -28 -45 0 0 0 35 -6 0 -24 3 0 0 24 20 -26 0 0 2 0 -12 -41 26 0 0 0 0 -48 0 -46 0 0 -7 0 -48 0 0 0 -3 0 0 -40 -18 6 -49 0 -4 0 -40 0 0 0 -27 37 0 15 0 -31 0 0 0 0 -7 
5 -4 0 31 48 -36 0 0 0 -41 0 -49 0 42 0 0 0 -46 -44 35 0 14 12 0 0 10 0 16 0 0 0 0 0 0 -6 25 0 0 0 -5 0 -4 -19 -22 10 24 -46 0 0 29 0 0 0 -18 0 0 17 -17 -17 0 -26 -14 34 0 0 -45 0 0 0 -27 
0 -44 0 0 -47 40 0 0 45 0 -49 -14 0 -7 0 0 0 0 5 0 0 39 7 0 0 27 0 -40 5 0 0 0 -20 1 24 -15 0 0 -40 0 0 33 37 -43 0 -33 0 32 0 39 0 0 -32 0 -44 0 -17 0 0 -5 0 0 0 0 0 0 -14 0 27 35 
28 6 0 0 23 0 -12 26 0 0 -34 0 0 0 28 0 -43 0 0 -2 0 0 11 0 -46 0 0 -41 1 0 -39 0 0 0 -3 0 21 -22 0 -31 27 0 0 -45 20 0 -44 10 -3 23 0 4 0 10 0 0 -17 0 9 0 22 0 -26 0 0 20 0 -7 0 0 
0 -42 0 0 0 16 0 -40 0 0 0 7 0 0 -16 0 1 -8 39 0 22 -15 27 17 44 40 -6 -38 0 0 0 46 41 45 0 0 -30 32 0 0 0 -34 -31 14 0 0 11 0 1 12 25 -49 15 -15 -46 -27 0 -5 0 0 -29 46 0 0 0 -4 0 0 0 -28 
0 39 46 18 47 0 0 0 -39 0 0 -40 -46 -35 -11 34 0 36 49 0 47 0 -21 -38 0 30 -39 5 -40 0 0 49 -21 -29 -27 46 -26 0 -27 0 0 -23 -15 34 -31 -46 -3 -12 0 -20 0 -5 -32 0 0 37 -26 0 22 -29 31 4 37 0 0 -25 0 34 0 0 
26 0 0 12 35 0 -14 0 0 -33 -15 0 0 0 0 35 0 0 -42 -24 0 35 0 0 3 -21 8 0 0 12 0 0 0 25 -26 -39 -30 32 -37 -40 0 0 49 -17 26 0 0 -31 0 0 27 -26 1 0 -5 0 -14 0 0 46 4 0 -29 0 0 -36 0 0 38 0 
0 0 0 -27 4 39 4 0 0 9 26 -7 12 0 0 0 6 0 0 0 0 14 0 -23 0 0 0 0 -42 32 0 47 0 35 14 23 -25 0 0 0 0 0 12 17 0 0 0 0 -11 0 37 -39 -40 0 40 15 34 0 -26 0 37 -29 30 -28 19 42 9 -7 0 0 
0 0 0 4 0 0 -29 -31 44 39 0 0 0 0 -6 0 0 30 8 -2 -9 0 10 0 0 -19 0 0 -39 0 0 0 46 -30 0 20 0 18 0 -7 4 -39 0 36 3 0 0 0 0 0 0 0 46 0 0 0 0 0 0 0 0 0 -28 -25 -23 0 -36 -30 -12 0 
0 8 0 0 40 0 38 5 0 0 0 -31 -4 0 -16 0 0 -7 0 0 20 0 0 -43 4 0 -30 0 46 0 -47 36 -5 0 10 0 -35 0 -40 0 -39 0 0 41 -44 0 -39 0 0 0 0 0 25 0 0 -31 0 0 0 0 0 0 19 -23 0 0 0 0 -32 0 
8 3 -46 0 -12 0 0 0 -42 0 0 21 0 -25 0 0 0 28 14 -41 5 -33 -13 7 41 0 0 -17 -20 0 0 0 -7 0 0 0 0 0 -27 0 0 -18 0 0 -17 36 -7 0 10 -17 0 -39 -3 -38 -47 0 -45 0 20 -4 -25 -36 42 0 0 0 -23 0 9 0 
-12 0 -20 -7 0 43 6 0 0 -6 9 0 -31 0 17 28 34 0 0 0 29 33 -11 10 10 4 0 0 11 0 -23 32 0 0 0 0 22 0 1 0 0 -32 0 -4 0 0 27 45 0 0 0 0 18 0 0 0 0 -14 0 0 0 0 9 -36 0 -23 11 -12 18 -43 
36 0 0 -11 -48 0 49 0 -20 0 0 34 -1 0 0 0 0 3 0 0 42 16 0 0 0 -33 0 -15 -38 18 1 0 -36 -13 0 -37 0 0 3 10 0 0 42 28 -9 3 3 -20 -37 10 0 0 49 0 -18 0 0 0 -7 0 34 0 -7 -30 0 0 -12 24 0 43 
0 0 0 36 0 0 -14 0 0 0 0 0 0 30 0 -8 32 -22 0 0 0 0 42 26 33 0 -18 8 0 0 0 14 0 -10 14 -38 -14 -34 0 4 0 0 -36 -21 0 -29 -42 36 -5 -14 13 -22 -31 -14 -31 0 0 27 0 0 0 38 0 -12 -32 9 18 0 0 0 
0 17 -7 5 0 -10 0 0 4 -1 -28 0 0 -20 -27 0 0 2 10 11 0 -21 0 -42 0 0 -27 0 -19 0 46 0 0 0 0 0 0 -28 9 -11 -27 -29 -29 0 6 0 0 0 -38 -42 -46 0 44 0 -41 -7 -27 35 0 -28 0 0 0 0 0 0 -43 43 0 0 
