80
0 -15 0 42 -12 9 0 0 22 -18 -32 23 0 -2 19 -6 29 0 -34 24 13 -30 0 20 -5 0 0 0 -46 0 -24 45 0 14 37 28 0 -1 -32 18 26 0 -45 28 -47 -42 0 -30 -15 19 -31 0 0 0 -9 -6 -36 33 28 0 -3 18 -40 0 -18 1 -29 0 41 0 0 14 43 -15 0 0 -37 -7 -8 0 
-35 28 0 0 0 0 0 -13 6 0 0 38 -17 43 -40 25 5 36 0 14 -5 11 49 18 11 -1 28 36 22 16 24 0 0 49 18 -31 0 -44 -49 0 0 -23 40 0 0 40 26 0 -45 -18 48 -9 42 1 21 -49 39 17 27 8 22 31 42 0 25 0 -40 13 24 -31 32 4 -23 0 -10 -34 0 -17 0 -4 
28 -44 6 -42 39 8 8 3 -48 17 29 38 -40 -13 -42 -2 -38 -36 21 28 48 44 -43 28 0 -47 -1 39 -27 -49 -29 -27 21 -17 45 29 0 41 32 0 17 -31 25 -27 0 24 0 0 -8 0 46 16 0 -46 -20 0 -43 -12 5 12 19 5 33 38 34 -6 -37 -17 -33 23 -33 0 0 0 0 0 38 0 0 -7 
0 6 0 0 49 -19 44 -31 0 42 -15 -24 -1 -37 30 -31 0 31 0 38 21 0 29 0 4 -7 -44 -27 10 -13 11 41 -14 43 -32 0 0 43 43 -43 13 0 0 -38 32 0 35 -3 -28 0 0 17 -5 30 0 -33 -23 -5 3 45 -20 13 0 -15 0 0 18 32 -21 0 27 0 -22 13 30 0 -22 32 4 -48 
0 -42 0 0 0 -12 0 -48 22 0 0 -7 0 -26 1 -33 -28 -20 34 -26 -2 -9 16 -39 9 -14 -26 -23 0 22 0 4 -13 31 0 33 0 -15 0 22 0 0 34 15 45 47 4 -37 21 -10 -35 0 40 0 16 25 -25 0 0 43 0 0 -10 25 37 22 7 -26 -1 28 0 10 -40 -2 -27 -16 -41 0 34 5 
0 39 49 0 0 0 8 0 -5 0 0 25 0 27 -43 -34 -35 11 41 0 49 0 0 0 1 13 37 -28 37 0 -20 -11 -11 -12 0 0 -14 4 -29 38 20 10 15 0 0 -39 -2 -40 -31 35 -27 -48 -5 6 -23 0 27 -31 23 0 25 24 -39 -38 33 0 -4 0 -16 -12 0 18 24 16 -37 0 -12 -47 41 24 
0 8 -19 -12 0 -35 -30 -48 24 41 0 26 -40 0 0 -43 20 13 20 -29 43 -24 36 0 -10 0 -13 0 49 -39 30 -49 0 -11 -37 -23 -42 24 -13 0 0 -5 -49 0 0 -37 0 37 -10 4 -29 42 0 -43 -28 0 37 -39 -26 36 -42 21 0 0 4 -33 -12 -9 8 -45 0 -19 -26 -40 -22 0 -16 0 33 49 
0 8 44 0 8 -30 18 -42 -13 0 -2 -28 21 -38 -40 26 25 45 39 0 0 -25 39 46 -44 -19 42 29 0 -45 -41 26 1 0 9 39 0 23 23 -1 -4 2 -41 -34 -19 -28 19 -23 -39 38 30 0 0 13 -10 -42 0 -22 -16 47 36 -27 0 0 3 -7 -4 34 -34 -13 -10 35 0 0 0 -49 -34 0 -25 30 
-13 3 -31 -48 0 -48 -42 16 0 9 0 -33 47 0 0 36 0 0 25 0 20 15 -34 3 0 0 32 -10 -46 46 0 0 -16 -37 -2 0 29 -43 0 -8 20 0 0 0 0 -37 40 0 -39 0 -13 0 25 1 0 0 -18 -33 -35 0 0 7 -40 0 -7 0 -31 21 0 34 17 0 -24 -40 49 -40 -29 -22 43 0 
6 -48 0 22 -5 24 -13 0 25 -10 7 -33 0 0 0 0 -28 -20 20 -10 17 42 -3 0 18 10 9 0 0 23 0 0 -46 0 12 -47 34 -42 -38 0 49 0 -11 21 0 0 2 7 25 -8 10 23 -48 0 -13 36 0 0 27 31 41 8 1 -17 32 0 0 -32 0 0 -19 -38 -18 -42 4 -43 21 20 0 47 
0 17 42 0 0 41 0 9 -10 -11 30 -20 0 42 22 -8 8 45 37 0 -2 46 40 0 6 48 32 26 -20 0 -14 23 15 3 4 10 8 -41 -19 40 -47 -31 0 -6 0 -24 -27 19 33 -6 -16 0 17 8 0 36 -37 -17 0 40 -24 -2 1 0 47 34 -13 0 -30 0 0 24 19 2 -32 27 -40 -10 -47 28 
0 29 -15 0 0 0 -2 0 7 30 0 0 -13 -16 0 9 34 -38 39 -25 0 0 12 14 3 19 -5 42 0 -45 0 0 -7 8 10 38 46 30 -7 -45 0 -18 -35 -43 -3 13 1 0 -41 -45 -4 8 0 45 0 -14 -24 38 -34 -45 16 0 47 34 0 32 -48 5 0 -13 8 11 -5 0 10 -38 0 25 0 -42 
38 38 -24 -7 25 26 -28 -33 -33 -20 0 -10 14 5 -42 46 8 46 -44 0 0 0 0 -5 19 -44 29 0 44 0 8 5 30 -7 28 0 3 -22 2 40 36 46 1 0 -10 19 0 -6 0 0 0 0 -18 0 -14 22 -29 30 -28 28 36 25 -39 8 -5 -39 46 -43 0 0 0 37 -14 4 14 -19 10 -6 49 0 
-17 -40 -1 0 0 -40 21 47 0 0 -13 14 0 -11 12 0 0 -33 -37 -3 24 -34 0 -26 32 11 -41 -10 0 17 -8 -3 -17 0 30 14 23 42 -25 13 30 -41 0 0 0 11 0 -2 0 0 38 42 0 0 -35 6 13 -4 10 -32 -36 -4 -46 32 43 19 0 7 -13 0 0 -27 -30 31 20 -6 0 24 44 22 
43 -13 -37 -26 27 0 -38 0 0 42 -16 5 -11 47 -19 0 0 20 5 29 42 -6 8 3 7 -26 21 26 26 -28 -26 -4 -8 8 30 0 -22 44 22 -48 26 -2 8 18 0 20 14 39 0 -15 0 35 14 0 0 -33 33 16 -37 0 -37 43 -10 20 -17 0 17 0 0 43 0 -7 30 17 13 0 0 10 0 13 
-40 -42 30 1 -43 0 -40 0 0 22 0 -42 12 -19 39 49 0 4 0 -42 37 -6 48 4 9 -26 12 7 11 27 -21 0 0 10 37 27 -24 4 39 0 25 27 30 40 0 23 38 -49 -25 1 -32 -9 -36 -17 9 9 0 -7 8 33 36 -18 27 -16 33 0 17 -38 -47 -7 0 0 2 -31 11 48 -21 0 0 -29 
25 -2 -31 -33 -34 -43 26 36 0 -8 9 46 0 0 49 -36 -13 9 0 0 -29 10 0 -35 3 -15 3 42 5 31 -8 0 -17 0 20 -1 10 42 0 -2 4 41 10 38 -22 -44 -46 -6 0 3 5 -21 -11 39 -36 26 0 0 0 22 7 -45 0 47 -41 0 -44 33 9 0 40 30 -21 0 -19 -12 17 -12 -45 4 
5 -38 0 -28 -35 20 25 0 -28 8 34 8 0 0 0 -13 0 38 0 0 0 -8 0 0 0 -28 0 35 5 35 -31 -49 0 0 27 0 0 0 0 0 0 0 0 19 5 12 47 -30 29 -18 -27 -44 0 1 23 0 25 34 -49 -24 0 0 -22 0 -24 0 0 0 -47 0 30 7 41 -43 17 4 22 -46 42 -39 
36 -36 31 -20 11 13 45 0 -20 45 -38 46 -33 20 4 9 38 0 -14 -21 -15 8 25 0 -31 -40 0 0 -41 32 45 0 23 -38 -46 -23 -4 -7 5 -48 -31 -26 -41 22 10 0 0 -40 0 -42 -39 46 -20 11 -38 0 -19 -29 -49 16 0 29 -25 22 47 0 -18 0 37 16 21 0 -16 -27 -26 22 -38 0 26 26 
0 21 0 34 41 20 39 25 20 37 39 -44 -37 5 0 0 0 -14 0 20 0 12 32 35 0 18 43 0 0 -28 -4 1 -47 43 0 48 48 -48 26 -28 -8 0 0 -1 0 0 12 40 0 0 -21 0 39 0 0 -1 2 0 -22 39 4 -16 -34 0 -1 -42 0 0 7 11 -2 46 -43 -12 3 4 -44 29 0 -8 
14 28 38 -26 0 -29 0 0 -10 0 -25 0 -3 29 -42 0 0 -21 20 -22 -24 -21 0 46 49 -38 0 46 40 46 14 2 -30 40 36 37 0 -21 20 10 0 0 -19 33 24 38 20 32 32 0 0 -20 -32 41 0 3 26 0 3 26 8 0 23 38 0 15 8 0 -33 -9 11 -45 31 -46 8 0 -4 11 41 -25 
-5 48 21 -2 49 43 0 20 17 -2 0 0 24 42 37 -29 0 -15 0 -24 36 -48 45 -29 25 35 -30 40 -13 -10 0 0 -7 -9 -35 41 -23 47 -24 -15 49 -6 1 47 38 8 -3 -35 -48 -6 24 -3 0 -27 -26 14 22 -27 -14 15 -21 -45 -1 20 -40 -38 0 20 0 0 0 16 31 0 49 0 -40 0 25 -15 
11 44 0 -9 0 -24 -25 15 42 46 0 0 -34 -6 -6 10 -8 8 12 -21 -48 0 -18 -41 0 23 20 0 -7 -40 30 -34 -20 -33 -29 20 -43 0 44 0 -38 -37 -41 21 17 -19 39 21 -30 -26 -30 -25 3 -15 47 -14 0 36 7 0 0 11 42 15 0 30 -45 -42 8 -16 -42 27 0 42 41 18 0 0 0 -45 
49 -43 29 16 0 36 39 -34 -3 40 12 0 0 8 48 0 0 25 32 0 45 -18 0 -28 0 14 -5 29 -11 -19 6 -17 -35 -22 0 18 -11 -40 43 -38 -24 -33 0 -27 1 3 22 35 -27 -20 8 35 0 29 -9 0 19 0 28 0 25 -3 25 -34 0 -9 -40 0 -7 28 10 4 -11 19 0 4 -35 40 0 -23 
18 28 0 -39 0 0 46 3 0 0 14 -5 -26 3 4 -35 0 0 35 46 -29 -41 -28 32 -40 0 0 13 27 0 47 4 -39 0 0 29 -29 -44 38 -3 13 25 14 14 -48 -4 33 -45 49 0 28 0 -46 0 29 0 -29 0 0 0 46 33 -27 37 27 -23 -25 0 0 43 -42 -45 -31 -15 49 12 -14 0 42 -36 
11 0 4 9 1 -10 -44 0 18 6 3 19 32 7 9 3 0 -31 0 49 25 0 0 -40 -29 -21 0 22 49 -21 15 -5 -38 0 -2 -24 0 0 -22 -43 -45 14 34 -17 17 36 41 21 46 -5 -33 -49 5 0 -38 0 0 -39 0 37 10 0 20 0 -31 26 8 -45 0 -17 9 -19 23 6 8 -41 -18 28 -23 -15 
-1 -47 -7 -14 13 0 -19 0 10 48 19 -44 11 -26 -26 -15 -28 -40 18 -38 35 23 14 0 -21 -3 24 -33 0 0 -46 -28 0 36 -8 0 -29 0 37 -44 18 -18 23 0 -1 9 -44 11 -3 0 0 0 -39 -7 27 3 -42 40 15 0 -34 -39 34 0 0 0 -44 32 0 0 -31 0 -20 45 -20 36 49 -34 0 -41 
28 -1 -44 -26 37 -13 42 32 9 32 -5 29 -41 21 12 3 0 0 43 0 -30 20 -5 0 0 24 0 31 -40 -41 -7 -18 0 -11 10 0 -44 -33 0 0 -38 28 19 -28 47 -34 0 -10 18 -19 46 -10 -6 10 -14 -42 31 0 0 0 0 6 0 -27 -36 27 37 0 23 0 13 -46 -28 5 0 -41 -16 4 -49 -5 
36 39 -27 -23 -28 0 29 -10 0 26 42 0 -10 26 7 42 35 0 0 46 40 0 29 13 22 -33 31 -26 -39 37 0 8 -22 15 -33 -38 39 44 -21 12 0 1 12 -36 -3 36 -26 15 10 -31 -43 45 0 -18 6 0 -15 33 0 7 0 0 0 -14 0 -10 49 34 -46 0 -5 40 0 0 -47 -9 25 45 19 15 
22 -27 10 0 37 49 0 -46 0 -20 0 44 0 26 11 5 5 -41 0 40 -13 -7 -11 27 49 0 -40 -39 16 -27 37 0 15 -13 22 49 -44 0 -15 0 -17 5 -47 0 34 0 0 -45 -44 -27 -2 0 -9 0 0 -30 36 27 35 9 -4 1 41 0 20 0 -7 0 0 0 -29 46 0 0 27 -31 -35 -28 -26 -12 
16 -49 -13 22 0 -39 -45 46 23 0 -45 0 17 -28 27 31 35 32 -28 46 -10 -40 -19 0 -21 0 -41 37 -27 35 -25 42 0 0 0 3 16 -36 -29 40 30 -28 19 42 9 -7 9 -38 0 -38 31 13 41 13 5 0 34 -36 9 -18 7 38 0 -43 24 0 43 0 -32 0 -41 0 6 0 -37 46 0 -21 0 -20 
24 -29 11 0 -20 30 -41 0 0 -14 0 8 -8 -26 -21 -8 -31 45 -4 14 0 30 6 47 15 -46 -7 0 37 -25 0 36 45 0 0 -22 -24 47 0 0 -30 -15 -5 0 17 0 0 -31 40 17 -5 0 0 0 48 0 31 -38 38 -24 7 -47 0 -11 0 -9 -7 -4 20 28 0 -42 -38 -9 0 -20 -43 28 -10 34 
0 -27 41 4 -11 -49 26 0 0 23 0 5 -3 -4 0 0 -49 0 1 2 0 -34 -17 4 -5 -28 -18 8 0 42 36 0 -46 18 15 -21 24 -45 -40 -18 -31 -17 -3 27 -46 3 -23 21 36 0 0 28 -26 -36 44 -19 -12 0 0 6 27 -15 -46 -11 0 0 0 29 0 0 4 18 47 0 0 -43 10 0 -34 46 
0 21 -14 -13 -11 0 1 -16 -46 15 -7 30 -17 -8 0 -17 0 23 -47 -30 -7 -20 -35 -39 -38 0 0 -22 15 0 45 -46 5 18 -12 36 -45 -11 0 -13 -17 0 -23 -2 23 28 0 20 0 0 0 43 25 0 10 0 23 -20 24 -46 0 0 -49 23 0 15 0 0 0 -18 -8 49 0 -35 33 0 37 38 0 36 
49 -17 43 31 -12 -11 0 -37 0 3 8 -7 0 8 10 0 0 -38 43 40 -9 -33 -22 0 0 36 -11 15 -13 0 0 18 18 -31 -43 0 0 17 28 0 -40 47 0 24 0 8 34 18 0 30 0 2 31 -23 -22 0 0 0 0 0 0 42 0 13 -20 45 0 27 0 -37 0 27 -36 -19 -14 -42 -20 -30 -42 34 
18 45 -32 0 0 -37 9 -2 12 4 10 28 30 30 37 20 27 -46 0 36 -35 -29 0 0 -2 -8 10 -33 22 0 0 15 -12 -43 0 0 22 -41 -35 0 22 45 0 0 -46 0 -7 -5 0 -34 -37 36 37 10 0 -29 34 -19 48 11 0 -45 25 8 0 41 18 -41 -12 26 0 -15 26 0 -40 11 -19 39 -18 0 
-31 29 0 33 0 -23 39 0 -47 10 38 0 14 0 27 -1 0 -23 48 37 41 20 18 29 -24 0 0 -38 49 3 -22 -21 36 0 0 0 0 17 0 13 22 0 39 -32 0 -14 0 -42 12 12 0 -10 0 -13 35 26 0 23 -40 23 -41 41 31 41 4 0 -43 -25 -1 0 0 35 40 0 0 0 -26 0 -23 43 
0 0 0 0 -14 -42 0 29 34 8 46 3 23 -22 -24 10 0 -4 48 0 -23 -43 -11 -29 0 -29 -44 39 -44 16 -24 24 -45 0 22 0 -44 0 0 -6 49 -15 24 24 -9 -35 17 43 37 14 0 35 -2 -26 2 -11 0 0 -43 39 -29 -15 -24 27 0 0 -26 -30 0 -13 -40 -15 0 10 25 0 -12 0 -48 27 
-44 41 43 -15 4 24 23 -43 -42 -41 30 -22 42 44 4 42 0 -7 -48 -21 47 0 -40 -44 0 0 -33 44 0 -36 47 -45 -11 17 -41 17 0 -7 1 -44 0 0 -36 48 25 -28 -9 7 0 0 -40 -43 0 36 -36 0 0 2 -30 -40 -49 32 42 46 35 -23 23 -27 -38 3 -26 -30 25 17 47 -22 -17 22 -13 25 
-49 32 43 0 -29 -13 23 0 -38 -19 -7 2 -25 22 39 0 0 5 26 20 -24 44 43 38 -22 37 0 -21 -15 -29 0 -40 0 28 -35 0 0 1 2 23 -37 -11 0 -46 20 -39 -13 26 0 29 2 7 -39 -36 34 -4 44 7 36 -40 46 28 0 38 0 44 21 14 48 21 29 15 0 -29 46 31 25 48 0 39 
0 0 -43 22 38 0 -1 -8 0 40 -45 40 13 -48 0 -2 0 -48 -28 10 -15 0 -38 -3 -43 -44 0 12 0 40 0 -18 -13 0 0 13 -6 -44 23 0 0 -39 0 -32 42 -48 0 -41 -17 17 -34 46 34 -1 -35 -27 0 46 -39 8 0 27 17 12 8 -2 0 -3 -27 -45 0 -46 -32 18 -12 0 -19 14 0 0 
0 17 13 0 20 0 -4 20 49 -47 0 36 30 26 25 4 0 -31 -8 0 49 -38 -24 13 -45 18 -38 0 -17 30 -30 -31 -17 -40 22 22 49 0 -37 0 -10 -25 -29 -42 0 -17 4 4 13 -25 18 -28 0 -2 -12 0 0 0 -30 0 0 -45 0 -6 -33 -2 0 16 18 0 32 -32 -18 7 49 0 -5 -38 46 -10 
-23 -31 0 0 10 -5 2 0 0 -31 -18 46 -41 -2 27 41 0 -26 0 0 -6 -37 -33 25 14 -18 28 1 5 -28 -15 -17 0 47 45 0 -15 0 -11 -39 -25 -16 1 -33 0 -28 39 47 -2 0 0 34 5 0 0 29 0 35 -26 0 8 0 -22 12 13 0 28 25 -37 0 -37 -15 0 16 19 -49 49 0 44 -44 
40 25 0 34 15 -49 -41 0 -11 0 -35 1 0 8 30 10 0 -41 0 -19 1 -41 0 14 34 23 19 12 -47 19 -5 -3 -23 0 0 39 24 -36 0 0 -29 1 -45 -4 30 37 3 0 37 -38 2 -46 0 0 -24 0 -43 23 13 16 41 0 19 -23 19 13 0 46 21 34 1 44 10 3 -3 20 12 -36 0 0 
0 -27 -38 15 0 0 -34 0 21 -6 -43 0 0 18 40 38 19 22 -1 33 47 21 -27 14 -17 0 -28 -36 0 42 0 27 -2 24 0 -32 24 48 -46 -32 -42 -33 -4 47 12 -23 0 -17 11 10 -40 -3 -20 47 46 10 33 0 -32 0 0 -26 31 0 0 36 0 49 10 45 46 0 49 0 0 10 -35 0 -3 -6 
0 0 32 45 0 0 -19 0 0 0 -3 -10 0 0 0 -22 5 10 0 24 38 17 1 -48 17 -1 47 -3 34 9 17 -46 23 0 -46 0 -9 25 20 42 0 0 30 12 -5 -15 11 0 -41 -42 30 0 8 -2 0 20 0 -12 27 40 1 43 15 0 0 4 -3 -9 21 0 -33 -28 0 0 34 -28 31 37 0 3 
40 24 0 47 -39 -37 -28 -37 0 -24 13 19 11 20 23 -44 12 0 0 38 8 -19 3 -4 36 9 -34 36 0 -7 0 3 28 8 0 -14 -35 -28 -39 -48 -17 -28 37 -23 -15 0 12 0 -25 0 -10 10 46 0 -5 38 0 0 -44 29 -21 46 -2 0 46 -44 21 29 27 0 -30 39 0 17 -7 0 0 -40 35 0 
26 0 35 4 -2 0 19 40 2 -27 1 0 0 14 38 -46 47 0 12 20 -3 39 22 33 41 -44 0 -26 0 9 0 -23 0 34 -7 0 17 -9 -13 0 4 39 3 0 11 12 21 6 -36 18 8 44 -3 0 0 0 30 -13 29 10 -16 -48 0 0 0 -5 3 0 -2 0 -25 6 -28 0 2 -11 0 -24 32 -37 
0 0 -3 -37 -40 37 -23 0 7 19 0 -6 -2 39 -49 -6 -30 -40 40 32 -35 21 35 -45 21 11 -10 15 -45 -38 -31 21 20 18 -5 -42 43 7 26 -41 4 47 0 -17 0 0 6 -42 -41 9 23 36 -40 2 0 0 0 -21 -28 0 -1 44 0 -35 40 -36 -40 -2 38 0 45 -33 15 22 -9 0 -1 4 0 0 
-45 -8 -28 21 -31 -10 -39 -39 25 33 -41 0 0 0 -25 0 29 0 0 32 -48 -30 -27 49 46 -3 18 10 -44 0 40 36 0 0 0 12 37 0 0 -17 13 -2 37 11 -41 -25 -36 -41 -32 0 13 10 -45 -10 -35 0 36 39 43 48 -13 -28 38 0 0 0 -44 31 -26 -24 0 23 0 -6 22 38 0 5 -19 21 
-18 0 0 -10 35 4 38 0 -8 -6 -45 0 0 -15 1 3 -18 -42 0 0 -6 -26 -20 0 -5 0 -19 -31 -27 -38 17 0 0 30 -34 12 14 0 29 17 -25 0 -38 10 -42 0 18 9 0 0 0 20 -32 -9 -34 -33 -40 5 0 0 0 -26 33 39 -17 -14 22 -1 21 -41 -18 0 -14 0 26 0 7 -25 0 0 
48 46 0 -35 -27 -29 30 -13 10 -16 -4 0 38 0 -32 5 -27 -39 -21 0 24 -30 8 28 -33 0 46 -43 -2 31 -5 0 0 0 -37 0 0 -40 2 -34 18 0 2 -40 30 -10 8 23 13 0 0 0 0 28 14 0 48 34 2 -39 11 7 2 0 -40 3 0 20 9 0 -13 -48 43 0 -34 -38 0 0 -45 44 
-9 16 17 0 -48 42 0 0 23 0 8 0 42 35 -9 -21 -44 46 0 -20 -3 -25 35 0 -49 0 -10 45 0 13 0 28 43 2 36 -10 35 -43 7 46 -28 34 -46 -3 0 10 44 36 10 20 0 0 0 3 -26 -3 -18 47 0 0 0 -45 43 0 -27 -30 0 -32 36 4 0 0 -40 -6 0 9 -7 0 0 -37 
42 0 -5 40 -5 0 0 25 -48 17 0 -18 0 14 -36 -11 0 -20 39 -32 0 3 0 -46 5 -39 -6 0 -9 41 0 -26 25 31 37 0 -2 0 -39 34 0 5 0 -20 8 46 -3 -40 -45 -32 0 0 0 28 34 0 14 -20 -6 -16 -26 35 21 0 0 20 47 46 -6 -19 -33 35 33 -11 24 27 0 -42 0 40 
1 -46 30 0 6 -43 13 1 0 8 45 0 0 0 -17 39 1 11 0 41 -27 -15 29 0 0 -7 10 -18 0 13 0 -36 0 -23 10 -13 -26 36 -36 -1 -2 0 0 47 -2 0 0 2 -10 -9 28 3 28 6 -39 0 0 -35 -19 0 9 -34 0 -26 25 0 -18 -32 26 -17 0 -29 -14 21 9 48 -28 0 37 -9 
21 -20 0 16 -23 -28 -10 0 -13 0 0 -14 -35 0 9 -36 23 -38 0 0 -26 47 -9 29 -38 27 -14 6 0 5 48 44 10 -22 0 35 2 -36 34 -35 -12 0 -24 46 0 -5 0 0 -35 -34 14 -26 34 -39 -34 45 -24 -38 0 -24 22 0 -36 -8 5 14 31 -32 9 17 42 16 0 -13 -24 0 -2 42 -8 0 
-49 0 -33 25 0 0 -42 0 36 36 -14 22 6 -33 9 26 0 0 -1 3 14 -14 0 0 0 3 -42 0 -30 0 0 -19 0 0 -29 26 -11 0 -4 -27 0 29 0 10 20 38 0 0 0 -33 0 -3 0 0 45 -35 0 40 32 0 6 -22 46 27 0 0 -43 0 -14 36 26 10 -10 0 0 0 -6 30 -14 9 
39 -43 -23 -25 27 37 0 -18 0 -37 -24 -29 13 33 0 0 25 -19 2 26 22 0 19 -29 0 -42 31 -15 36 34 31 -12 23 0 34 0 0 0 44 0 0 0 -43 33 0 0 30 0 36 -40 48 -18 14 0 -24 0 -16 -9 3 30 39 0 -41 31 0 7 16 -35 -44 -49 -31 0 0 41 18 -24 36 -26 0 -42 
17 -12 -5 0 -31 -39 -22 -33 0 -17 38 30 -4 16 -7 0 34 -29 0 0 -27 36 0 0 -39 40 0 33 27 -36 -38 0 -20 0 -19 23 0 2 7 46 0 35 23 0 -12 0 -13 -21 39 5 34 47 -20 -35 -38 40 -9 0 -32 34 -17 -38 0 1 0 35 22 0 36 0 35 -20 -6 -23 13 -26 6 -34 -36 -25 
27 5 3 0 23 -26 -16 -35 27 0 -34 -28 10 -37 8 0 -49 -49 -22 3 -14 7 28 0 0 15 0 0 35 9 38 0 24 0 48 -40 -43 -30 36 -39 -30 -26 13 -32 27 -44 29 -28 43 0 2 0 -6 -19 0 32 3 -32 -5 -23 -44 19 46 0 -10 -17 3 40 -17 0 0 0 0 0 0 -44 -13 11 0 38 
8 12 45 43 0 36 47 0 31 40 -45 28 -32 0 33 22 -24 16 39 26 15 0 0 0 37 0 0 7 9 -18 -24 6 -46 0 11 23 39 -40 -40 8 0 0 16 0 40 29 10 0 48 0 -39 0 -16 0 -24 0 30 34 -23 -7 12 4 -21 46 0 -21 -45 -38 16 -4 13 25 30 1 47 43 -32 -37 0 0 
22 19 -20 0 25 -42 36 0 41 -24 16 36 -36 -37 36 7 0 0 4 8 -21 0 25 46 10 -34 0 0 -4 7 7 27 0 0 0 -41 -29 -49 46 0 0 8 41 0 1 -21 -16 -1 -13 0 11 0 -26 9 22 6 39 -17 -44 12 8 0 -1 -28 14 0 0 37 -18 22 -23 0 -5 0 -5 0 -8 -13 -45 33 
31 5 13 0 24 21 -27 7 8 -2 0 25 -4 43 -18 -45 0 29 -16 0 -45 11 -3 33 0 -39 6 0 1 38 -47 -15 0 42 -45 41 -15 32 28 27 -45 0 0 -26 43 46 -48 44 -28 -26 7 -45 35 -34 0 -22 0 -38 19 4 0 0 -44 -18 43 0 -12 27 16 30 0 0 31 16 0 0 -46 0 8 -22 
42 33 0 -10 -39 0 0 -40 1 1 47 -39 -46 -10 27 0 -22 -25 -34 23 -1 42 25 -27 20 34 0 0 41 0 0 -46 -49 0 25 31 -24 42 0 17 0 -22 19 31 15 -2 0 0 38 33 2 43 21 0 -36 46 -41 0 46 -21 -1 -44 0 7 9 0 44 -31 14 -12 0 31 16 0 34 -22 31 0 -33 0 
0 38 -15 25 -38 0 0 0 -17 0 34 8 32 20 -16 47 0 22 0 38 20 15 -34 37 0 0 -27 -14 0 -43 -11 -11 23 13 8 41 27 46 38 12 -6 12 -23 0 0 0 0 -35 0 39 0 0 0 -26 -8 27 31 1 0 46 -28 -18 7 -31 0 -30 0 17 0 46 0 -40 33 -37 41 41 -25 22 -32 0 
25 34 0 37 33 4 3 -7 32 47 0 -5 43 -17 33 -41 -24 47 -1 0 -40 0 0 27 -31 0 -36 0 20 24 0 0 0 -20 0 4 0 35 0 8 -33 13 19 0 0 46 0 40 0 -17 -40 -27 0 25 5 0 0 0 -10 0 14 43 9 0 40 46 0 44 -44 29 -39 -5 0 0 0 18 21 0 -18 34 
0 -6 0 22 0 -33 -7 0 0 34 32 -39 19 0 0 0 0 0 -42 15 -38 30 -9 -23 26 0 27 -10 0 0 -9 0 15 45 41 0 0 -23 44 -2 -2 0 13 36 4 -44 -5 -36 0 -14 3 -30 20 0 14 0 7 35 -17 -21 0 0 0 -30 46 28 0 13 -34 12 -10 38 39 -34 0 23 4 -24 -39 -23 
-40 -37 18 7 -4 -12 -4 -31 0 -13 -48 46 0 17 17 -44 0 -18 0 8 0 -45 -40 -25 8 -44 37 49 -7 43 -7 0 0 0 18 -43 -26 23 21 0 0 28 0 0 -3 21 3 -40 -44 22 0 0 47 -18 31 -43 16 22 3 -45 0 -12 44 0 0 0 -36 -46 -36 -27 -11 15 0 28 0 26 -2 0 3 0 
13 -17 32 -26 0 -9 34 21 -32 0 5 -43 7 0 -38 33 0 0 0 0 20 -42 0 0 -45 32 0 34 0 0 -4 29 0 27 -41 -25 -30 -27 14 -3 16 25 46 49 -9 29 0 -2 31 -1 20 -32 46 -32 -32 0 -35 0 40 -38 37 27 -31 17 44 13 -46 0 -47 -48 6 0 41 -32 -7 -33 -37 43 -26 0 
24 -33 -21 -1 -16 8 -34 0 0 -30 0 0 -13 0 -47 9 -47 37 7 -33 0 8 -7 0 0 0 23 -46 0 -32 20 0 0 0 -12 -1 0 -38 48 -27 18 -37 21 10 21 27 -2 38 -26 21 9 36 -6 26 9 -14 -44 36 -17 16 -18 16 14 0 -44 -34 -36 -47 0 21 -37 19 17 22 0 -38 0 -29 -24 0 
-31 23 0 28 -12 -45 -13 34 0 0 -13 0 0 43 -7 0 0 16 11 -9 0 -16 28 43 -17 0 0 0 0 0 28 0 -18 -37 26 0 -13 3 21 -45 0 0 34 45 0 0 0 0 -24 -41 0 4 -19 -17 17 36 -49 0 0 -4 22 30 -12 46 29 12 -27 -48 21 25 -42 -27 3 23 -26 -35 -30 11 -38 -40 
32 -33 27 0 0 0 -10 17 -19 0 8 0 0 0 0 40 30 21 -2 11 0 -42 10 -42 9 -31 13 -5 -29 -41 0 4 -8 0 0 0 -40 -26 29 0 32 -37 1 46 -33 -30 -25 45 0 -18 -13 0 -33 0 42 26 -31 35 0 13 -23 0 0 0 -39 -10 -11 6 -37 -42 -18 21 0 -33 -6 32 0 38 42 -1 
4 0 0 10 18 -19 35 0 -38 24 11 37 -27 -7 0 30 7 0 46 -45 16 27 4 -45 -19 0 -46 40 46 0 -42 18 49 27 -15 35 -15 -30 15 -46 -32 -15 44 0 -28 39 6 -33 23 0 -48 0 35 -29 16 10 0 -20 0 25 0 0 31 -40 -5 38 15 0 19 -27 21 -32 0 -36 0 -35 42 0 10 0 
-23 0 -22 -40 24 -26 0 -24 -18 19 -5 -14 -30 30 2 -21 41 -16 -43 31 31 0 -11 -31 23 -20 -28 0 0 6 -38 47 0 -36 26 40 0 25 0 -32 -18 0 10 49 0 0 -28 15 0 -14 43 -40 33 -14 0 -10 0 -6 0 30 -5 31 16 33 0 39 0 41 17 3 0 0 0 -40 -33 36 19 10 1 -20 
0 0 13 -2 16 -40 0 -40 -42 2 0 4 31 17 -31 0 -43 -27 -12 -46 0 42 19 -15 6 45 5 0 0 0 -9 0 -35 -19 0 0 10 17 -29 18 7 16 3 0 0 17 0 22 -6 0 0 -6 -11 21 -13 0 41 -23 0 1 0 16 0 -37 0 -34 28 -32 22 23 -33 -36 -40 -24 -35 0 36 -27 12 0 
-10 0 30 -27 -37 -22 0 49 4 -32 10 14 20 13 11 -19 17 -26 3 8 49 41 0 49 8 -20 0 -47 27 -37 0 0 33 -14 -40 0 25 47 46 -12 49 19 -3 0 34 -7 2 -9 22 26 -34 0 24 9 -24 0 18 13 0 47 -5 0 34 41 0 0 0 -7 0 -26 -6 0 -33 -35 19 31 33 0 -7 26 
-34 0 0 -16 0 0 -49 -40 -43 27 -38 -19 -6 0 48 -12 4 22 4 0 0 18 4 12 -41 36 -41 -9 -31 46 -20 -43 0 -42 11 0 0 -22 31 0 0 -49 20 10 -28 0 -11 0 38 0 -38 9 27 48 0 0 -24 -26 -44 43 0 0 -22 41 18 23 26 -33 -38 -35 32 -35 36 0 31 -12 -49 0 7 0 
0 38 -22 -41 -12 -16 -34 -29 21 -40 0 10 0 0 -21 17 22 -38 -44 -4 -40 0 -35 -14 -18 49 -16 25 -35 0 -43 10 37 -20 -19 -26 -12 -17 25 -19 -5 49 12 -35 31 0 0 -1 0 7 0 -7 0 -28 -2 -6 36 6 -13 -32 -8 -46 31 -25 21 4 -2 -37 0 -30 0 42 19 36 33 -49 24 17 43 0 
-17 0 32 0 -47 0 0 -22 20 -10 25 -6 24 10 0 -12 -46 0 29 11 0 0 40 0 28 -34 4 45 -28 -21 28 0 38 -30 39 0 0 22 48 14 -38 0 -36 0 37 -40 -24 4 5 -25 0 0 -42 0 42 30 -26 -34 11 -37 -13 0 0 22 0 -24 0 43 -29 11 38 0 10 -27 0 0 17 30 -36 18 
0 0 4 34 41 33 -25 43 0 -47 0 49 44 0 0 -45 42 26 0 41 25 0 0 42 -23 0 -49 19 -26 0 -10 -34 0 -42 -18 -23 -48 -13 0 0 46 44 0 -3 0 35 32 0 -19 0 -45 0 0 37 -8 -14 0 -36 0 0 -45 8 -33 -32 -18 -39 3 -26 -24 -38 42 10 1 12 -7 7 43 -36 -35 -36 
-4 -7 -48 5 24 49 30 0 47 28 -42 0 22 13 -29 4 -39 26 -8 -25 -15 -45 -23 -36 -15 -41 -5 15 -12 -20 34 46 36 34 0 43 27 25 39 0 -10 -44 0 -6 3 0 -37 0 21 0 44 -37 40 -9 0 9 -42 -25 38 0 33 -22 0 0 34 -23 0 0 0 -40 -1 0 -20 0 26 0 0 18 -36 36 
