80
0 -15 0 42 -12 0 -13 0 0 0 11 -29 12 -35 0 0 0 -17 11 0 0 0 -34 24 13 -30 0 20 -5 0 0 0 -46 0 0 0 0 45 0 0 43 -8 38 -1 -32 0 0 0 26 0 0 0 34 0 -47 -42 0 -30 -15 19 -31 0 0 0 0 -27 47 15 -19 0 -32 0 -20 0 0 0 0 0 -18 1 
-29 0 41 0 0 14 43 -15 0 0 -37 -7 0 0 -29 0 0 0 43 0 0 0 0 0 0 0 0 40 0 38 0 -46 -20 0 -22 0 5 36 0 14 -5 0 0 28 -46 22 5 0 28 0 0 26 0 0 0 8 -12 36 0 0 0 21 -31 -44 -49 0 0 0 -13 0 0 0 0 40 26 0 -45 -18 48 -9 
0 0 37 0 0 21 -49 39 0 0 0 27 0 0 24 -46 34 22 -35 -40 0 0 40 0 -31 0 0 0 4 -23 0 -10 0 43 0 -4 -4 -44 6 -42 39 0 0 0 8 3 0 0 0 17 29 38 -40 -13 -42 0 0 25 0 -36 0 -10 27 0 2 -49 0 28 0 0 0 0 -1 0 0 0 0 0 29 0 
41 37 0 -43 0 38 0 -17 45 29 0 0 -19 11 0 0 -11 0 0 0 0 -27 0 24 0 0 0 0 0 0 46 0 0 0 0 -46 -20 0 0 -7 0 0 5 0 0 0 0 -39 -41 0 -38 20 0 0 0 0 -37 -17 0 -23 0 0 -33 0 0 0 0 0 38 0 0 -7 0 0 49 -19 0 0 -47 0 
0 0 -43 0 42 -15 0 0 0 0 -31 -40 48 0 0 0 31 0 0 0 18 12 -27 4 0 0 -7 -11 36 5 -44 -34 -5 -18 0 -32 0 0 43 0 -36 -24 -29 0 0 0 0 32 0 35 -3 -28 0 0 17 -5 0 4 0 0 0 -23 0 0 -35 -39 17 -27 -15 0 0 0 11 0 29 0 0 0 0 0 
0 0 0 42 0 0 48 -47 23 0 47 35 4 0 40 -12 0 -48 0 0 4 -7 0 -26 1 -33 -28 -20 0 48 48 0 0 -9 16 -39 9 -14 -26 -23 0 0 0 0 0 4 -13 0 0 -3 0 31 -46 22 0 0 0 0 0 0 0 0 0 -49 -33 0 0 0 -32 -16 32 -36 40 0 16 0 0 39 0 0 
14 21 38 -15 0 0 43 0 0 -10 25 37 22 0 -47 19 -49 0 -48 43 26 31 -49 0 17 -18 0 0 0 -16 0 8 0 0 0 24 0 -47 27 -43 0 0 -9 -4 22 2 32 -4 0 0 -14 -41 0 -9 -30 40 0 15 0 0 0 0 -12 0 0 -14 4 -29 38 0 6 49 -14 0 -39 -2 -40 0 -23 0 
43 -49 0 0 48 43 45 0 -48 0 0 0 0 0 33 21 -40 -11 0 25 0 9 0 19 0 33 0 0 6 -16 -12 0 0 31 7 33 0 0 0 -12 -47 41 24 -35 -30 -48 0 0 -30 0 0 26 -40 0 0 0 -31 5 0 0 0 0 0 0 0 0 43 0 0 0 0 0 -32 0 -30 0 -29 0 -1 0 
-15 39 -17 0 -47 0 0 30 -49 0 0 -34 -22 0 -19 0 0 0 -9 3 -5 -49 0 0 0 0 0 0 37 -10 0 0 -7 0 42 0 -43 -28 0 45 0 0 -39 0 0 44 0 -42 0 -20 0 4 -33 0 31 -15 19 -22 0 -9 0 21 0 -22 0 -16 0 33 49 18 0 39 0 40 13 7 0 0 0 25 
0 0 45 0 23 0 -48 -49 21 34 -6 0 46 -33 -25 39 0 0 0 -44 0 0 0 42 29 0 -45 -41 0 0 0 0 -33 9 39 0 0 -6 0 0 -1 -4 0 0 0 -41 -34 -19 -28 0 0 -31 0 -39 38 30 0 0 13 0 5 0 0 0 0 28 0 0 47 36 0 0 0 0 -35 -48 0 -6 0 0 
0 0 29 0 0 -10 0 0 34 28 0 0 -10 0 -47 0 0 -49 -34 0 0 -15 26 0 0 0 9 0 0 -28 0 -26 36 0 8 25 0 0 0 18 49 8 3 32 -10 -46 46 0 0 0 11 -37 31 29 -43 0 -8 20 0 0 0 0 -37 40 0 -39 0 0 -4 0 -23 -1 0 -18 0 -49 -14 0 7 -40 
-37 0 0 -31 47 25 0 0 -6 0 0 -7 0 -31 21 0 34 0 0 0 0 0 0 7 -29 42 0 -35 18 0 0 0 0 3 20 0 -33 0 0 0 0 -28 0 27 13 0 0 17 0 0 0 -3 0 18 0 0 0 0 0 0 0 0 0 0 0 0 0 -46 0 12 0 -4 0 -31 -1 0 0 49 0 0 
-7 27 0 -40 35 37 0 -34 0 0 -7 -40 -23 20 2 7 25 -8 0 0 0 0 0 0 -48 0 0 0 32 33 27 0 -19 0 24 0 1 0 -40 0 0 0 0 0 48 0 0 0 -19 39 35 42 -7 0 0 -35 0 0 0 0 -25 0 0 30 -20 0 42 22 -8 8 45 37 0 0 0 0 0 0 0 40 
0 0 -19 48 4 22 0 -22 46 -10 0 -23 0 6 0 0 28 -38 -47 0 0 -14 23 15 0 -49 0 36 42 23 0 0 0 10 0 -47 0 -39 -6 0 0 28 -16 -11 0 0 -6 -16 0 17 0 0 -27 35 -46 -12 0 17 0 0 0 0 0 1 0 0 -11 0 0 0 0 0 0 0 20 0 11 0 -14 0 
0 0 11 0 0 0 0 0 -33 0 -31 20 6 2 -32 27 -40 -10 0 0 -2 -49 -13 -16 0 9 0 0 0 0 0 34 35 0 0 0 0 28 0 -8 0 19 -5 42 0 -45 0 0 -7 8 10 0 0 0 0 33 4 0 0 -45 0 0 10 -42 -12 0 -12 46 0 0 -41 0 -40 0 0 8 0 45 0 -14 
-29 24 0 0 40 -47 33 -19 -25 -47 21 2 0 -32 -24 0 0 -43 1 0 0 6 0 0 0 34 0 32 0 0 -40 16 -4 0 18 -43 -1 0 -41 -47 0 0 0 -42 0 0 -14 0 5 0 0 0 0 9 10 0 -25 0 0 0 0 0 0 0 0 0 -46 3 -46 0 0 -8 36 0 0 30 -7 28 0 3 
0 -46 0 0 -12 19 21 0 39 0 0 7 0 27 0 -22 2 0 0 2 0 0 23 0 0 0 -10 19 0 -6 0 0 0 0 -18 0 0 0 0 22 -29 30 0 37 0 28 0 0 0 15 -48 0 0 -10 0 -44 5 0 39 49 -42 0 8 0 14 0 0 0 10 0 0 0 49 0 0 -11 0 0 17 -33 
0 34 -11 31 0 -49 -40 0 0 0 34 25 28 -40 0 2 0 -39 0 -30 -49 -14 34 0 0 11 0 0 0 0 0 44 0 0 -8 0 0 0 -17 0 30 0 35 0 -2 0 0 -24 0 -2 0 -41 0 0 0 11 0 -2 0 0 38 42 0 0 0 -46 0 0 13 -4 10 -32 0 21 0 -39 -34 22 0 19 
0 22 0 0 -48 0 -11 0 0 -49 0 -8 -38 -10 -43 0 -39 0 7 0 -15 0 -27 -30 31 20 0 29 24 0 0 0 22 47 0 0 -9 20 5 29 42 0 0 0 0 19 0 0 0 0 0 -26 21 26 26 0 22 0 -49 0 -8 8 30 0 -22 44 0 0 -49 0 26 0 0 0 8 18 0 20 14 39 
43 -35 0 0 0 -48 0 -9 0 -34 0 0 -47 0 1 0 0 7 0 -15 0 35 14 0 0 -33 33 16 0 -21 -37 43 -10 20 0 -11 17 0 0 43 0 -7 30 17 0 -42 0 0 44 0 -17 -34 -43 0 0 0 0 -42 37 -6 48 4 9 -26 12 7 11 27 -21 0 0 10 0 -13 -11 0 42 0 39 0 
0 -40 0 0 0 43 25 3 -44 0 0 0 0 0 0 2 -30 0 -15 25 27 30 0 0 44 0 0 0 46 -12 -4 0 37 29 33 37 0 9 9 0 -7 8 33 0 2 26 0 0 -16 0 0 0 0 17 -38 0 -23 0 -43 7 10 0 26 -42 0 -21 0 0 0 -30 0 -13 0 0 -28 0 -29 0 21 0 
0 0 0 18 4 26 0 -5 0 0 0 0 0 -2 0 0 -49 -15 0 27 -29 -8 0 0 3 42 0 -12 0 -17 26 0 0 0 0 0 0 0 -46 44 0 3 0 0 4 41 10 0 33 0 0 -44 0 0 -47 0 0 33 -38 -42 -35 0 -38 0 0 7 2 0 0 40 38 -40 0 0 0 0 -41 0 -23 0 
0 0 -27 12 -7 31 9 -49 0 -15 0 0 -14 -49 6 0 -14 0 35 30 -8 2 10 27 0 40 30 -21 0 -19 0 0 4 -33 0 0 0 0 4 0 38 0 0 0 -8 0 0 0 -28 0 0 0 8 0 35 -31 0 0 29 27 0 0 0 0 0 0 0 0 0 -6 -39 8 0 0 -30 0 0 0 -18 -27 
0 40 0 -27 0 -49 0 0 0 26 0 0 23 -13 0 23 34 -27 14 0 0 10 -44 0 1 0 -34 25 0 9 0 0 -24 0 0 0 16 0 11 0 0 -47 0 0 0 0 7 0 -8 0 -12 16 -40 -41 -38 5 0 0 0 0 -17 0 -15 8 0 -41 -31 -40 0 0 -41 0 36 0 0 0 23 0 0 -37 
0 0 24 4 -26 0 19 0 42 0 7 0 15 -16 0 0 0 -30 0 0 0 27 0 0 0 0 45 -25 -46 0 0 0 -23 -39 0 -41 0 5 1 0 -40 0 -42 -39 46 -20 11 -38 0 -19 -29 -49 16 0 0 0 49 0 22 0 -11 -18 0 37 0 0 -46 0 0 -16 -27 -26 22 -38 0 26 26 0 0 0 
0 -31 0 0 1 17 0 0 29 0 -29 -48 0 0 0 0 0 31 0 44 3 0 1 0 0 0 12 32 0 0 0 0 18 0 0 -4 47 8 0 0 1 0 0 0 43 0 48 48 -48 26 -28 0 13 0 -1 0 0 12 40 0 0 0 0 -39 0 0 0 0 0 -47 0 -23 1 0 46 0 -16 -34 0 0 
0 0 0 0 -33 -18 33 0 0 0 42 0 -49 9 34 0 11 20 -33 0 42 40 0 0 0 0 0 -42 0 0 7 11 -2 46 -43 -12 3 4 -44 29 0 -8 -22 -24 0 0 0 0 46 49 0 47 0 36 0 32 0 14 0 40 3 4 0 0 37 0 0 -39 0 42 0 0 0 -19 33 24 38 0 0 2 
0 0 0 -7 -28 0 0 0 -45 9 0 0 0 0 0 -10 0 0 33 0 0 30 -34 45 12 0 0 32 0 0 -20 0 41 -21 0 0 46 -5 -7 0 -36 0 0 0 -12 0 0 0 15 8 0 -33 -9 11 -45 31 -46 8 0 0 0 -10 -20 47 0 0 0 1 0 45 -29 25 35 -30 0 0 0 -13 -10 0 
40 0 0 -11 -20 0 0 0 -41 0 -35 0 36 0 32 19 0 29 16 0 -12 -21 25 -25 32 -42 32 0 -7 -9 -35 41 0 -38 0 -13 0 -15 49 -6 1 47 38 8 0 -27 0 0 -48 -6 24 -3 0 -27 -26 14 0 10 0 0 0 14 0 0 -21 -45 -1 20 -40 -38 0 0 43 0 0 16 0 0 0 0 
0 4 0 36 0 0 6 37 0 0 18 32 42 0 0 0 0 24 0 46 0 0 0 -46 0 0 0 -7 49 0 -40 0 25 -15 0 0 46 -39 23 20 0 0 0 -37 -38 0 -34 0 45 0 -19 0 37 0 0 44 0 -38 0 0 -25 0 0 -13 -44 -46 0 0 21 -30 -26 -30 -25 0 -35 0 22 0 -14 0 
38 -23 0 5 48 -16 -16 -10 0 -28 0 33 23 0 0 -6 0 0 -21 -12 -17 -19 9 0 0 0 0 -9 0 0 0 -24 0 0 0 0 -17 0 0 15 0 30 0 -16 41 0 35 0 0 0 -22 32 0 32 0 18 0 0 0 0 -34 -28 0 14 -5 29 0 0 -45 36 7 7 0 -22 0 30 0 0 0 0 
0 0 46 -44 48 0 -12 0 0 0 0 27 0 0 -40 0 0 0 -37 -4 26 0 0 0 0 7 -20 -35 -40 0 0 -40 0 0 -27 -37 0 0 -40 -27 1 3 0 9 0 0 -27 -20 8 35 0 29 -9 0 19 0 28 0 0 -7 -7 -5 0 -31 0 0 -40 0 -7 0 0 0 10 4 -11 0 -45 0 12 0 
-46 -10 0 -34 0 8 0 0 0 -26 0 0 0 34 16 0 44 0 43 0 0 0 0 0 0 11 0 41 0 -24 -40 0 0 0 0 0 -23 32 -40 0 0 0 0 0 27 0 0 0 0 4 -39 0 0 0 0 -27 0 0 0 0 0 0 0 0 -29 0 0 25 14 14 -48 -4 33 0 -34 -23 0 0 -39 0 
-20 0 0 -5 0 0 0 -7 -33 36 0 -19 0 35 -4 0 0 22 -10 37 0 4 -24 -23 18 -2 41 0 25 0 0 0 -18 -32 0 0 -29 0 0 0 46 33 -27 37 27 -23 -25 0 0 0 0 -19 37 0 -31 -15 49 12 0 0 0 0 42 -36 -29 0 -4 22 49 -21 15 0 -44 34 -2 -24 0 0 -22 -43 
0 43 0 -18 -9 0 31 0 9 0 3 0 10 0 0 0 0 47 20 29 0 -33 0 -39 0 46 -21 -38 -15 0 0 0 -32 -45 14 34 -17 17 36 41 0 -4 28 -21 0 43 32 0 0 0 0 21 -39 0 0 0 0 10 0 20 0 -31 26 0 3 -44 -17 0 -9 0 6 48 0 0 32 -28 26 0 37 45 
-22 0 0 0 16 0 7 42 39 8 20 24 0 0 18 -18 -8 0 0 33 0 0 0 0 0 -43 0 0 0 0 -27 0 0 14 0 -3 24 -33 0 0 -46 0 0 0 0 36 0 3 -29 0 37 -44 0 0 0 -18 23 0 0 0 -46 0 -44 11 -3 0 0 0 -39 -7 27 3 -42 0 0 0 15 0 -34 0 
0 -4 -46 -32 -39 24 33 0 0 25 0 0 -47 0 -43 0 0 0 -11 37 0 0 0 -41 -4 -12 0 -13 0 0 -37 0 0 34 -3 -14 10 0 0 32 10 0 -12 -31 0 0 0 0 45 -20 36 0 0 21 -6 0 0 0 31 -40 0 0 -3 1 0 0 -11 0 0 10 0 -37 -5 -38 0 0 0 19 0 19 
5 -4 -20 0 9 0 0 -43 0 0 -33 1 0 0 -1 0 0 -9 17 0 0 0 16 0 47 3 46 0 46 -17 0 -23 -29 -17 24 10 -18 29 39 23 12 -20 0 0 0 0 -17 0 10 -14 -42 31 0 0 0 0 6 0 0 0 25 0 27 37 0 0 0 0 0 13 -46 -28 5 0 0 -49 0 0 4 -49 
36 -44 0 0 -14 -47 0 -28 -6 0 0 0 -39 28 0 0 0 20 0 9 0 0 0 5 8 4 -5 -15 -39 0 0 32 0 17 -33 0 29 -5 -26 -39 0 0 -39 0 0 -22 0 -28 -15 0 0 0 -32 0 15 -32 1 -40 46 25 -3 18 49 -31 44 -5 -3 -4 -18 0 10 -15 0 0 0 0 0 -38 0 0 
0 6 0 43 -26 27 0 0 0 0 0 -40 -6 0 -41 0 -17 5 0 9 -46 4 11 1 0 -44 -7 49 23 0 -40 -40 0 36 0 0 39 -26 -14 0 -10 0 0 -44 0 -46 0 -5 40 0 0 -47 0 -18 -31 -41 -40 0 0 0 -27 37 0 15 0 -31 0 0 0 0 -7 17 -17 -17 0 -26 -14 34 0 0 
14 -42 -7 0 -23 -43 -12 45 0 18 0 0 0 -8 -47 22 0 29 43 0 44 0 0 0 0 29 0 -6 20 15 -27 0 0 41 0 32 23 -39 0 -45 0 0 0 -27 0 0 -5 0 0 0 0 0 0 -14 0 27 35 9 0 22 0 -26 0 0 20 0 -7 0 0 0 -29 46 0 0 0 -4 0 0 0 -28 
-5 39 0 -36 0 0 -47 0 -1 49 0 0 0 0 0 -29 30 42 0 -7 0 38 0 -40 1 0 -36 1 0 0 1 0 46 0 -46 10 12 0 -10 0 31 4 37 0 0 -25 0 34 0 0 0 -29 0 0 -36 0 0 38 0 30 -28 19 42 9 -7 0 0 -25 -23 0 -36 -30 -12 0 0 0 0 0 -32 0 
0 0 0 -24 0 0 41 0 -4 8 -28 0 28 19 0 30 0 0 -7 8 3 0 -47 0 0 -8 0 47 0 30 3 0 33 -4 0 0 -20 0 0 0 4 0 -23 0 9 0 11 -12 18 -43 24 0 43 0 0 0 9 -19 6 0 0 0 32 2 0 0 0 -20 0 0 43 -26 0 0 27 0 0 47 0 0 
0 0 5 -29 0 -9 24 -39 0 3 0 0 -16 -5 0 0 35 0 30 33 0 0 0 -42 0 -22 0 38 0 0 0 0 -27 28 0 -12 0 -39 0 0 37 -23 -30 -15 -5 0 17 0 0 -31 40 17 -5 0 0 0 0 14 31 0 6 0 -3 -46 19 17 -38 -9 -7 0 22 0 0 28 0 -42 -38 0 -1 -20 
28 0 0 0 0 -4 -35 0 0 32 27 0 -11 42 -42 37 0 0 17 0 0 0 0 -39 0 -24 0 8 -37 -16 9 0 37 -21 0 -31 0 0 -44 -27 0 0 -15 -43 28 0 0 0 34 0 -46 0 48 0 0 -21 0 41 0 0 -40 0 0 0 -31 -17 -3 27 0 0 0 0 -14 0 -28 10 0 0 0 28 
-46 8 0 0 0 22 -30 0 0 -10 13 48 0 0 0 0 -2 0 0 2 4 -8 0 46 43 0 -12 0 -38 41 0 27 27 0 0 0 0 0 0 0 0 9 -5 28 -26 -36 44 0 -44 0 0 0 0 0 0 0 27 -15 -46 -11 0 0 0 0 0 0 0 0 0 39 10 0 14 -43 0 0 -3 27 29 -19 
22 3 0 0 4 2 -48 44 -41 -46 0 0 0 -45 0 28 0 19 -42 26 41 0 0 -20 0 0 0 -27 0 0 0 0 -23 43 36 0 0 -22 -46 0 -25 0 0 0 -36 0 49 0 36 0 -26 0 0 0 -13 -17 0 -23 -2 23 28 0 20 0 0 0 0 -33 -40 0 20 23 0 0 0 0 12 40 0 -49 
5 0 0 0 -13 32 0 0 -34 46 0 0 -6 0 -14 0 0 0 0 0 10 0 7 11 48 0 0 0 -34 35 -27 0 -25 32 0 0 -17 0 0 -5 0 11 17 0 44 49 23 0 0 0 43 0 -18 -8 49 0 -35 33 0 37 38 0 36 -31 -43 0 0 0 0 0 0 26 -40 47 0 24 0 8 0 34 
0 0 -39 32 0 -4 0 -42 -19 0 17 0 -16 0 0 0 -24 0 0 0 0 0 0 -38 48 0 0 0 0 0 -20 0 0 0 3 0 0 -28 -5 0 34 -12 0 0 0 0 0 0 0 0 30 0 2 0 -24 -16 47 0 0 0 0 0 0 0 0 0 13 -20 0 -28 0 -40 0 -4 27 -36 -19 0 14 0 
28 0 -41 0 0 0 -30 0 -28 0 0 -19 0 -7 5 0 0 0 44 -16 33 -28 -8 0 -48 46 15 -48 45 0 8 0 0 0 -29 45 10 -15 40 0 0 18 0 34 -44 36 0 0 -45 0 -30 -42 34 0 0 22 -41 0 -49 22 0 0 0 0 0 0 33 -7 0 -11 -34 -37 0 33 0 -10 27 -22 19 -14 
0 17 0 35 -3 0 0 -20 0 0 0 39 17 8 0 15 -2 0 0 0 0 0 0 -19 26 49 8 -6 0 0 35 4 0 0 0 -20 -14 0 0 0 0 -43 -31 0 0 0 0 0 0 7 -32 0 0 0 25 8 0 0 -20 0 0 -41 0 0 0 -48 0 -18 0 0 0 43 0 -23 0 39 -18 0 0 0 
0 29 -38 -3 0 -14 0 0 0 11 0 35 0 10 0 -48 0 0 -17 0 0 0 -12 -29 -28 0 0 24 -19 -22 0 -39 0 0 37 36 -42 0 0 0 0 24 40 -46 0 -26 43 30 -30 -32 0 0 0 0 13 22 0 39 -32 0 -14 0 -42 12 12 0 0 0 0 0 -13 35 26 0 23 -40 23 -41 41 31 
26 38 20 -28 31 -41 26 4 -31 -37 -3 42 0 0 0 0 -41 -26 -34 0 -44 0 16 -49 0 47 -33 -3 0 32 29 0 -19 21 -44 0 31 0 -47 0 -29 0 17 0 0 0 0 0 -42 0 0 41 0 7 -43 0 -48 -29 0 35 40 0 0 0 0 3 -23 43 0 0 -3 -6 49 -15 24 24 -9 -35 17 0 
0 -40 0 0 -46 0 -40 -33 0 31 0 -7 -27 0 0 0 0 21 -43 0 0 8 -40 16 13 0 -9 0 37 0 -9 0 37 -39 0 0 0 -32 0 0 0 43 -5 48 0 0 -18 2 34 0 0 0 0 -40 0 14 0 35 0 0 -39 0 2 -11 0 0 -43 0 0 0 0 -48 -12 32 0 -48 -26 -30 0 0 
0 -13 0 0 22 -9 0 0 -39 29 18 0 35 0 9 -10 0 26 0 17 0 0 -41 0 0 36 11 -27 0 32 0 0 0 0 0 21 0 0 -18 -14 0 0 0 0 0 0 -8 0 0 0 0 7 -40 -45 0 0 -15 0 0 0 0 25 0 -12 0 -48 27 0 0 0 1 -44 0 0 0 23 0 -2 -5 -3 
0 -42 0 17 0 -30 0 31 38 -43 0 0 -46 0 10 0 0 26 0 -38 -47 35 -38 0 -1 0 -45 -26 0 0 19 0 -31 0 0 -6 0 15 -31 0 -36 0 0 0 0 -13 49 -24 0 25 13 -43 0 0 -4 0 0 0 -40 0 0 0 0 36 -36 0 0 0 0 2 -30 -40 -49 32 0 0 0 46 0 -35 
8 0 0 -5 0 40 0 -15 30 0 0 -35 -12 33 0 -44 11 0 0 0 0 -31 5 0 0 32 31 14 44 18 0 -27 -15 0 -18 0 0 -32 -41 27 0 0 0 -21 0 -17 0 -16 22 8 22 0 14 0 0 -14 0 0 -27 -38 0 0 0 -26 -30 25 17 47 -22 -17 22 -13 0 0 46 0 0 -3 0 1 
-12 0 -37 0 0 0 -31 19 0 -8 0 0 0 4 -25 5 0 22 0 -23 0 0 0 49 0 0 -46 0 0 0 28 0 49 0 23 0 6 1 -40 35 0 9 0 0 27 0 -35 47 -41 0 0 -48 0 -15 0 0 -41 16 16 0 -15 -20 0 0 29 2 0 -17 -18 9 0 -47 0 44 7 0 0 41 38 0 
36 25 -17 4 0 15 5 -22 0 20 0 0 17 0 0 0 -2 0 -42 0 33 0 0 0 12 14 8 10 -38 0 0 0 12 10 0 0 0 -40 0 9 38 -19 14 41 -15 -23 33 0 0 0 39 -29 35 0 0 0 16 28 0 38 0 0 43 -40 43 0 -20 0 29 15 0 -29 46 31 25 48 0 39 0 0 
0 0 0 0 0 0 0 0 13 0 0 0 0 0 0 39 0 -49 37 -43 -38 29 0 22 40 0 0 0 0 0 0 0 0 0 0 31 0 46 0 0 0 6 31 0 -46 -2 0 0 -49 -20 -32 0 0 0 -40 -27 16 0 0 -15 0 30 11 0 42 0 15 0 17 -34 0 0 0 34 -1 -35 0 0 24 0 
0 -36 -23 0 0 0 0 -9 0 0 0 0 0 -45 0 49 0 0 -6 7 -42 27 0 0 0 40 0 0 0 0 -7 0 0 20 0 -40 0 25 0 22 30 0 0 0 -11 23 37 0 22 0 0 35 0 0 0 -38 0 38 -15 0 -39 8 0 27 0 0 0 12 8 0 42 -3 0 -36 -7 -46 -32 0 0 0 
0 0 0 0 0 0 0 0 5 0 0 -25 0 0 0 -42 38 -8 48 10 -35 0 -17 -11 0 3 0 0 -25 -34 -7 0 0 0 -46 0 25 -3 -27 0 -28 0 6 -40 0 28 38 0 0 0 -14 40 -39 0 0 0 -15 0 0 -39 -12 0 4 0 0 0 30 0 -10 -25 -29 -42 0 -17 0 0 0 4 13 -25 
21 -10 0 -23 0 0 0 21 0 0 0 0 0 0 0 0 42 8 4 0 0 0 0 -18 0 4 -10 14 0 -28 -5 0 0 -31 0 0 0 18 37 -26 19 0 0 0 0 0 0 0 0 -41 0 0 0 25 0 0 -20 0 30 8 0 0 6 5 -2 0 26 0 0 -30 0 0 -45 0 0 0 -47 31 0 0 
-31 27 -33 0 0 -12 0 0 0 -37 0 0 0 10 0 8 0 30 9 26 -38 0 -15 0 0 0 -20 0 0 0 0 0 42 26 -44 -3 27 49 0 0 42 32 -3 0 0 20 36 0 0 0 -42 0 2 0 0 0 0 43 11 0 4 6 16 18 0 32 -32 -18 7 49 0 -5 -38 46 -10 -16 0 -46 -11 -28 
-44 0 0 0 -49 0 0 -22 0 40 0 30 1 -42 0 0 0 0 -26 -42 0 0 8 37 -39 0 47 0 -13 14 -31 0 -36 0 11 1 37 -31 15 0 9 2 -46 0 0 0 -31 0 0 0 12 0 -11 -12 36 -26 0 -40 0 27 0 5 18 39 47 0 0 0 23 20 -35 33 29 0 35 -26 0 8 0 -22 
-49 2 0 -35 -33 0 0 0 0 0 0 -20 0 -12 0 14 0 -22 12 0 0 0 0 0 0 37 0 -21 -44 -5 0 -29 -29 3 -3 0 0 44 0 20 -7 0 19 -31 0 0 -43 0 0 0 12 0 0 0 -36 -30 29 43 42 0 0 -2 0 47 12 13 0 28 25 -37 0 0 -26 0 -33 14 0 0 0 0 
0 -49 0 -39 0 -14 0 -16 28 -39 0 0 0 0 0 0 -46 44 7 -21 7 0 -41 0 0 0 0 -45 -46 29 0 0 0 -44 0 0 0 -5 -31 0 0 0 17 -17 0 0 0 0 0 -48 0 3 0 -48 0 25 2 0 0 0 0 0 32 0 13 -42 20 48 0 -7 0 0 0 46 -12 10 44 -15 0 -22 
0 0 0 17 0 4 43 0 0 0 0 42 -11 -12 -46 0 0 0 11 0 2 0 -31 -46 0 0 0 -1 0 0 -40 0 -4 -17 0 -11 0 -3 0 -7 0 0 -38 -3 0 0 0 13 33 0 0 -23 -43 27 0 17 0 -20 15 0 30 26 -32 0 0 20 -9 0 0 0 -24 0 0 -8 -9 0 -4 48 0 0 
0 28 0 -27 0 -29 0 33 0 0 -46 22 0 46 3 0 0 0 27 0 0 0 -40 0 0 -39 1 20 0 0 0 25 22 0 0 0 0 -4 0 0 -25 -20 -9 27 0 -33 0 -20 -7 -18 0 43 0 0 0 47 -17 0 0 12 0 0 -18 0 28 48 0 19 0 -3 -31 -34 0 10 0 -48 0 1 0 0 
-13 0 38 -15 -32 38 0 49 47 -4 0 -8 0 0 -46 10 13 -49 -21 0 0 0 0 0 0 0 0 -40 21 -45 -7 14 49 -9 -39 0 0 -18 0 0 -23 0 -7 0 0 -40 0 0 0 0 0 0 0 0 0 -22 -18 29 17 8 -10 0 7 23 25 0 0 0 0 10 3 0 0 -28 0 12 -36 0 0 47 
0 0 0 0 -16 0 0 18 36 0 12 8 0 0 0 0 -4 0 0 -30 40 -6 0 -16 -47 42 45 -38 -30 36 0 14 -21 0 -7 10 13 0 0 0 0 0 0 0 39 0 0 -28 -11 0 0 0 0 0 2 -17 9 15 -34 0 -25 -30 49 20 -37 -7 0 -3 10 12 -23 0 -17 11 10 0 0 -47 0 -20 
0 0 0 0 32 6 0 0 0 -23 0 45 0 -41 0 0 10 26 0 0 38 -39 -41 -27 0 0 -29 0 -26 7 0 -48 15 6 27 0 -46 10 -7 -29 -36 43 22 0 10 20 0 0 -34 0 -13 -3 0 1 -30 22 0 0 0 42 -29 0 0 -35 0 0 -24 -31 3 -23 0 -8 1 45 0 0 0 0 25 0 
0 0 -7 0 -36 49 0 39 0 -1 -4 37 0 0 -8 0 -32 0 10 -13 -40 8 0 -26 -23 0 25 0 -30 7 0 -4 0 48 3 -37 -28 -15 17 46 -30 -26 0 0 0 23 26 -40 -37 43 35 -6 -48 -44 -40 -13 -47 -29 0 -3 -42 0 -5 33 0 0 0 -34 0 0 -8 0 0 -26 0 -40 0 36 0 49 
0 -1 0 11 40 -14 -32 0 0 0 0 0 0 -40 36 49 0 0 0 0 0 0 36 22 1 0 35 43 -25 0 10 33 -44 0 -42 -5 5 0 -17 0 -12 0 0 -14 14 0 -40 0 0 0 26 49 -12 0 -49 0 0 46 0 0 0 -45 -38 29 -26 0 0 0 0 -17 1 0 10 45 46 0 49 0 0 10 
40 0 0 0 0 0 0 40 0 -18 -31 0 0 0 0 0 21 0 -13 0 0 0 0 -38 0 -19 -30 0 0 -22 4 0 34 0 0 -38 0 0 -17 0 0 0 28 0 -43 0 47 -4 33 -23 0 -15 32 0 32 0 44 31 34 -36 -17 0 46 0 0 46 -8 10 -28 11 45 -26 45 -35 0 0 -2 21 -41 0 
26 0 49 29 16 -39 -30 13 -35 0 -1 0 20 0 0 0 0 8 -11 -28 0 -30 0 0 46 33 0 0 -35 0 -11 -34 -2 32 0 0 0 0 0 0 0 27 0 -28 0 0 0 27 0 0 23 24 0 0 0 46 7 25 -1 -7 0 0 -10 35 -33 -12 -9 0 0 10 0 0 46 0 0 0 -17 -41 0 0 
0 0 -19 0 0 -2 0 7 -48 -49 0 0 0 8 30 -11 -39 18 0 0 0 0 0 26 0 24 0 16 0 30 0 -23 -24 -28 0 0 -49 0 -26 -4 0 0 -42 10 0 0 24 -36 -10 39 -40 24 -48 23 0 0 0 48 -35 -46 0 0 -16 -26 14 10 0 -48 12 0 0 -40 0 0 0 22 35 20 1 0 
-45 0 0 0 0 -40 -29 0 0 -14 0 0 11 0 -7 0 -34 0 42 -29 -41 0 23 26 -16 38 0 0 22 0 -45 0 0 26 15 0 0 0 -14 0 0 0 -38 0 -3 12 0 -19 27 -18 23 -9 -26 0 0 0 0 0 0 -32 0 -47 0 0 0 44 -4 0 -36 0 0 0 49 -2 -17 35 4 -12 0 0 
-18 0 0 0 39 0 0 0 -6 0 49 0 0 45 28 0 22 20 0 0 0 0 0 0 -34 0 -13 0 0 0 0 0 0 0 0 19 0 -38 34 0 0 47 0 0 27 40 8 0 -22 0 -41 -35 -30 -2 46 -3 41 39 0 0 4 31 -46 8 0 -15 48 1 0 -47 0 36 0 21 -41 20 -12 0 40 1 
48 29 -47 0 0 -23 -1 0 0 7 0 0 -14 0 0 17 0 14 39 21 -23 -18 0 0 0 0 -10 0 -14 0 12 -39 -22 37 -34 0 4 0 0 0 -32 0 -1 0 29 0 0 14 19 0 41 17 0 -5 0 0 38 0 24 0 13 0 -11 0 0 0 0 0 0 0 25 0 0 -41 0 1 0 40 43 15 
-9 0 0 0 0 0 0 25 0 -40 0 40 0 -14 3 -33 19 39 0 0 0 -27 -37 0 0 2 0 0 0 0 0 0 -43 45 0 19 -49 0 0 -28 0 0 -20 28 -19 -49 34 0 -14 0 31 0 0 -3 -35 1 0 0 0 0 -25 0 -28 -22 0 -22 0 0 47 -20 0 49 10 0 0 0 0 1 15 0 
