90
0 40 0 26 0 24 -2 0 -1 0 38 0 -35 0 4 0 6 0 0 0 44 37 0 0 22 -39 0 0 0 0 0 4 -21 -27 0 0 0 -45 0 0 0 0 0 0 0 27 0 0 0 0 0 0 6 0 0 0 0 5 0 0 0 0 0 0 0 0 16 0 0 0 0 31 0 0 0 -2 0 0 0 0 0 0 0 0 -20 0 0 0 0 0 
0 4 0 0 -35 0 0 0 34 0 0 0 48 0 0 0 0 18 0 0 0 -43 -47 34 -15 -1 0 0 0 0 0 -7 0 0 0 0 0 13 0 -49 0 39 36 0 0 0 0 -44 0 0 0 0 -44 0 0 0 25 0 0 0 0 0 0 0 0 20 0 0 0 0 0 0 0 0 0 0 0 0 0 0 0 -41 0 36 0 0 0 42 0 0 
4 0 0 0 0 0 7 0 0 0 0 0 0 0 0 0 0 0 0 0 0 -41 -23 0 0 0 0 0 12 19 -39 0 0 0 0 0 0 0 0 -21 0 24 18 0 0 0 0 18 0 0 0 0 0 -22 0 0 -13 0 0 0 0 39 0 -28 0 0 21 0 0 0 0 0 0 -2 0 0 0 0 0 0 0 0 0 0 0 -21 0 0 0 0 
0 0 0 0 0 0 0 0 0 0 0 -17 0 0 0 0 22 0 0 0 0 0 27 0 13 0 0 0 0 32 -16 3 0 -23 -49 0 35 12 0 0 0 0 0 0 40 -5 0 0 0 1 0 0 -35 0 0 24 0 0 0 0 0 0 0 0 0 0 0 -41 43 0 0 0 0 0 0 0 0 0 0 0 0 0 0 -17 0 0 0 0 0 0 
0 0 0 0 0 0 0 39 0 0 3 0 -14 14 0 33 4 0 0 0 -22 0 0 0 0 0 0 0 43 22 0 0 0 0 -24 11 0 0 0 13 0 0 0 0 0 0 0 0 0 -19 41 16 0 0 0 0 0 0 0 11 24 0 -12 0 -30 0 0 -45 33 0 -39 0 0 0 0 0 0 16 0 0 0 0 42 -24 0 4 3 -17 0 -38 
-35 0 0 0 0 0 41 20 0 0 34 0 -1 0 0 14 0 0 0 0 0 0 0 0 0 0 0 10 0 0 -21 -7 -30 0 0 0 0 0 0 0 0 0 0 0 0 0 0 0 -26 -28 39 0 0 -34 0 0 -14 8 0 0 0 0 0 0 0 0 0 15 0 0 0 0 31 0 17 0 0 0 43 45 0 15 0 44 0 0 40 35 -18 37 
0 0 0 0 0 0 0 0 0 0 0 -31 0 0 24 18 0 0 0 -32 23 -19 0 -14 0 0 0 0 0 14 4 0 0 0 -47 -36 0 0 0 19 -35 0 0 0 0 23 -40 0 0 20 0 0 0 37 0 -24 -45 32 0 0 0 0 0 5 0 0 16 0 0 0 0 0 0 0 27 6 0 0 0 0 -49 35 0 0 0 -23 0 0 0 41 
0 7 0 0 41 0 0 0 0 0 0 0 -9 0 0 0 0 0 14 -44 0 24 0 0 -42 0 0 0 0 -18 0 0 0 0 0 25 0 0 31 0 0 0 -48 0 0 20 0 0 0 0 0 0 -12 8 0 0 0 0 0 0 0 0 -47 -23 -45 0 0 -14 0 0 0 -30 0 0 0 0 0 -34 0 0 0 0 0 0 0 0 0 0 -12 0 
0 0 0 39 20 0 0 0 0 0 0 0 0 0 0 0 -37 0 0 0 0 0 36 0 0 0 0 -30 44 0 0 0 0 0 16 0 2 0 0 -41 0 0 0 25 0 42 0 0 44 0 0 0 -39 0 0 0 0 11 0 32 0 18 0 0 0 0 7 0 0 35 0 0 0 33 0 0 0 0 0 -5 0 0 0 0 -26 0 -19 0 30 -18 
34 0 0 0 0 0 0 0 0 0 0 19 0 -47 0 28 0 -37 0 0 0 9 0 0 33 0 0 -42 0 0 0 -43 0 0 0 18 -8 -48 -9 0 0 0 -34 0 0 22 33 -43 0 0 0 0 0 0 0 0 0 0 0 18 0 0 0 -46 8 14 0 0 0 18 5 0 0 0 0 0 -44 0 0 -33 30 40 0 0 0 0 0 0 0 -16 
0 0 0 0 0 0 0 0 0 0 0 0 -48 0 0 38 0 -11 0 0 26 0 -37 0 34 2 0 15 0 0 0 -16 19 0 46 0 0 0 0 0 0 0 0 0 0 0 -49 0 0 4 -3 -39 0 -13 0 0 0 -33 48 0 0 30 0 0 0 0 0 0 0 0 0 0 -4 5 1 0 0 0 0 0 0 -24 0 0 0 0 33 0 0 0 
0 0 0 3 34 0 0 0 0 0 0 0 0 0 0 0 0 0 5 48 0 -42 0 0 0 0 0 -31 0 0 0 0 36 0 0 0 0 0 0 0 0 0 0 -43 35 0 0 0 0 0 0 0 0 15 0 0 -40 0 0 0 0 19 0 0 -49 0 0 0 -39 0 0 0 0 -8 0 0 0 0 0 0 48 0 7 0 0 15 0 0 27 0 
0 0 -17 0 0 -31 0 0 19 0 0 0 19 0 0 28 0 4 2 0 0 0 0 0 0 0 0 0 -48 0 0 0 0 34 0 0 0 -12 0 0 0 0 25 0 0 0 0 13 0 0 0 -7 0 0 0 0 0 28 40 0 0 0 -30 0 0 0 -30 0 0 0 -48 49 0 0 2 0 0 28 0 0 0 0 0 6 35 0 0 0 0 0 
48 0 0 -14 -1 0 -9 0 0 -48 0 19 0 18 0 0 0 48 0 0 0 40 0 0 16 0 0 0 0 21 0 0 0 0 19 0 0 0 47 0 0 0 0 -15 0 0 0 -3 0 4 0 0 0 0 0 0 0 0 0 0 0 0 0 0 35 44 0 0 17 -38 -42 0 0 0 -10 -39 0 0 0 -1 -8 -32 0 17 0 0 -2 0 29 -39 
0 0 0 14 0 0 0 0 -47 0 0 0 18 30 0 0 0 -42 3 0 0 -22 0 0 0 13 43 0 -47 -33 13 0 0 0 0 0 0 0 0 0 -40 0 0 0 0 0 0 -44 0 0 0 -31 0 0 44 0 0 0 32 -41 -4 0 0 0 0 0 0 0 0 -45 0 26 0 0 0 0 0 0 0 0 0 5 0 0 11 0 0 0 0 0 
0 0 0 0 0 24 0 0 0 0 0 0 0 0 47 0 49 0 0 0 0 0 -24 0 28 0 0 0 0 26 0 -46 8 -17 0 0 0 -42 0 0 0 0 0 0 0 0 0 0 0 -44 0 0 0 44 41 0 -17 0 0 0 0 0 0 0 0 0 0 0 -18 0 0 0 0 0 10 -2 33 0 0 -1 0 0 0 0 0 0 0 0 0 -38 
0 0 0 33 14 18 0 0 28 38 0 28 0 0 0 -5 15 -19 0 0 0 0 0 0 0 0 0 0 0 0 0 0 0 0 15 6 -11 -28 0 3 0 1 0 0 0 0 0 0 0 0 0 0 0 0 0 0 0 0 0 -9 0 14 0 0 0 0 0 0 -47 0 0 0 -2 0 -45 0 41 0 0 -1 0 0 0 -46 0 0 0 0 20 -22 
0 0 22 4 0 0 0 -37 0 0 0 0 0 0 49 15 1 0 0 -49 0 0 0 1 0 0 -24 0 0 0 19 0 -33 0 0 0 0 -17 0 0 -11 -28 0 0 -2 0 -13 0 0 5 0 0 0 0 2 0 0 24 -33 0 0 0 -8 0 -6 0 0 -34 -14 0 18 0 0 29 0 0 0 0 0 0 0 44 0 0 0 0 0 -32 0 0 
18 0 0 0 0 0 0 0 -37 -11 0 4 48 -42 0 -19 0 46 0 0 0 0 0 0 0 0 0 0 0 -34 0 0 0 0 0 0 -31 -16 0 0 0 0 0 -33 0 -19 0 -20 0 0 0 0 0 0 0 -14 0 0 0 0 0 0 -23 46 0 -22 0 0 0 -40 0 0 0 0 29 0 0 -23 0 0 0 0 0 0 0 28 0 0 27 0 
0 0 0 0 0 0 14 0 0 0 5 2 0 3 0 0 0 0 0 0 44 0 0 -2 0 39 0 0 -39 0 -11 0 -48 0 -39 0 0 0 0 0 0 0 0 -32 -23 0 0 0 0 0 0 0 0 36 35 27 0 0 -34 0 49 0 0 0 0 0 0 0 0 0 0 0 0 0 0 0 0 -12 0 0 0 0 0 0 -1 0 0 0 0 0 
0 0 0 0 0 -32 -44 0 0 0 48 0 0 0 0 0 -49 0 0 0 0 0 0 0 23 0 0 0 0 0 40 0 0 23 0 0 0 0 0 0 0 0 0 -46 0 0 0 0 0 0 0 0 35 0 -35 0 -8 0 0 24 0 0 0 0 0 0 0 0 0 23 0 0 0 0 -18 -3 0 0 0 0 0 0 0 -12 0 12 0 -31 0 0 
0 0 0 -22 0 23 0 0 0 26 0 0 0 0 0 0 0 0 44 0 0 0 0 0 0 0 0 0 0 0 0 0 0 -20 -32 0 0 0 0 0 0 0 0 0 0 0 0 0 0 0 0 0 30 0 0 25 0 19 0 15 0 0 0 0 0 0 20 0 0 0 0 16 0 0 0 0 0 0 0 10 0 -5 0 -14 0 0 0 30 0 0 
-43 -41 0 0 0 -19 24 0 9 0 -42 0 40 -22 0 0 0 0 0 0 0 0 6 0 0 -42 0 0 13 40 0 0 0 0 0 0 0 0 0 0 0 0 30 36 0 0 0 0 11 27 17 0 30 0 0 0 22 0 27 0 0 4 0 20 0 0 0 0 0 23 0 0 0 0 0 0 0 0 46 0 0 -6 -12 0 47 0 0 0 4 0 
-47 -23 27 0 0 0 0 36 0 -37 0 0 0 0 -24 0 0 0 0 0 0 6 0 0 0 0 0 0 0 23 0 0 0 0 0 0 24 -1 48 0 15 0 0 18 0 0 0 0 0 0 17 0 0 0 0 32 36 0 0 0 0 0 0 0 0 0 0 0 41 0 6 0 0 46 0 0 0 0 0 0 0 0 0 37 0 0 15 0 -28 0 
34 0 0 0 0 -14 0 0 0 0 0 0 0 0 0 0 1 0 -2 0 0 0 0 0 0 0 -6 0 0 0 0 0 0 0 0 0 0 -6 0 0 0 0 0 0 0 -40 0 0 0 0 0 0 0 0 0 40 0 0 0 0 0 -11 0 0 0 0 -13 0 0 0 0 0 0 0 0 44 0 0 0 0 0 -22 0 0 34 -29 0 -7 0 0 
-15 0 13 0 0 0 -42 0 33 34 0 0 16 0 28 0 0 0 0 23 0 0 0 0 0 0 0 -31 -25 26 11 0 0 0 0 0 0 -39 -14 0 15 0 -48 18 0 0 0 0 -45 0 -41 0 -5 -12 0 14 0 -37 0 0 0 0 0 0 0 -12 0 0 -43 0 0 0 -14 0 0 0 0 21 -9 0 -36 0 47 0 19 0 0 0 0 0 
-1 0 0 0 0 0 0 0 0 2 0 0 0 13 0 0 0 0 39 0 0 -42 0 0 0 0 0 0 0 0 -37 -9 -20 27 0 -27 0 0 0 -7 45 0 0 0 0 0 0 0 -23 0 0 0 0 0 0 -5 -34 0 0 0 -10 0 0 5 0 -44 0 0 0 0 0 0 0 -34 0 0 0 0 0 0 0 0 0 0 1 0 0 0 43 0 
0 0 0 0 0 0 0 0 0 0 0 0 0 43 0 0 -24 0 0 0 0 0 0 -6 0 0 31 0 -48 0 0 17 0 0 0 0 46 18 0 0 0 0 0 40 0 15 -2 0 0 0 0 0 0 38 0 0 0 -32 0 0 -44 0 0 0 0 0 15 0 38 0 0 34 0 36 38 0 0 0 0 0 0 0 0 16 0 0 0 0 0 0 
0 0 0 0 10 0 0 -30 -42 15 -31 0 0 0 0 0 0 0 0 0 0 0 0 0 -31 0 0 0 0 -7 0 0 -49 0 -13 25 0 -48 0 34 0 -21 0 0 0 0 0 0 0 0 0 0 0 0 0 0 -13 14 0 23 7 0 -17 -12 0 0 0 -14 0 -13 0 0 0 0 0 0 0 0 0 0 0 0 0 0 0 0 0 0 -39 0 
0 12 0 43 0 0 0 44 0 0 0 -48 0 -47 0 0 0 0 -39 0 0 13 0 0 -25 0 -48 0 0 0 4 0 0 0 0 0 -32 0 0 0 0 0 0 0 0 0 8 0 0 0 0 0 0 0 0 0 -39 0 0 0 0 0 0 4 0 0 11 0 23 0 0 0 0 0 0 0 0 39 0 0 0 0 0 0 0 0 44 0 0 0 
0 19 32 22 0 14 -18 0 0 0 0 0 21 -33 26 0 0 -34 0 0 0 40 23 0 26 0 0 -7 0 0 0 0 -34 0 -11 0 -45 0 0 0 0 0 0 0 0 48 28 0 0 0 0 16 0 -32 0 0 0 0 0 0 34 -21 0 -35 25 0 0 20 36 -37 0 0 -4 0 0 0 0 0 0 8 -43 -18 0 -20 0 0 0 0 0 0 
0 -39 -16 0 -21 4 0 0 0 0 0 0 0 13 0 0 19 0 -11 40 0 0 0 0 11 -37 0 0 4 0 0 0 0 0 0 0 0 0 32 0 33 28 0 0 0 -6 0 0 -12 0 0 0 0 -42 0 0 0 2 0 0 0 0 0 0 0 30 -36 0 -39 3 0 0 -22 0 0 47 0 0 0 0 0 0 0 47 0 0 0 0 0 0 
-7 0 3 0 -7 0 0 0 -43 -16 0 0 0 0 -46 0 0 0 0 0 0 0 0 0 0 -9 17 0 0 0 0 0 0 32 0 0 0 0 0 0 0 0 0 0 0 0 0 28 0 0 0 0 0 0 47 0 35 1 0 12 45 0 -38 0 -29 0 0 0 0 22 0 0 0 0 0 0 37 0 0 11 0 0 0 0 0 -10 41 30 4 1 
0 0 0 0 -30 0 0 0 0 19 36 0 0 0 8 0 -33 0 -48 0 0 0 0 0 0 -20 0 -49 0 -34 0 0 0 10 0 0 0 0 0 0 0 0 39 0 0 -25 32 0 0 0 0 0 0 30 41 -7 0 0 21 0 0 -7 0 0 0 0 28 0 0 0 0 0 0 0 0 0 -47 0 0 0 0 0 0 0 -25 0 0 0 0 0 
0 0 -23 0 0 0 0 0 0 0 0 34 0 0 -17 0 0 0 0 23 -20 0 0 0 0 27 0 0 0 0 0 32 10 0 0 0 0 0 0 -4 0 0 0 0 0 0 0 0 -5 -20 0 0 0 0 18 0 0 -11 0 0 0 0 -9 0 0 24 0 -21 42 0 0 0 0 0 0 1 -15 0 0 44 0 0 0 0 0 0 3 0 0 0 
0 0 -49 -24 0 -47 0 16 0 46 0 0 19 0 0 15 0 0 -39 0 -32 0 0 0 0 0 0 -13 0 -11 0 0 0 0 0 0 0 0 -45 -37 0 0 0 31 0 0 0 -42 0 0 0 0 0 0 29 0 0 -29 23 -20 0 0 0 0 0 0 0 0 0 0 0 0 -12 -8 0 0 0 0 0 -7 0 0 0 0 28 0 0 0 -39 0 
0 0 0 11 0 -36 25 0 18 0 0 0 0 0 0 6 0 0 0 0 0 0 0 0 0 -27 0 25 0 0 0 0 0 0 0 0 0 0 22 -30 0 0 0 16 0 0 0 0 0 0 -2 0 0 0 0 0 0 0 0 0 0 1 0 0 0 0 0 0 -2 -4 0 0 0 43 0 0 0 -43 0 0 -17 0 44 0 26 0 0 0 0 0 
0 0 35 0 0 0 0 2 -8 0 0 0 0 0 0 -11 0 -31 0 0 0 0 24 0 0 0 46 0 -32 -45 0 0 0 0 0 0 0 0 -33 0 -43 26 0 0 0 0 0 0 0 0 0 -21 0 0 0 48 0 0 -26 0 0 0 0 0 0 -7 0 0 0 0 8 0 46 18 0 0 0 0 0 0 0 0 -47 0 0 -37 0 0 21 -29 
13 0 12 0 0 0 0 0 -48 0 0 -12 0 0 -42 -28 -17 -16 0 0 0 0 -1 -6 -39 0 18 -48 0 0 0 0 0 0 0 0 0 0 -43 0 0 0 0 0 0 0 0 0 0 0 0 0 0 13 -25 0 0 0 0 0 0 0 0 16 0 0 0 -14 -30 0 44 0 0 0 0 0 33 0 0 0 0 0 0 0 0 0 0 0 -37 0 
0 0 0 0 0 0 31 0 -9 0 0 0 47 0 0 0 0 0 0 0 0 0 48 0 -14 0 0 0 0 0 32 0 0 0 -45 22 -33 -43 0 0 0 0 0 0 1 0 0 0 0 0 0 0 -24 15 -48 0 0 0 0 41 0 0 0 0 49 0 0 0 0 -48 -10 0 9 -9 0 0 0 0 28 0 0 -40 0 0 -20 0 0 31 0 0 
-49 -21 0 13 0 19 0 -41 0 0 0 0 0 0 0 3 0 0 0 0 0 0 0 0 0 -7 0 34 0 0 0 0 0 -4 -37 -30 0 0 0 0 39 -48 44 0 0 0 33 0 0 0 0 43 0 0 -31 0 0 28 0 -22 0 0 0 0 0 0 0 0 0 0 0 -42 0 0 0 0 0 0 0 0 0 0 0 0 0 10 24 0 0 0 
0 0 0 0 0 -35 0 0 0 0 0 0 0 -40 0 0 -11 0 0 0 0 0 15 0 15 45 0 0 0 0 33 0 0 0 0 0 -43 0 0 39 -47 0 0 0 0 -15 0 0 -43 0 -5 0 0 0 0 -5 -32 0 -2 0 0 -5 20 0 0 0 0 0 0 0 0 0 0 8 -15 0 -40 0 4 0 0 0 -45 0 0 0 0 -46 0 0 
39 24 0 0 0 0 0 0 0 0 0 0 0 0 0 1 -28 0 0 0 0 0 0 0 0 0 0 -21 0 0 28 0 0 0 0 0 26 0 0 -48 0 2 0 0 0 0 0 0 0 37 -41 0 0 0 0 0 0 0 8 4 0 0 0 0 33 0 0 0 0 0 0 0 0 0 -39 0 0 0 0 -6 0 0 29 -20 0 0 0 0 13 0 
36 18 0 0 0 0 -48 0 -34 0 0 25 0 0 0 0 0 0 0 0 0 30 0 0 -48 0 0 0 0 0 0 0 39 0 0 0 0 0 0 44 0 0 0 0 -16 0 -22 0 0 0 0 0 0 -7 0 0 0 34 0 0 0 0 0 0 0 0 0 0 -29 -3 0 0 -32 0 -17 0 0 0 4 0 0 0 0 0 0 0 23 2 0 0 
0 0 0 0 0 0 0 25 0 0 -43 0 -15 0 0 0 0 -33 -32 -46 0 36 18 0 18 0 40 0 0 0 0 0 0 0 31 16 0 0 0 0 0 0 0 23 0 0 0 0 0 0 0 0 45 33 0 8 0 0 0 -27 0 -5 0 0 0 0 0 0 -8 0 0 8 0 -27 -35 0 0 -12 -19 0 0 0 -37 0 0 0 0 0 0 0 
0 0 40 0 0 0 0 0 0 0 35 0 0 0 0 0 -2 0 -23 0 0 0 0 0 0 0 0 0 0 0 0 0 0 0 0 0 0 0 1 0 0 0 -16 0 21 0 39 0 0 0 0 0 0 0 0 0 0 0 0 0 0 0 -24 0 29 0 -37 0 0 0 0 0 0 -21 0 0 18 0 0 0 0 0 0 -48 0 0 0 0 0 0 
0 0 -5 0 0 23 20 42 22 0 0 0 0 0 0 0 0 -19 0 0 0 0 0 -40 0 0 15 0 0 48 -6 0 -25 0 0 0 0 0 0 0 -15 0 0 0 0 0 49 0 0 0 9 0 0 -39 0 17 0 0 19 0 0 0 0 0 0 44 0 0 33 0 0 17 0 -44 0 0 0 18 -25 0 0 16 0 0 -14 0 0 0 0 9 
0 0 0 0 0 -40 0 0 33 -49 0 0 0 0 0 0 -13 0 0 0 0 0 0 0 0 0 -2 0 8 28 0 0 32 0 0 0 0 0 0 33 0 0 -22 0 39 49 0 0 0 -39 0 0 0 -26 9 0 0 0 0 -32 0 0 5 0 -21 0 44 0 0 0 0 0 0 5 0 0 -46 0 0 0 -45 -2 0 0 0 0 0 0 0 0 
-44 18 0 0 0 0 0 0 -43 0 0 13 -3 -44 0 0 0 -20 0 0 0 0 0 0 0 0 0 0 0 0 0 28 0 0 -42 0 0 0 0 0 0 0 0 0 0 0 0 0 0 0 0 0 0 0 0 0 0 0 -42 0 0 0 0 20 0 0 0 39 24 0 0 0 0 1 0 -23 0 0 0 6 0 0 -15 0 32 0 0 0 -39 -8 
0 0 0 0 -26 0 0 44 0 0 0 0 0 0 0 0 0 0 0 0 0 11 0 0 -45 -23 0 0 0 0 -12 0 0 -5 0 0 0 0 0 0 -43 0 0 0 0 0 0 0 -11 0 0 0 0 0 0 0 0 0 0 0 0 0 0 2 -18 0 0 0 0 0 0 28 0 3 0 0 0 15 0 0 0 0 -35 0 0 0 0 0 0 25 
0 0 1 -19 -28 20 0 0 0 4 0 0 4 0 -44 0 5 0 0 0 0 27 0 0 0 0 0 0 0 0 0 0 0 -20 0 0 0 0 0 0 0 37 0 0 0 0 -39 0 0 0 10 0 0 0 0 0 0 0 -39 0 0 47 -35 0 0 -1 0 0 0 0 10 0 0 0 31 0 0 0 0 0 0 0 0 0 0 13 0 0 0 1 
0 0 0 41 39 0 0 0 0 -3 0 0 0 0 0 0 0 0 0 0 0 17 17 0 -41 0 0 0 0 0 0 0 0 0 0 -2 0 0 0 0 -5 -41 0 0 0 9 0 0 0 10 0 0 0 -10 0 44 0 0 0 0 0 24 -8 0 0 0 0 0 0 -41 37 10 0 0 0 0 0 0 0 0 41 43 0 0 0 0 38 0 0 0 
0 0 0 16 0 0 0 0 0 -39 0 -7 0 -31 0 0 0 0 0 0 0 0 0 0 0 0 0 0 0 16 0 0 0 0 0 0 -21 0 0 43 0 0 0 0 0 0 0 0 0 0 0 0 0 0 0 0 -20 0 0 0 0 8 0 0 0 0 0 36 0 0 0 0 0 0 0 0 -18 0 10 0 0 40 0 0 -22 0 44 0 9 -23 
-44 0 -35 0 0 0 -12 -39 0 0 0 0 0 0 0 0 0 0 0 35 30 30 0 0 -5 0 0 0 0 0 0 0 0 0 0 0 0 0 -24 0 0 0 0 45 0 0 0 0 0 0 0 0 0 0 0 0 0 0 -6 0 0 0 0 0 0 -46 0 29 0 0 0 0 0 6 0 0 -8 0 0 0 0 8 0 0 0 -45 11 0 0 0 
0 -22 0 0 -34 37 8 0 0 -13 15 0 0 0 44 0 0 0 36 0 0 0 0 0 -12 0 38 0 0 -32 -42 0 30 0 0 0 0 13 15 0 0 0 -7 33 0 -39 -26 0 0 0 -10 0 0 0 0 36 40 0 -30 0 0 0 0 0 -8 -5 -1 0 0 0 0 0 0 0 0 -5 0 32 0 0 0 0 0 0 0 0 0 0 0 0 
0 0 0 0 0 0 0 0 0 0 0 0 0 44 41 0 2 0 35 -35 0 0 0 0 0 0 0 0 0 0 0 47 41 18 29 0 0 -25 -48 -31 0 0 0 0 0 0 9 0 0 0 0 0 0 0 0 -5 -3 0 33 0 0 0 0 0 0 43 0 0 0 0 0 8 0 0 0 0 0 0 -44 0 0 0 0 0 0 0 -6 0 0 0 
0 0 24 0 0 -24 0 0 0 0 0 0 0 0 0 0 0 -14 27 0 25 0 32 40 14 -5 0 0 0 0 0 0 -7 0 0 0 48 0 0 0 -5 0 0 8 0 17 0 0 0 0 44 0 0 36 -5 -13 0 -17 0 0 0 0 44 0 0 19 0 0 20 0 0 0 -39 0 31 0 0 -24 0 9 0 0 0 0 0 -3 0 -15 0 0 
25 -13 0 0 -14 -45 0 0 0 0 -40 0 0 0 -17 0 0 0 0 -8 0 22 36 0 0 -34 0 -13 -39 0 0 35 0 0 0 0 0 0 0 0 -32 0 0 0 0 0 0 0 0 0 0 -20 0 40 -3 0 0 0 0 0 0 0 0 0 0 -9 0 0 0 0 0 0 0 0 0 0 0 0 0 0 0 0 0 -8 -49 0 0 0 0 0 
0 0 0 0 8 32 0 11 0 -33 0 28 0 0 0 0 24 0 0 0 19 0 0 0 -37 0 -32 14 0 0 2 1 0 -11 -29 0 0 0 0 28 0 0 34 0 0 0 0 0 0 0 0 0 0 0 0 -17 0 -1 0 0 46 -34 0 0 0 0 49 0 -24 23 21 13 -14 0 0 0 0 0 0 0 0 0 0 0 0 0 0 0 0 0 
0 0 0 0 0 0 0 0 0 48 0 40 0 32 0 0 -33 0 -34 0 0 27 0 0 0 0 0 0 0 0 0 0 21 0 23 0 -26 0 0 0 -2 8 0 0 0 19 0 -42 0 -39 0 0 -6 -30 33 0 0 0 0 23 0 2 15 0 0 0 31 0 0 0 43 0 0 0 0 0 -31 -3 0 0 0 0 0 0 0 32 0 0 0 0 
0 0 0 11 0 0 0 32 18 0 0 0 0 -41 0 -9 0 0 0 24 15 0 0 0 0 0 0 23 0 0 0 12 0 0 -20 0 0 0 41 -22 0 4 0 -27 0 0 -32 0 0 0 0 0 0 0 0 0 0 0 23 0 0 0 -45 0 0 0 0 0 0 -23 -2 0 -24 17 0 0 0 0 -8 -6 0 -30 0 0 40 0 0 -31 0 36 
0 0 0 24 0 0 0 0 0 0 0 0 0 -4 0 0 0 0 49 0 0 0 0 0 0 -10 -44 7 0 34 0 45 0 0 0 0 0 0 0 0 0 0 0 0 0 0 0 0 0 0 0 0 0 0 0 0 0 46 0 0 5 0 0 0 0 -44 0 0 47 0 38 19 0 6 30 -4 0 0 43 0 0 25 0 0 0 0 0 0 0 0 
0 39 0 0 0 0 0 18 0 30 19 0 0 0 0 14 0 0 0 0 0 4 0 -11 0 0 0 0 0 -21 0 0 -7 0 0 1 0 0 0 0 -5 0 0 -5 0 0 0 0 0 47 24 8 0 0 0 0 0 -34 2 0 0 0 0 0 0 0 32 0 0 13 0 0 -32 0 0 0 0 0 0 10 0 0 12 0 0 0 0 0 7 0 
0 0 0 -12 0 0 -47 0 0 0 0 -30 0 0 0 0 -8 -23 0 0 0 0 0 0 0 0 0 -17 0 0 0 -38 0 -9 0 0 0 0 0 0 20 0 0 0 -24 0 5 0 0 -35 -8 0 0 0 0 44 0 0 15 -45 0 0 0 -19 0 0 48 0 -4 0 0 0 0 0 0 0 0 0 0 0 -24 0 0 -7 0 0 -32 0 0 0 
0 -28 0 0 0 5 -23 0 -46 0 0 0 0 0 0 0 0 46 0 0 0 20 0 0 0 5 0 -12 4 -35 0 0 0 0 0 0 0 16 0 0 0 0 0 0 0 0 0 20 2 0 0 0 0 0 0 0 0 0 0 0 0 0 -19 0 0 1 0 0 0 0 0 0 0 0 32 0 -10 17 28 0 0 13 -31 0 0 0 0 0 0 0 
0 0 0 -30 0 0 -45 0 8 0 -49 0 35 0 0 0 -6 0 0 0 0 0 0 0 0 0 0 0 0 25 0 -29 0 0 0 0 0 0 49 0 0 33 0 0 29 0 -21 0 -18 0 0 0 0 -8 0 0 0 0 0 0 0 0 0 0 0 38 32 -42 0 0 0 0 -42 0 6 40 0 0 0 40 0 -9 33 0 0 0 0 8 0 0 
20 0 0 0 0 0 0 0 14 0 0 0 44 0 0 0 0 -22 0 0 0 0 0 0 -12 -44 0 0 0 0 30 0 0 24 0 0 -7 0 0 0 0 0 0 0 0 44 0 0 0 -1 0 0 -46 -5 43 19 -9 0 0 0 -44 0 0 1 38 41 0 0 0 0 41 0 0 0 0 48 0 0 0 20 0 0 0 0 -16 0 46 0 7 0 
0 21 0 0 0 16 0 7 0 0 0 -30 0 0 0 0 0 0 0 0 20 0 0 -13 0 0 15 0 11 0 -36 0 28 0 0 0 0 0 0 0 0 0 0 0 -37 0 44 0 0 0 0 0 0 -1 0 0 0 49 31 0 0 32 48 0 32 0 30 0 0 0 0 0 -25 0 0 0 3 0 0 -17 -44 0 0 0 38 0 0 0 -21 0 
0 0 -41 -45 15 0 -14 0 0 0 0 0 0 0 0 0 -34 0 0 0 0 0 0 0 0 0 0 -14 0 20 0 0 0 -21 0 0 0 -14 0 0 0 0 0 0 0 0 0 39 0 0 0 36 29 0 0 0 0 0 0 0 0 0 0 0 -42 0 0 0 0 0 41 0 0 0 0 0 0 0 25 38 0 45 0 0 0 21 0 0 -9 0 
0 0 43 33 0 0 0 0 0 0 -39 0 17 0 -18 -47 -14 0 0 0 0 0 41 0 -43 0 38 0 23 36 -39 0 0 42 0 -2 0 -30 0 0 0 0 -29 -8 0 33 0 24 0 0 0 0 0 0 0 20 0 -24 0 0 47 0 -4 0 0 0 0 0 -13 0 0 -44 0 0 0 0 0 -3 0 0 0 0 0 0 -49 0 -39 5 0 0 
0 0 0 0 0 0 0 35 18 0 0 0 -38 -45 0 0 0 -40 0 23 0 23 0 0 0 0 0 -13 0 -37 3 22 0 0 0 -4 0 0 -48 0 0 0 -3 0 0 0 0 0 0 0 -41 0 0 0 0 0 0 23 0 -23 0 13 0 0 0 0 0 0 0 0 0 0 -49 2 0 0 -21 0 0 -38 0 0 0 0 0 27 34 0 35 0 
0 0 0 -39 0 0 0 0 5 0 0 -48 -42 0 0 0 18 0 0 0 0 0 6 0 0 0 0 0 0 0 0 0 0 0 0 0 8 44 -10 0 0 0 0 0 0 0 0 0 0 10 37 0 0 0 0 0 0 21 43 -2 38 0 0 0 0 41 0 41 0 0 0 0 0 0 0 0 0 0 12 0 0 0 0 0 0 0 9 0 -14 0 
0 0 0 0 0 0 -30 0 0 0 0 49 0 26 0 0 0 0 0 0 16 0 0 0 0 0 34 0 0 0 0 0 0 0 0 0 0 0 0 -42 0 0 0 8 0 17 0 0 28 0 10 0 0 0 8 0 0 13 0 0 19 0 0 0 0 0 0 0 -44 0 0 0 0 0 0 -2 0 -9 0 0 0 0 0 46 -2 0 0 0 0 0 
0 0 0 0 31 0 0 0 0 -4 0 0 0 0 0 -2 0 0 0 0 0 0 0 0 -14 0 0 0 0 -4 -22 0 0 0 -12 0 46 0 9 0 0 0 -32 0 0 0 0 0 0 0 0 0 0 0 0 -39 0 -14 0 -24 0 -32 0 0 -42 0 -25 0 0 -49 0 0 0 0 -5 0 0 0 0 34 -43 0 0 15 12 0 0 0 -43 0 
0 -2 0 0 0 0 0 33 0 5 -8 0 0 0 0 0 29 0 0 0 0 0 46 0 0 -34 36 0 0 0 0 0 0 0 -8 43 18 0 -9 0 8 0 0 -27 -21 -44 5 1 3 0 0 0 6 0 0 0 0 0 0 17 6 0 0 0 0 0 0 0 0 2 0 0 0 0 0 0 0 -28 0 -49 -30 -21 0 0 0 0 39 0 0 36 
0 0 0 0 17 27 0 0 0 1 0 2 -10 0 10 -45 0 29 0 -18 0 0 0 0 0 0 38 0 0 0 0 0 0 0 0 0 0 0 0 0 -15 -39 -17 -35 0 0 0 0 0 31 0 0 0 0 0 31 0 0 0 0 30 0 0 32 6 0 0 0 0 0 0 0 -5 0 41 0 0 -43 0 0 0 36 0 0 0 34 0 0 0 0 
0 0 0 0 0 6 0 0 0 0 0 0 -39 0 -2 0 0 0 0 -3 0 0 0 44 0 0 0 0 0 0 47 0 0 1 0 0 0 0 0 0 0 0 0 0 0 0 0 -23 0 0 0 0 0 -5 0 0 0 0 0 0 -4 0 0 0 40 48 0 0 0 0 0 -2 0 0 0 0 35 23 14 0 0 0 0 43 0 0 0 0 0 19 
0 0 0 0 0 0 0 0 -44 0 0 0 0 0 33 41 0 0 0 0 0 0 0 0 0 0 0 0 0 0 0 37 -47 -15 0 0 0 33 0 0 -40 0 0 0 18 0 -46 0 0 0 0 -18 -8 0 0 0 0 0 -31 0 0 0 0 -10 0 0 3 0 0 -21 0 0 0 0 0 35 47 23 0 -46 0 0 0 0 0 0 0 0 25 0 
0 0 0 16 0 0 -34 0 0 0 0 28 0 0 0 0 0 -23 -12 0 0 0 0 0 21 0 0 0 39 0 0 0 0 0 0 -43 0 0 0 0 0 0 0 -12 0 18 0 0 15 0 0 0 0 32 0 -24 0 0 -3 0 0 0 0 17 0 0 0 0 -3 0 0 -9 0 -28 -43 23 23 19 0 0 0 -49 0 0 0 0 0 0 10 -39 
0 0 0 0 43 0 0 0 0 0 0 0 0 0 0 0 0 0 0 0 0 46 0 0 -9 0 0 0 0 0 0 0 0 0 0 0 0 0 28 0 4 0 4 -19 0 -25 0 0 0 0 0 10 0 0 -44 0 0 0 0 -8 43 0 0 28 0 0 0 25 0 0 12 0 0 0 0 14 0 0 0 0 0 22 0 0 6 0 0 0 28 0 
0 0 0 0 45 0 0 -5 -33 0 0 0 -1 0 -1 -1 0 0 0 0 10 0 0 0 0 0 0 0 0 8 0 11 0 44 -7 0 0 0 0 0 0 -6 0 0 0 0 0 6 0 0 0 0 0 0 0 9 0 0 0 -6 0 10 0 0 40 20 -17 38 0 -38 0 0 34 -49 0 0 -46 0 0 37 0 0 0 0 0 -48 0 0 0 34 
0 0 0 0 0 -49 0 0 30 0 48 0 -8 0 0 0 0 0 0 0 0 0 0 0 -36 0 0 0 0 -43 0 0 0 0 0 -17 0 0 0 0 0 0 0 0 0 0 -45 0 0 0 41 0 0 0 0 0 0 0 0 0 0 0 -24 0 0 0 -44 0 0 0 0 0 -43 -30 0 0 0 0 0 0 0 0 0 0 0 0 0 -6 0 35 
-41 0 0 0 15 35 0 0 40 -24 0 0 -32 5 0 0 44 0 0 0 -5 -6 0 -22 0 0 0 0 0 -18 0 0 0 0 0 0 0 0 -40 0 0 0 0 0 0 16 -2 0 0 0 43 40 8 0 0 0 0 0 0 -30 25 0 0 13 -9 0 0 45 0 0 0 0 0 -21 36 0 0 -49 22 0 0 0 0 -48 0 0 0 0 -45 0 
0 0 0 42 0 0 0 0 0 0 7 0 0 0 0 0 0 0 0 0 0 -12 0 0 47 0 0 0 0 0 0 0 0 0 0 44 -47 0 0 0 -45 29 0 -37 0 0 0 -15 -35 0 0 0 0 0 0 0 0 0 0 0 0 12 0 -31 33 0 0 0 0 0 0 0 0 0 0 0 0 0 0 0 0 0 0 -3 0 0 0 0 0 0 
36 0 -17 -24 44 0 0 0 0 0 0 6 17 0 0 -46 0 0 0 -12 -14 0 37 0 0 0 16 0 0 -20 47 0 0 0 0 0 0 0 0 0 0 -20 0 0 -48 0 0 0 0 0 0 0 0 0 0 0 -8 0 0 0 0 0 -7 0 0 0 0 0 0 0 0 46 15 0 0 43 0 0 0 0 0 -48 -3 0 0 0 0 0 0 0 
0 0 0 0 0 0 0 -26 0 0 0 35 0 11 0 0 0 0 -1 0 0 47 0 34 19 1 0 0 0 0 0 0 -25 0 28 26 0 0 -20 0 0 0 0 0 0 -14 0 32 0 0 0 -22 0 0 0 0 -49 0 0 40 0 0 0 0 0 -16 38 0 -49 0 0 -2 12 0 0 0 0 0 6 0 0 0 0 0 0 -34 0 45 0 -12 
0 -21 0 4 0 -23 0 0 0 0 15 0 0 0 0 0 0 28 0 12 0 0 0 -29 0 0 0 0 0 0 0 -10 0 0 0 0 -37 0 0 10 0 0 0 0 0 0 0 0 0 13 0 0 -45 0 0 -3 0 0 32 0 0 0 0 0 0 0 0 21 0 27 0 0 0 0 34 0 0 0 0 -48 0 0 0 0 -34 0 0 0 0 0 
0 0 0 3 40 0 0 -19 0 33 0 0 -2 0 0 0 0 0 0 0 0 0 15 0 0 0 0 0 44 0 0 41 0 3 0 0 0 0 0 24 0 0 23 0 0 0 0 0 0 0 38 44 11 0 -6 0 0 0 0 0 0 0 -32 0 0 46 0 0 -39 34 9 0 0 39 0 0 0 0 0 0 0 0 0 0 0 0 0 0 0 0 
42 0 0 -17 35 0 0 0 0 0 0 0 0 0 0 0 -32 0 0 -31 30 0 0 -7 0 0 0 0 0 0 0 30 0 0 0 0 0 0 31 0 -46 0 2 0 0 0 0 0 0 0 0 0 0 0 0 -15 0 0 0 -31 0 0 0 0 8 0 0 0 5 0 0 0 0 0 0 0 0 0 0 0 -6 0 0 0 45 0 0 -41 0 0 
0 0 0 0 -18 0 -12 30 0 0 27 0 29 0 0 20 0 27 0 0 0 4 -28 0 0 43 0 -39 0 0 0 4 0 0 -39 0 21 -37 0 0 0 13 0 0 0 0 0 -39 0 0 0 9 0 0 0 0 0 0 0 0 0 7 0 0 0 7 -21 -9 0 35 -14 0 -43 0 0 0 25 10 28 0 0 -45 0 0 0 0 0 0 0 0 
0 0 0 -38 37 41 0 -18 -16 0 0 0 -39 0 -38 -22 0 0 0 0 0 0 0 0 0 0 0 0 0 0 0 1 0 0 0 0 -29 0 0 0 0 0 0 0 0 9 0 -8 25 1 0 -23 0 0 0 0 0 0 0 36 0 0 0 0 0 0 0 0 0 0 0 0 0 36 0 19 0 -39 0 34 35 0 0 0 -12 0 0 0 0 0 
