90
0 40 22 0 0 24 -2 0 -1 -42 23 0 0 0 4 0 6 -28 44 37 0 0 22 -39 -48 0 -36 -41 -17 -32 0 -45 -42 -16 0 27 26 0 -47 0 48 0 0 5 0 29 0 0 0 -10 27 0 0 31 0 0 0 -2 0 0 0 34 0 0 -20 0 0 0 0 0 -48 0 0 -15 0 0 0 -38 0 0 18 11 15 18 0 0 -1 -39 -6 47 
0 -1 0 -21 0 -7 0 0 20 13 7 -6 -40 5 0 0 0 -44 1 0 -44 33 25 0 0 0 0 -41 0 20 0 0 -32 20 0 0 0 0 0 0 45 22 30 0 0 42 -13 27 4 33 0 25 -13 0 43 25 7 0 0 7 0 12 19 -39 0 0 0 0 0 0 0 0 -21 12 38 -44 0 -12 0 -37 29 0 -31 -13 0 0 0 -40 0 29 
-1 0 0 0 21 0 0 -12 0 -2 0 -13 0 0 0 0 9 -21 49 0 0 0 0 0 0 0 -23 -17 0 0 0 0 22 0 0 0 0 8 0 28 35 -12 0 -37 6 0 0 -23 -49 0 35 12 42 0 -4 18 -5 0 0 1 -27 0 39 24 39 0 0 0 0 0 -8 -41 43 0 0 0 -31 0 0 0 -15 0 0 37 -18 0 -27 0 27 0 
0 0 39 0 -46 29 0 36 0 0 33 4 0 0 0 -22 0 0 0 0 0 49 0 0 22 0 10 -24 11 23 13 5 -26 0 10 0 8 0 16 0 0 0 0 0 -11 0 -12 0 0 -12 0 -30 -30 -38 -18 -39 0 -3 0 0 16 0 0 0 0 42 -24 0 4 3 -17 0 -38 0 0 41 20 0 -16 0 0 -1 0 44 47 0 2 -40 -21 2 
-21 0 0 0 -21 -7 -30 0 0 0 0 0 47 0 0 0 5 25 37 0 39 -20 0 -37 -14 8 -17 0 0 11 0 15 -43 -34 0 40 0 0 -32 -22 -10 15 26 -14 40 35 -18 37 0 0 38 43 0 0 0 24 18 -28 -32 23 -19 9 0 0 -30 11 14 4 0 0 -41 0 -36 0 34 -36 -29 0 0 0 23 -40 -44 40 -39 0 0 0 -24 -45 
0 21 -46 -21 32 0 -7 -30 0 0 0 16 7 0 32 27 6 -22 0 -49 35 42 -23 0 0 0 41 0 0 0 0 -26 0 0 33 -4 0 0 -44 0 24 0 0 -42 0 -37 -18 -1 31 0 48 31 0 11 0 0 0 -34 -4 0 0 0 -13 0 8 0 0 -39 -38 -47 -23 -45 0 0 -14 0 0 0 -30 -38 0 0 -34 0 7 0 0 0 16 -12 
-7 0 29 -7 0 0 0 0 0 0 0 0 0 0 0 -37 0 0 0 0 0 36 0 0 29 0 0 44 0 0 -16 16 0 2 -28 -38 -26 -35 42 0 0 44 0 0 -35 0 44 0 11 -4 17 43 0 0 0 7 -3 -36 -27 0 0 0 0 0 0 0 -5 -22 0 -26 0 -19 0 30 -18 46 19 0 -47 4 0 0 -37 0 17 -44 0 33 0 0 
0 0 0 -30 -7 0 -42 -12 -43 0 -14 43 42 0 0 -9 0 31 26 -20 0 33 -43 0 0 0 0 -46 -49 0 18 0 0 0 -46 8 14 0 0 34 0 5 -3 0 3 21 -33 30 40 -4 37 -7 0 0 0 0 -48 0 0 38 0 -11 -43 0 0 25 0 -26 0 2 0 15 0 0 0 -16 19 -20 34 0 0 0 0 10 0 -29 0 0 -18 0 
0 -12 36 0 -30 0 -12 -3 -39 0 -13 -6 -33 48 -42 0 0 -32 0 0 0 0 0 -47 0 -18 12 0 0 0 0 0 0 33 0 -6 0 33 0 -7 0 0 14 21 0 22 0 0 -42 16 0 0 -31 0 -5 36 0 -48 0 0 0 0 0 0 -43 35 0 0 11 -44 15 0 -33 44 0 0 19 0 13 0 36 -39 16 9 0 17 7 48 0 7 
20 0 0 0 0 0 -43 -39 0 0 15 3 0 0 0 0 19 -29 0 5 0 0 2 0 0 0 0 0 0 0 0 -7 34 0 0 34 0 0 0 -12 -16 20 -34 0 48 -39 -11 -26 0 28 26 29 0 0 -30 14 -30 0 -5 0 0 49 0 0 2 30 0 10 0 0 0 6 35 30 -46 18 0 0 44 32 0 40 0 0 16 0 16 21 0 0 
13 -2 0 0 0 0 0 0 0 0 0 19 0 0 -34 0 0 0 0 0 -15 -6 -3 0 4 0 44 0 0 0 20 0 0 43 0 -42 47 17 -38 -42 0 0 0 -10 -39 0 0 0 -1 -8 -32 0 17 -7 0 29 -39 30 0 -45 0 0 3 -37 2 3 0 30 11 -2 -33 -22 16 0 0 0 0 -41 0 0 14 0 0 -44 0 0 -37 0 0 0 
7 0 33 0 0 0 -14 -13 15 0 44 0 36 25 0 0 -4 -20 45 0 -35 0 28 47 0 -34 -10 5 0 0 11 38 0 0 47 0 49 0 0 0 38 0 0 36 0 0 0 -36 0 -49 0 4 0 -17 0 0 -31 0 0 -21 0 0 0 -1 0 -44 43 44 41 0 -17 0 17 0 0 0 -49 37 38 -15 0 0 10 -2 33 21 0 0 0 1 
-6 -13 4 0 16 0 43 -6 3 19 0 0 0 0 0 0 -38 -5 15 -19 -4 0 0 -37 37 0 20 -16 -20 -27 0 -28 48 0 0 1 0 0 0 0 0 27 0 -49 0 17 45 -22 0 0 19 0 -8 0 0 0 0 45 26 0 0 0 41 38 0 0 -17 0 7 0 0 0 0 0 20 -22 1 0 41 0 0 0 0 1 3 0 31 -4 16 -23 
-40 0 0 47 7 0 42 -33 0 0 36 0 0 0 0 -17 19 -9 10 0 -2 0 -13 -34 0 29 0 0 2 -39 0 0 -33 0 -19 0 0 35 -38 -34 -14 0 18 0 0 29 0 -36 0 0 -6 10 29 -32 -12 29 0 11 43 40 -34 40 0 0 37 0 -16 28 0 0 -33 -23 0 3 -10 0 0 -24 -14 0 0 0 0 -45 0 0 46 -31 9 -29 
5 0 0 0 0 0 0 48 0 0 25 0 0 0 0 0 -35 -36 0 -23 0 16 -29 28 0 -40 32 38 0 -2 0 0 0 0 -39 -21 0 0 -48 27 0 22 0 49 -1 0 -23 0 -8 0 0 -18 23 0 -14 -2 -34 0 49 0 0 0 5 0 0 0 0 0 0 0 0 0 35 -31 0 0 0 -31 8 0 0 0 0 -37 40 0 0 0 0 31 
0 0 0 0 32 0 0 -42 0 -34 0 0 0 0 44 0 23 0 0 0 -25 0 0 0 -46 0 0 0 0 0 0 -9 0 0 -27 0 0 -8 0 0 24 -25 18 0 0 0 23 0 0 -18 39 -24 0 0 0 -41 0 0 -12 -30 -33 -6 0 0 0 0 0 0 0 0 0 -47 0 0 -20 -32 0 0 42 0 0 0 7 -9 0 0 0 30 0 -4 
0 0 -22 0 27 -37 -9 0 0 0 0 0 -17 0 0 0 0 19 0 15 0 32 0 -12 42 0 0 16 0 33 10 10 0 -5 0 -14 0 0 46 0 39 6 0 -11 -49 13 40 -31 0 0 0 0 49 10 0 -44 0 0 0 0 -10 0 27 17 0 30 0 0 0 22 0 27 -24 25 20 -19 36 0 0 0 0 0 0 0 0 0 0 46 26 0 
0 9 0 5 6 0 0 0 19 0 -4 -38 19 -35 23 0 0 -12 0 47 0 0 0 4 0 0 19 -43 23 0 0 0 0 0 0 24 -1 48 0 15 0 0 18 0 0 0 0 0 0 17 0 0 31 36 0 48 0 -26 0 0 0 0 0 41 0 6 25 25 0 0 0 0 0 0 40 -10 0 15 0 -28 0 0 -22 30 0 0 0 0 0 0 
-44 -21 0 25 -22 0 31 -32 -29 0 -20 -5 -9 -36 0 19 -12 0 0 0 -6 19 21 0 -40 0 0 0 -33 15 40 0 3 0 -11 0 0 0 5 38 0 0 0 0 -16 28 0 0 0 -7 -23 34 -29 -35 0 0 0 0 0 -11 -29 0 26 11 0 0 0 0 -39 -14 0 15 0 -48 18 -15 0 -45 -9 8 0 0 -12 0 14 -13 13 0 0 0 
1 49 0 37 0 0 26 0 0 0 45 15 10 0 0 0 0 0 0 0 -12 0 0 -43 -1 -14 0 30 21 -9 0 -36 0 47 0 19 -14 0 43 0 0 -7 -45 -49 -16 -16 0 6 0 -7 45 0 46 0 0 -35 0 0 48 0 0 -5 -34 0 0 0 -10 -7 0 0 0 -44 -29 0 -31 -34 -41 26 -26 0 1 0 0 0 43 0 31 0 -48 0 
0 0 0 0 -49 0 -20 0 5 0 0 -19 0 -23 0 15 47 0 0 0 17 0 0 0 0 46 18 0 0 0 -8 0 47 -20 18 -7 0 0 38 0 0 0 -32 0 0 -44 0 0 0 9 14 0 34 22 38 -21 0 -18 36 36 0 -20 0 0 0 -7 0 0 -49 -39 0 25 -43 0 0 -2 0 22 10 0 -12 0 -7 -23 0 0 -14 0 7 0 
-44 0 0 39 35 0 0 0 0 -15 -35 -4 -2 0 -25 0 0 -6 -12 17 -17 -12 0 -21 0 0 0 -13 38 0 0 9 34 0 0 0 2 0 -39 0 0 0 4 0 0 0 0 0 -32 0 33 0 0 -38 8 0 1 0 0 0 0 0 -39 0 0 32 -6 0 0 42 0 0 23 0 0 0 0 0 29 0 -46 0 0 0 -43 0 14 14 0 0 
33 0 49 -20 42 36 33 0 0 -6 0 0 0 16 0 32 0 19 0 0 -12 0 0 0 -34 0 -11 0 -45 -36 0 10 0 48 28 0 0 10 0 -15 10 7 0 0 34 -21 0 -35 25 0 -22 -18 35 0 0 0 -4 0 0 3 0 8 -43 -18 0 -20 40 0 0 0 22 -26 -27 25 33 28 -46 -6 0 39 -14 -38 0 25 0 2 0 -4 0 0 
25 0 0 0 -23 0 -43 0 2 -3 28 0 -13 -29 0 0 0 21 0 0 0 0 0 30 -36 0 -39 3 0 47 23 47 0 0 0 -16 -38 0 0 0 0 37 -13 13 13 0 0 -41 0 0 42 0 -10 0 7 47 0 35 1 -14 4 -41 0 -19 -28 0 0 0 22 0 0 0 0 31 0 -31 11 0 0 0 0 0 -10 41 30 4 1 0 10 0 
0 0 0 -37 0 0 0 -47 0 0 47 -37 -34 28 0 -12 4 0 -43 0 -21 0 30 0 0 0 0 -38 39 0 0 -25 32 0 0 -30 -34 -24 49 0 0 0 21 10 0 23 28 0 0 12 44 0 -47 0 0 0 0 0 0 0 -25 28 0 0 0 0 0 0 2 0 -32 0 36 0 0 -5 -20 48 0 18 0 0 -11 0 0 0 -23 49 24 0 
0 0 22 -14 0 29 0 0 0 4 0 37 0 0 -46 42 0 -40 -1 0 0 -34 -36 0 -21 42 -42 0 0 0 1 -15 0 0 44 0 0 0 -16 3 -13 0 45 -45 -37 0 12 -42 48 0 31 0 0 0 0 29 0 0 -29 23 -20 32 -24 0 0 0 0 0 23 -39 -18 0 0 0 -7 15 0 28 20 -39 0 0 0 28 0 -30 0 0 0 16 
0 0 0 8 0 0 0 -18 0 0 -34 0 29 -40 0 0 0 0 -14 46 0 0 0 0 42 0 0 0 0 0 0 -2 0 47 3 0 0 0 1 0 -25 0 0 -2 -4 0 21 0 -36 0 -43 48 -41 44 0 26 28 0 0 0 -23 0 0 -43 26 0 0 0 0 0 0 0 0 9 0 0 0 0 48 0 25 31 -26 0 -7 0 0 9 25 46 
0 -23 10 -17 41 0 0 12 0 44 -10 20 0 32 0 0 19 0 0 18 0 -11 -39 0 -42 0 18 19 -31 -29 -38 39 12 21 -29 0 -43 -13 0 0 0 0 20 -26 0 13 -25 0 -11 42 0 16 0 0 0 -14 -30 28 0 0 35 -10 8 0 0 0 -37 -37 -37 0 0 -8 0 0 1 37 0 0 0 0 -24 15 -48 0 0 0 0 41 0 48 
-41 -17 -24 0 0 44 -46 0 0 0 5 -16 0 38 0 16 -43 0 30 0 -13 0 3 -38 0 0 19 49 -3 -13 0 -10 0 9 -9 0 0 0 0 28 0 0 -40 0 0 -20 35 -18 0 18 -7 0 44 0 0 0 33 23 26 0 0 -43 0 0 0 28 0 -22 0 0 0 0 0 -18 0 0 -9 0 -37 0 0 0 0 45 0 10 24 0 0 0 
0 0 11 0 0 0 -49 0 0 0 0 -20 2 0 0 0 23 -33 21 0 38 -45 0 39 0 0 -31 -3 -47 0 0 0 0 -15 27 0 13 0 -20 0 0 -5 -32 0 -2 0 -39 0 0 0 -12 26 -37 8 -15 49 0 -44 -43 1 0 0 0 -46 0 28 39 0 18 0 37 -41 0 28 -43 8 4 0 0 0 0 33 0 0 -23 0 0 0 0 -39 
20 0 23 11 0 0 0 0 0 0 0 -27 -39 -2 0 33 0 15 -9 0 0 -36 47 0 0 0 -29 -13 0 -19 0 -6 0 -12 -43 0 0 19 13 0 0 0 -16 7 0 -23 0 0 0 -7 0 11 36 0 0 0 0 0 35 -3 0 -3 0 0 -32 0 -17 0 0 -14 29 0 31 0 23 2 -7 0 37 0 0 0 -46 45 33 0 8 0 0 -22 
0 0 13 0 0 -16 18 0 0 20 11 0 0 0 0 10 0 40 0 -8 0 0 23 0 1 0 -38 0 0 0 -5 -30 0 0 0 0 0 -8 5 39 -27 -35 -18 0 -29 42 45 -5 13 0 0 21 0 39 -24 0 -38 0 0 44 0 -9 0 0 0 29 0 -37 0 32 0 -26 -21 0 0 18 0 37 -13 30 0 0 0 0 0 0 49 0 11 -33 
0 0 5 15 -26 16 0 0 -7 0 38 -28 0 0 -9 10 0 0 -36 0 9 10 47 -25 -15 -2 39 -10 0 -6 -30 -3 0 0 17 0 -20 0 0 0 0 0 -23 49 0 33 45 0 29 0 13 0 18 -25 0 -48 0 13 42 0 0 0 9 -38 -39 0 0 5 -32 0 0 0 0 -41 0 -26 0 0 0 -21 12 -1 47 0 5 0 0 -46 37 -45 
-32 22 -26 -43 0 0 0 0 34 0 0 48 -33 0 0 0 0 3 0 47 34 0 0 32 0 0 12 0 0 0 0 0 -2 0 0 44 0 0 -33 0 -31 -36 0 0 -42 0 -33 20 0 0 0 39 24 0 0 -39 0 0 -39 -35 0 6 0 0 -15 0 32 -39 -39 -8 -11 -1 0 0 0 23 0 0 0 2 -18 0 0 -21 30 43 0 0 0 0 
20 0 0 -34 0 2 0 33 0 43 0 0 0 0 0 -5 0 0 47 -20 0 48 0 0 0 47 21 9 -15 -12 0 0 0 0 15 0 0 0 13 0 -30 2 25 14 -6 0 0 0 0 35 20 47 -35 -17 0 0 0 0 0 0 10 0 0 0 31 0 6 0 0 0 0 21 -14 0 0 43 0 -10 0 44 15 0 -24 35 6 0 0 -23 0 14 
0 0 10 0 33 -28 -46 0 0 0 47 0 -19 -39 -27 0 0 -11 0 18 0 28 0 0 44 3 -29 -9 27 -43 0 17 0 15 -26 0 0 -16 30 0 41 43 0 -13 38 0 0 0 -9 37 0 0 38 0 8 49 44 15 -31 0 0 0 49 10 0 0 40 0 0 28 0 0 12 0 -23 0 0 49 -19 0 0 0 41 0 -46 0 29 0 0 8 
0 0 0 40 -4 -38 8 -6 34 -42 0 1 0 -21 0 -14 24 0 19 -7 0 0 -16 -30 0 0 0 0 0 0 0 0 44 0 0 6 0 0 -8 0 -45 8 -2 -45 11 0 0 8 36 40 0 -30 0 0 0 0 0 -8 -5 -1 0 1 0 -27 -5 0 32 0 0 0 43 8 -26 0 -5 -3 0 33 0 0 0 0 0 0 43 0 0 0 0 6 
0 0 8 0 0 -26 14 0 0 47 49 0 0 0 0 0 -1 0 -14 0 2 0 -38 -34 0 0 -43 0 13 0 0 -20 0 0 0 0 0 0 0 26 0 -44 -41 0 0 0 -46 -6 0 0 0 -13 0 -17 0 -22 44 0 -32 35 20 0 -39 0 39 -46 0 -24 0 9 24 0 0 -3 0 -15 0 8 -26 7 9 0 0 0 0 0 0 0 0 0 
0 8 0 0 0 -35 0 33 0 17 0 0 35 0 -8 0 48 0 0 0 0 10 0 -24 0 0 -13 0 0 19 -8 0 0 0 -16 0 0 0 0 2 -22 0 0 -49 0 0 0 39 -41 -44 41 0 0 0 0 -26 0 23 6 -14 -34 13 0 0 -34 0 0 0 0 0 -43 44 0 0 0 23 0 2 15 -31 31 0 0 0 43 -38 0 0 -31 -3 
0 0 16 -32 -44 42 0 0 0 -38 0 0 -38 -48 0 46 0 5 43 38 -39 0 0 49 -16 1 0 0 -20 13 5 0 -33 13 30 -8 0 0 0 0 0 45 0 32 -16 43 49 0 0 0 -24 0 -23 -2 0 -24 17 41 0 -8 -6 0 -30 -6 0 0 0 27 0 0 36 5 46 45 -47 0 0 47 0 38 19 0 6 30 -4 0 28 -27 25 9 
0 28 0 -22 0 0 34 -7 -12 -42 0 0 -34 27 0 0 15 38 0 0 0 -15 0 0 3 0 0 28 0 0 39 0 0 0 0 0 26 2 0 0 0 0 0 -12 0 0 0 32 0 0 13 0 0 -32 28 -33 10 0 0 12 0 0 -32 7 0 0 -19 0 6 0 -33 0 0 28 40 -26 -41 -16 -7 0 0 -32 -32 0 0 1 0 0 0 0 
45 35 0 -10 24 0 0 0 -16 0 38 0 -14 0 24 39 0 0 0 0 0 10 0 0 -13 -25 0 0 0 0 -27 0 -31 -30 41 -45 0 -22 0 0 13 0 32 0 -10 17 28 0 0 13 -31 45 3 0 0 38 32 -42 -11 41 -48 0 0 40 0 0 0 40 0 -9 33 0 0 0 0 8 0 0 0 0 0 41 0 0 -19 0 0 0 0 0 
22 -12 0 15 0 44 5 0 20 0 0 27 0 22 -25 6 0 0 -7 0 0 7 37 0 0 0 0 0 -5 0 -35 0 -36 2 43 8 -44 0 45 0 0 20 0 0 0 0 -16 0 46 -48 0 0 -40 0 0 0 -25 0 0 0 0 0 -29 0 -44 0 -11 1 0 0 -21 0 0 12 -43 48 -9 25 38 0 0 -38 21 -8 0 43 -22 0 -44 0 
30 0 0 26 0 0 -3 14 -34 0 0 0 18 0 18 0 18 0 -45 -32 4 0 -13 21 45 0 20 -40 -32 -16 -18 -23 0 25 0 -2 -41 0 0 0 32 0 0 0 -21 0 41 42 0 0 0 -49 9 0 5 -19 0 0 -49 2 -5 -43 0 -38 0 0 0 23 0 0 34 0 35 0 0 0 0 41 0 0 12 0 0 0 0 0 0 0 9 0 
0 -37 0 -14 -42 0 0 21 0 -10 36 -49 0 49 0 -11 0 0 -49 0 0 0 13 10 -45 -2 -26 0 0 7 0 49 0 14 -13 -45 0 -49 32 -12 0 0 0 -14 0 -40 0 -2 0 -9 0 0 -41 46 -2 0 0 21 0 17 0 36 0 34 -43 0 0 15 12 16 -43 0 0 0 0 0 -28 -43 -29 0 -21 0 0 0 0 39 7 3 0 -28 
0 6 -11 40 0 -35 3 0 48 -39 0 0 0 -1 0 -49 0 -16 -16 0 0 34 13 0 -37 -4 0 0 -2 0 -29 0 -42 -6 38 11 0 0 -16 0 -10 0 -21 0 -43 -44 36 -23 34 0 0 0 0 0 35 23 14 0 0 0 0 43 0 21 0 19 47 23 0 -46 -20 36 -37 -49 19 0 0 29 12 0 20 10 -39 0 -36 0 -32 6 1 28 
42 0 0 35 -37 0 21 22 -39 0 0 17 29 0 0 13 0 28 -16 -44 0 -21 0 23 0 0 13 -20 0 -23 42 33 0 0 0 0 0 0 43 0 17 0 0 -40 -44 0 37 0 -43 5 0 0 9 12 0 0 0 0 0 -27 0 36 0 24 20 0 0 0 -45 -6 0 36 0 -44 0 -29 0 0 -1 0 0 -6 32 27 0 -23 0 0 0 -5 
-13 0 -12 -18 -18 44 -33 0 -11 0 0 45 0 -23 23 40 0 0 0 0 0 0 0 28 12 21 -25 35 -39 0 45 45 -33 0 0 0 -46 0 49 0 28 -16 41 0 36 37 0 0 0 0 0 43 0 0 0 0 42 -26 -5 39 -45 -18 14 0 29 0 -12 6 0 0 39 0 0 0 0 -13 29 0 25 2 0 0 -47 17 31 20 0 -38 3 -32 
27 -23 0 37 -1 0 30 0 -26 0 -36 -22 -36 0 0 -31 0 0 6 0 0 -35 -41 0 -42 0 0 -18 0 0 -5 0 20 0 0 8 -6 39 0 32 0 0 42 -2 -23 0 0 -33 19 0 0 25 36 0 0 0 0 0 0 0 26 0 30 0 0 9 -19 43 19 0 -47 0 -49 0 0 0 0 0 47 16 0 0 0 -47 40 0 0 9 0 0 
4 -49 0 0 31 11 40 -42 0 -1 0 0 0 -8 0 0 0 0 0 0 -32 25 0 0 48 -36 -11 0 0 0 13 29 0 0 -9 36 0 -41 0 0 0 46 0 0 34 -43 0 19 0 0 0 0 0 19 0 0 0 0 35 0 -24 5 43 24 3 0 0 0 0 45 0 0 -11 -48 0 0 0 0 0 0 0 41 15 21 35 0 -46 -45 0 32 
33 0 -12 0 0 -4 -4 16 28 -8 -49 0 0 0 -18 0 17 -7 -7 9 0 0 0 12 0 0 42 18 0 -7 0 0 0 35 37 40 0 -44 0 0 13 -48 0 -9 0 5 0 0 0 0 0 0 0 0 0 38 0 -22 0 0 44 -47 -46 0 0 -33 -42 16 0 0 0 0 0 38 -39 0 -16 -24 -20 0 0 0 0 0 0 0 0 -14 13 0 
0 35 0 38 48 17 37 0 26 -32 0 19 -6 0 39 0 0 -23 45 14 33 -22 42 44 31 -43 0 -7 -12 0 0 13 0 20 0 0 0 41 -24 13 -31 0 0 0 0 0 0 0 0 0 0 0 0 2 0 0 11 23 0 0 0 24 -35 10 4 39 -40 -10 0 0 49 -2 0 0 32 -17 29 0 24 -11 0 -48 -27 0 0 -36 0 0 29 0 
25 12 -30 43 31 43 -7 0 29 0 4 0 10 -18 -24 0 0 34 0 0 0 -18 0 0 0 48 16 0 26 11 21 0 39 47 0 -30 -13 0 0 0 45 0 -49 0 0 0 43 25 0 0 0 45 0 0 -4 0 -36 3 0 0 -12 0 0 0 0 -33 16 0 0 -12 0 -38 -22 4 1 -33 2 -18 0 22 0 0 14 0 -1 0 0 0 -30 31 
-13 42 -30 0 0 0 0 -31 0 17 0 -8 29 23 0 49 31 -29 46 34 0 35 -10 -47 0 -41 0 44 -37 36 0 18 24 -35 38 0 0 0 -23 0 3 -40 9 -41 0 9 0 36 0 0 0 0 0 0 0 -19 -39 -1 2 18 0 39 -15 45 0 23 -3 0 -18 25 31 0 29 -39 0 0 23 0 0 -38 0 -44 0 -3 0 0 0 0 0 27 
0 0 -38 0 11 0 0 0 0 -7 -17 0 -32 0 0 10 36 -35 0 22 -38 0 0 0 0 44 0 0 8 0 39 -25 0 -17 0 0 -17 0 -2 -32 0 0 0 46 0 12 0 0 19 0 2 0 0 0 49 -2 -25 0 -14 25 0 -34 40 0 0 0 -35 0 17 0 0 0 0 0 0 0 0 -38 0 0 -35 13 8 0 -3 0 0 0 0 43 
43 -4 -18 0 0 0 0 -5 -30 0 0 0 -12 -14 0 0 0 0 0 38 8 0 7 0 0 0 0 0 -15 0 -24 0 0 0 8 0 0 0 0 28 0 0 5 -2 35 0 0 0 0 0 0 -4 0 49 0 -11 0 -26 -34 0 -46 0 0 0 -32 38 -44 0 0 30 0 0 0 0 0 -22 42 0 19 0 47 5 11 0 0 0 11 -7 0 0 
25 18 -39 24 0 7 0 36 14 29 0 0 29 -2 -41 -44 48 0 -35 -21 0 0 47 0 29 26 -14 0 49 0 0 -48 -39 0 49 0 -22 -26 -24 -33 38 0 -19 0 23 0 0 0 0 38 0 0 -19 -2 -11 -26 0 47 0 15 0 12 17 0 -14 -47 0 33 0 0 0 -10 0 -8 -25 0 -12 0 0 -44 -8 34 -19 0 0 18 0 43 22 29 
7 -5 0 18 0 -3 -48 0 -30 -39 -31 0 0 -34 0 0 0 0 0 0 1 -4 0 0 0 28 -30 33 0 0 -38 0 0 0 44 0 44 0 17 10 32 -25 0 0 14 0 42 0 0 0 11 -36 -39 -25 0 0 0 40 -34 0 0 7 0 0 11 0 0 11 0 41 -32 0 -44 0 -8 -41 49 -19 39 0 3 0 0 0 -40 -1 -4 -14 0 0 
0 0 -3 -28 -34 -36 0 -48 0 30 0 45 11 0 0 0 -26 0 0 -18 0 0 35 0 0 0 28 23 -44 0 0 13 0 0 15 -8 0 23 41 0 -42 0 0 21 0 0 -26 0 0 -22 23 3 -1 0 -26 47 40 -28 27 39 25 -40 0 4 -9 0 16 0 41 22 -16 0 0 0 32 0 0 0 0 0 -8 17 28 0 0 -13 0 -46 0 0 
0 0 0 -32 -4 -27 0 0 -5 0 0 26 43 49 -12 0 0 0 48 36 0 0 1 0 -29 0 0 26 -43 35 0 42 -39 0 -31 -5 -32 6 0 0 -11 0 -49 0 0 0 -5 0 35 0 0 0 2 -14 -34 0 -34 27 0 0 0 0 -34 34 0 -24 44 0 0 -16 0 3 0 0 21 0 16 0 21 -39 0 0 0 11 0 0 0 -7 0 0 
7 1 0 23 0 0 38 0 0 -45 -21 0 40 0 -30 0 0 -11 0 36 0 3 -14 0 23 0 0 0 1 -3 44 0 -35 0 0 -1 35 -14 -8 12 41 0 2 17 0 -27 39 0 0 0 0 0 18 25 0 15 0 39 0 0 0 -36 0 0 0 0 -7 0 12 0 3 -14 0 9 -21 0 0 -30 0 0 21 0 -11 -2 34 0 12 -23 0 0 
0 -27 16 -19 0 0 0 0 0 0 0 0 -34 0 -33 -10 0 -29 0 0 0 0 4 -25 -20 -23 35 0 0 0 0 0 0 10 0 0 20 -34 -6 0 -48 0 -5 0 0 0 -45 26 -24 44 0 -12 0 0 -46 0 0 25 0 0 33 0 0 0 12 -35 0 0 -30 -12 0 0 15 8 0 27 0 0 0 0 25 18 49 0 -8 0 0 0 0 0 
12 0 0 9 0 0 -11 0 49 0 0 0 40 0 -6 0 0 0 -5 -20 0 8 -41 28 32 0 -10 -43 0 -3 -9 0 6 0 0 1 0 13 0 0 0 0 -43 36 43 36 -18 0 5 -47 24 0 39 -34 0 12 7 -40 0 -36 0 0 0 0 0 28 -35 0 0 0 9 0 0 -37 0 8 49 0 0 0 -48 -40 11 -36 0 0 0 0 -12 39 
19 39 0 0 -13 0 -43 0 0 3 0 41 0 5 0 27 0 26 -34 0 -39 -43 0 0 -24 0 8 0 0 0 0 9 0 0 49 0 -39 0 -30 -32 0 -29 0 0 0 0 14 30 43 -46 -35 0 -15 40 0 17 0 0 -34 0 0 0 0 -8 0 -33 0 9 0 8 -48 0 -4 -21 0 0 8 7 -7 18 0 -16 -24 0 0 0 46 0 -47 0 
-39 24 0 0 0 0 0 0 0 -37 -1 38 0 0 0 17 41 11 0 0 0 -18 -19 0 0 -43 0 0 -46 0 0 -38 0 0 10 -27 0 0 -6 7 40 0 -38 34 21 24 0 0 24 0 10 0 45 0 0 0 0 4 34 0 0 0 -8 0 30 0 -11 43 0 0 -45 0 0 0 0 -22 0 -24 -46 0 0 -7 5 0 -33 0 0 -32 17 0 
0 39 0 -30 8 0 0 -43 2 2 0 0 37 0 0 0 0 0 0 0 0 0 -28 0 0 26 0 0 0 -32 0 -39 -15 31 0 -5 39 -34 0 0 0 -44 0 -43 0 20 29 0 3 0 4 0 0 0 -32 -14 11 -9 0 0 12 0 0 30 0 17 -43 42 0 29 20 0 0 0 0 -3 0 0 0 -4 0 0 49 45 0 -37 -16 0 0 -7 
0 0 42 11 0 0 25 35 30 3 -44 0 0 0 0 30 6 0 0 -7 32 -20 0 0 0 0 0 28 28 0 29 0 0 0 0 0 -46 0 0 0 0 0 0 0 19 0 0 9 0 -33 39 -33 23 0 38 -47 0 0 -24 0 -35 28 -33 0 17 0 0 0 -22 6 0 26 0 31 -14 0 -7 28 0 0 0 -31 -48 0 0 0 26 4 -25 0 
0 0 -24 14 0 -5 0 0 0 0 43 -17 -16 0 0 0 25 0 -10 0 -6 40 0 0 0 0 -37 0 39 -17 0 0 32 6 40 32 0 0 0 -19 0 -11 0 0 47 0 -12 -19 0 -42 -40 16 -3 -35 -44 0 0 16 44 -7 0 -35 0 -11 -43 0 0 0 15 32 0 0 32 38 0 0 0 17 21 -49 -36 0 -32 -16 -2 0 3 0 47 0 
0 0 0 4 -39 -22 -26 0 10 30 44 0 28 0 0 0 25 0 -7 0 0 0 0 0 0 0 -37 -22 0 0 -37 5 -39 0 0 0 -24 0 27 0 40 1 23 15 23 0 6 43 0 16 -10 0 0 0 0 33 11 0 0 0 0 0 9 43 42 0 0 0 0 -6 0 0 0 1 0 0 0 11 -34 0 -7 9 0 0 48 29 22 -24 -39 0 
0 0 4 0 -38 0 0 11 0 11 41 7 0 0 0 0 0 -39 0 -49 0 0 22 2 23 0 -37 0 18 0 0 -32 -39 0 0 0 0 0 0 6 0 0 0 12 0 -45 0 19 0 0 0 0 -18 17 0 0 0 41 0 12 -30 0 0 0 0 -22 15 0 -49 35 -8 -35 -34 0 37 0 -8 0 10 0 0 0 0 0 0 -39 0 0 26 0 
0 0 3 0 -47 -26 2 -44 0 -2 0 0 0 0 0 22 0 -14 0 -39 42 0 0 0 -39 0 0 0 0 -14 32 0 -8 0 28 0 9 0 0 0 -9 0 0 16 -46 -6 0 0 45 0 0 -12 25 0 30 0 41 22 -16 0 -12 0 8 0 29 6 32 -6 35 -35 0 0 0 0 -19 0 -14 0 45 -44 0 0 0 0 41 0 0 -23 25 -41 
0 -8 -17 -41 -23 0 0 15 0 -33 -17 0 -33 0 0 0 0 0 0 0 0 22 0 -32 -18 0 0 0 37 29 0 0 -11 0 0 43 24 -43 36 -33 33 -21 34 -43 -20 0 39 -47 0 0 49 0 31 0 0 0 -32 -16 0 3 0 9 -48 -45 20 0 0 0 -8 0 45 12 30 0 -42 0 30 0 0 6 0 3 0 36 27 0 0 1 0 0 
0 -41 0 0 -45 -19 15 0 6 -22 0 0 -23 0 -47 27 0 15 -44 25 0 -26 0 0 0 0 -8 0 -41 0 -26 0 -1 21 0 8 0 44 5 0 0 0 0 0 36 36 0 0 0 0 -2 -38 0 0 0 -10 0 0 3 -14 0 0 0 0 0 26 0 0 -35 0 12 -29 0 0 -32 0 0 0 38 0 0 -15 20 -21 0 0 0 0 28 -21 
-21 43 -38 -36 0 0 0 -33 35 16 17 0 0 35 0 -24 0 0 -29 -43 23 -27 0 36 0 0 0 0 0 31 -21 0 0 -14 12 -26 0 0 46 0 0 0 35 0 -37 0 0 -49 -11 0 0 -22 29 0 0 0 -44 0 0 0 15 0 -4 0 0 0 32 0 -34 0 30 0 38 4 -30 -38 0 0 20 35 37 0 -10 20 0 0 5 0 -24 0 
12 0 0 0 0 30 0 44 30 0 0 0 3 -31 0 25 0 -48 0 0 0 25 31 0 0 9 0 -18 28 0 0 -41 0 0 0 0 -3 0 45 28 0 12 0 0 -49 -44 0 0 -48 38 0 4 -39 0 0 -8 0 0 0 9 8 -37 -21 0 0 31 38 1 0 0 0 0 4 0 43 25 31 0 0 0 0 0 48 0 24 22 -29 0 0 -24 
38 0 0 34 -14 -18 0 0 -46 0 0 20 -10 0 -20 20 40 18 -31 0 0 33 0 0 -7 0 1 0 -43 23 0 0 0 0 -23 -5 0 0 -47 40 0 -43 0 0 19 0 0 0 0 -39 32 1 0 0 0 -25 -8 32 21 -21 0 0 0 0 0 -14 0 0 37 -19 -42 -32 -30 43 24 -46 5 0 18 0 0 -14 0 5 -42 -6 30 6 0 0 
-44 0 41 -36 0 46 -16 0 18 0 0 -22 0 0 -32 -19 -10 -15 -34 -2 0 28 -31 -5 15 0 37 0 8 2 18 -26 23 43 0 -3 -15 23 0 -26 8 48 0 0 0 -29 -13 0 0 0 -17 -33 0 0 -22 0 -41 0 0 0 27 8 0 -22 -3 0 0 0 0 0 0 0 -38 25 -46 0 0 0 -18 -7 0 0 0 0 0 0 0 0 0 13 
0 -31 20 -29 0 19 19 19 0 0 -49 1 0 0 0 36 0 0 -41 0 0 -46 11 -20 0 0 0 -9 4 -7 0 0 0 0 0 0 0 0 0 -41 0 -9 0 -28 0 0 29 0 0 -16 29 2 23 0 42 -12 49 0 16 0 0 49 8 0 0 -7 0 0 -8 -14 30 0 0 31 5 0 0 0 -34 0 -47 -31 0 28 0 -21 32 -38 0 0 
-12 0 0 0 0 0 -20 0 0 -41 37 0 -24 -31 0 0 15 -45 26 22 0 -6 0 48 28 0 0 0 0 0 37 0 0 -10 49 33 8 2 47 -16 0 25 41 -43 29 0 0 0 0 -24 0 -18 0 -38 0 0 -19 0 0 -30 0 0 7 -24 0 28 17 11 0 0 0 0 0 0 0 0 0 0 44 -7 0 0 0 0 0 0 0 0 0 47 
0 0 -16 0 -30 -47 34 13 44 0 38 41 -14 8 42 0 0 -9 -26 10 29 0 0 0 20 48 0 -37 0 37 -13 0 0 0 -19 0 -26 15 0 -7 0 38 0 -29 12 -1 25 47 0 -20 24 0 0 0 19 0 39 0 21 0 0 0 -7 -46 0 0 21 -34 10 45 0 38 20 0 18 -18 -34 44 34 0 16 6 26 0 37 13 0 -17 29 40 
-37 0 0 0 -38 4 0 0 32 0 -15 0 0 0 0 0 -28 8 0 0 0 39 0 18 -39 0 0 0 0 0 30 -21 2 44 0 0 7 -31 38 0 0 0 0 0 0 0 2 16 0 0 -11 22 -38 0 0 -44 0 0 -39 0 0 0 18 0 -4 0 -49 0 0 -44 6 0 35 0 0 -7 0 -7 0 0 0 -32 -48 0 3 0 0 0 0 -8 
29 -15 0 23 0 0 0 36 0 14 0 0 0 0 0 0 0 0 1 -12 -46 -14 0 0 0 25 -24 0 0 0 0 12 -18 15 0 0 9 31 19 0 0 0 12 -21 20 0 0 0 0 0 0 0 0 -35 47 -8 3 -8 0 21 25 -48 0 0 0 0 -36 -7 0 0 0 0 37 0 0 0 -47 0 16 0 47 0 -25 40 0 0 -23 -42 0 0 
0 0 -1 -40 0 0 0 -39 40 0 0 0 0 0 0 0 0 0 0 0 0 -38 0 0 0 31 15 0 33 0 0 -1 0 0 0 0 0 0 0 -32 41 -38 0 0 10 -6 0 0 41 0 -48 0 -44 13 5 34 0 17 0 0 18 -40 -16 -7 0 -31 0 9 0 0 3 -15 0 0 -14 0 -31 0 6 -32 0 -24 -9 -17 0 32 0 0 0 0 
-31 0 0 -44 -34 -37 0 16 0 0 10 0 0 0 7 0 -22 -12 0 -7 0 0 -10 -11 0 -26 -48 0 0 -46 0 47 0 -24 41 0 0 0 6 -32 0 21 0 0 -39 32 -47 0 15 0 -27 14 0 8 11 -19 0 28 0 -11 49 11 -24 5 49 -48 -32 0 0 0 0 20 -10 48 0 0 0 0 26 -48 -25 -9 0 -2 0 -38 -8 0 46 0 
-13 37 44 40 0 0 10 9 0 -44 -2 1 -45 -37 -9 0 30 0 0 -23 0 25 41 0 28 0 0 45 0 45 0 0 -21 35 0 0 0 0 30 0 0 -8 0 0 0 27 17 -47 21 0 0 0 -3 0 0 0 0 0 11 -2 0 -36 0 0 45 0 -16 0 0 0 36 -21 20 0 5 0 28 0 0 0 40 -17 -2 0 0 22 -2 0 0 26 
0 -18 47 -39 7 17 0 0 16 0 33 3 0 40 0 0 0 14 43 0 -43 0 30 0 0 -7 0 0 -23 33 0 5 30 6 -46 43 0 43 -4 0 -19 0 0 0 -36 0 31 40 35 0 0 -1 0 -3 0 0 -40 0 0 34 -8 0 0 -33 0 0 -2 48 0 41 27 0 0 24 -42 0 0 0 37 3 0 0 0 0 38 -41 0 0 0 0 
0 0 0 0 0 -44 -29 17 0 0 21 0 0 0 0 0 0 -13 0 0 0 2 4 0 -30 0 0 10 0 0 0 0 43 0 0 0 0 -38 0 1 0 43 0 39 0 -23 20 0 0 0 -36 0 0 0 0 18 -1 -13 0 0 0 0 0 0 -37 0 0 29 -39 0 0 0 0 22 -6 0 -21 0 13 0 0 32 -38 22 -41 34 -12 -15 29 0 
0 -27 2 0 0 0 0 7 16 -37 0 31 46 0 0 0 0 13 31 -14 14 0 1 -23 0 0 0 24 0 8 49 0 0 0 29 0 0 0 28 0 0 -22 0 7 -32 0 0 0 -46 0 0 0 0 0 11 0 -4 0 0 12 0 0 46 0 -16 26 3 22 0 0 0 0 5 -29 30 0 32 0 0 0 -23 0 -8 -2 0 -12 0 -23 25 0 
-40 0 -40 0 0 33 0 48 21 0 0 -4 -31 0 30 46 0 0 0 0 14 -4 0 49 0 9 41 0 0 0 0 -46 0 -23 0 0 0 0 -27 0 0 0 0 3 6 0 -38 9 -45 -14 0 0 0 0 -7 43 -14 -46 -7 -23 0 0 0 -32 0 4 0 -24 0 -23 1 0 0 0 6 0 -38 0 -17 0 -42 0 0 0 0 -15 -23 0 0 -9 
0 27 -21 -24 16 0 -18 0 0 0 0 16 9 0 0 26 0 0 -48 7 0 0 10 24 0 25 0 0 0 0 11 37 0 0 0 0 0 -31 25 0 0 -44 9 0 1 0 3 0 0 13 29 -30 0 0 0 22 0 0 0 0 0 -12 -47 17 0 -25 47 -39 26 25 0 28 -24 0 0 0 0 0 29 0 0 0 46 0 0 29 25 0 -26 11 
29 0 2 -45 -12 0 0 7 0 0 1 -23 -29 31 -4 0 0 0 0 0 0 0 0 0 16 46 48 0 -39 -22 -33 -45 0 14 8 6 0 -3 9 0 0 0 0 -28 28 -5 -32 0 32 0 0 31 27 43 0 29 0 0 0 0 0 39 0 0 -7 0 0 0 0 -41 0 -21 0 -24 0 13 0 47 40 -8 0 0 0 26 0 0 0 -9 11 9 
