70
0 0 -11 27 0 0 0 -43 0 23 0 22 0 -41 0 13 0 0 0 0 0 27 -7 6 -6 0 0 0 0 0 10 0 0 0 -36 0 0 0 17 0 17 45 0 0 -37 -33 0 0 0 0 0 0 -17 0 46 0 -1 0 48 -49 0 -27 0 -33 47 0 0 -42 5 0 
0 0 0 -32 0 25 0 -41 -37 0 41 0 6 0 0 0 0 -45 0 21 2 0 23 0 -20 42 14 0 -49 -6 1 0 0 46 0 -16 0 -41 0 19 35 0 0 0 15 0 7 23 19 -49 0 0 -41 0 0 0 1 0 0 0 3 -12 0 1 -8 43 0 0 0 0 
0 23 0 0 0 0 0 45 0 18 0 0 -35 -10 0 46 -41 0 -27 21 0 0 0 0 -20 -36 0 5 -17 0 0 -6 10 0 0 -33 0 0 -47 19 0 -23 -30 0 0 31 -39 0 0 0 0 0 -3 0 38 18 0 0 0 8 -9 0 47 -48 0 12 0 0 0 0 
0 0 0 17 0 0 22 -8 0 -16 0 36 -36 -5 -29 -1 18 0 0 0 0 32 32 0 30 0 0 -45 0 13 0 0 -32 -3 -44 0 25 -7 -30 0 0 0 -33 0 -16 23 0 0 0 7 0 0 3 0 0 -15 -4 -39 -27 0 0 0 25 0 0 0 -31 0 34 0 
-32 0 17 -18 0 0 0 16 -43 0 28 -8 -45 0 0 0 48 1 22 -48 -14 7 0 1 -12 0 0 0 0 0 -9 -26 0 0 0 5 36 -2 26 0 0 0 0 0 29 0 -25 0 -3 9 14 2 0 0 -19 0 -21 35 0 -8 -33 0 34 -16 0 42 8 0 -2 0 
0 0 0 0 -35 0 0 32 0 0 0 -11 -33 0 -19 34 5 0 0 0 33 0 0 0 -31 0 18 0 -25 -1 43 33 -45 -41 -24 0 -13 0 39 19 0 20 0 0 0 22 -23 0 0 0 30 0 0 3 0 0 0 0 0 0 0 40 -28 0 0 0 0 0 0 4 
25 0 0 0 0 0 20 43 0 -28 0 0 12 -7 -49 0 0 0 -35 0 0 0 -41 -3 0 0 0 0 -48 -10 0 -47 27 -2 0 39 0 0 0 12 0 0 0 -49 -1 0 -28 -46 39 0 -24 0 -46 0 0 0 0 0 0 0 0 -6 9 0 0 0 0 0 0 -25 
0 0 22 0 0 20 -36 39 0 0 -15 47 0 -43 0 0 0 0 18 -4 30 0 0 -5 0 32 -2 10 3 -37 0 0 -18 0 0 5 0 0 -37 -43 -17 0 -27 -31 18 -18 0 0 0 0 0 0 1 0 45 0 36 0 -40 0 40 11 0 -27 0 -8 4 0 0 0 
-41 45 -8 16 32 43 39 0 -22 -23 0 -7 -49 0 0 17 0 0 0 0 0 -2 0 0 -47 0 0 0 0 34 -43 -43 -5 1 0 0 0 0 -28 41 0 9 0 8 0 25 -20 28 0 0 0 0 0 0 0 0 -43 0 -24 39 -47 17 0 0 0 -6 7 -12 0 0 
-37 0 0 -43 0 0 0 -22 0 0 -20 0 47 0 0 0 0 0 0 18 -9 -27 0 -1 -25 11 48 -45 0 0 0 0 13 0 0 -31 0 0 -9 0 0 -24 35 0 -3 -25 25 0 0 0 -13 1 0 -48 0 17 0 -7 -42 -23 -8 0 3 -16 20 -19 0 0 0 0 
0 18 -16 0 0 -28 0 -23 0 12 0 0 37 0 -16 0 0 0 0 -19 0 -29 0 0 -2 -22 0 0 0 4 33 -1 0 0 35 -12 43 0 0 0 0 0 0 19 0 -41 21 -14 0 0 0 0 3 26 25 19 0 15 0 0 17 38 0 0 0 -33 -49 30 0 25 
41 0 0 28 0 0 -15 0 -20 0 44 0 -37 12 0 -20 0 0 -24 0 0 0 0 19 3 30 2 0 0 -4 -15 17 24 0 0 0 9 0 0 0 0 -45 0 2 0 0 1 -19 0 0 47 0 -30 -39 -24 -39 -46 -18 -28 0 0 29 -31 0 -2 0 0 -19 0 32 
0 0 36 -8 -11 0 47 -7 0 0 0 0 -10 0 17 0 29 0 0 12 -40 0 -49 24 40 -2 0 2 0 16 -25 0 0 29 0 -12 28 35 5 40 0 39 0 -17 4 -38 -24 7 0 28 -24 -21 0 0 0 0 9 0 0 5 -46 -20 0 29 0 0 2 0 0 0 
6 -35 -36 -45 -33 12 0 -49 47 37 -37 -10 0 -40 0 0 0 0 0 0 -43 38 0 0 0 0 0 -39 0 0 0 0 3 0 22 10 0 0 0 0 0 0 -10 -23 24 -9 0 -36 -18 -42 0 0 0 32 -3 0 0 -31 29 17 0 -7 42 -4 0 0 35 0 0 0 
0 -10 -5 0 0 -7 -43 0 0 0 12 0 -40 -36 0 22 1 0 25 0 9 -7 -45 -41 -19 0 -3 3 13 -7 0 0 -38 -15 48 -1 0 20 0 -23 -26 0 0 0 0 0 38 0 0 2 0 -10 0 0 39 -12 0 0 9 0 12 0 14 0 5 0 0 -35 0 0 
0 0 -29 0 -19 -49 0 0 0 -16 0 17 0 0 0 46 0 -25 9 0 -22 0 38 0 0 0 0 0 -39 -46 -42 0 -4 0 -22 0 0 0 -37 -32 0 -15 -39 0 0 -31 0 0 0 0 0 0 -29 0 0 0 33 -10 21 35 0 0 0 -41 0 28 -44 0 0 0 
0 46 -1 0 34 0 0 17 0 0 -20 0 0 22 46 0 -37 37 0 -48 0 0 -5 0 0 0 26 0 32 8 0 0 0 0 37 -8 0 -5 0 0 -47 0 0 0 -44 0 0 0 0 -27 27 0 31 43 48 -37 24 25 0 0 0 0 0 -3 0 0 19 0 35 0 
0 -41 18 48 5 0 0 0 0 0 0 29 0 1 0 -37 0 -46 33 9 0 -30 0 8 0 0 -34 5 8 0 38 0 0 0 -49 34 0 47 0 0 0 0 -45 8 0 0 0 0 0 0 -13 29 -37 -5 36 -32 -40 48 46 -44 0 0 0 -9 0 0 0 34 0 0 
-45 0 0 1 0 0 0 0 0 0 0 0 0 0 -25 37 -46 0 10 0 0 0 16 33 0 -21 0 20 29 0 -4 -49 0 0 0 44 -10 0 0 2 -25 23 0 -45 30 0 0 0 -5 0 0 23 0 37 41 0 0 0 0 0 48 0 7 0 -5 -20 -45 0 -15 0 
0 -27 0 22 0 -35 18 0 0 0 -24 0 0 25 9 0 33 10 0 -43 0 -20 0 11 0 0 0 0 11 -39 0 0 0 0 0 0 0 12 -5 26 -16 0 -40 -17 49 0 -9 0 -30 0 14 0 -8 32 45 -35 4 0 0 22 0 11 12 0 0 0 48 48 -14 0 
21 21 0 -48 0 0 -4 0 18 -19 0 12 0 0 0 -48 9 0 -43 0 0 0 -21 -28 -37 0 0 0 0 0 0 0 -41 -39 5 -4 0 0 35 -8 26 0 0 -32 0 0 0 0 0 11 0 14 -18 0 -23 0 44 21 21 -29 35 0 0 -30 -47 0 -37 -12 -17 -41 
2 0 0 -14 33 0 30 0 -9 0 0 -40 -43 9 -22 0 0 0 0 0 34 0 0 0 -15 38 -21 0 40 0 -6 -16 0 0 0 0 0 -48 -35 0 0 -2 0 0 44 0 0 -27 46 -19 0 -41 0 0 5 4 -6 -34 -4 0 0 -21 0 0 0 0 -13 0 0 0 
0 0 32 7 0 0 0 -2 -27 -29 0 0 38 -7 0 0 -30 0 -20 0 0 0 0 -7 0 -5 -40 0 0 23 -40 -12 -26 -33 0 0 0 0 0 0 0 0 9 14 23 25 21 0 0 0 30 -21 0 -27 0 30 0 0 0 0 44 22 -40 -23 0 0 -1 0 0 0 
23 0 32 0 0 -41 0 0 0 0 0 -49 0 -45 38 -5 0 16 0 -21 0 0 -15 2 0 -27 0 0 0 0 0 -12 0 0 -5 7 45 0 -25 0 -38 36 0 0 0 0 -41 0 -6 11 0 40 29 -6 0 0 0 25 0 0 0 0 41 0 0 0 0 37 0 -2 
0 0 0 1 0 -3 -5 0 -1 0 19 24 0 -41 0 0 8 33 11 -28 0 -7 2 -20 0 -2 0 -31 0 46 0 0 -19 0 -9 0 48 -47 -5 -5 36 0 28 0 0 27 0 -44 0 0 4 -5 0 0 0 0 -3 -40 0 0 0 0 0 -24 -20 -9 48 -36 29 -28 
-20 -20 30 -12 -31 0 0 -47 -25 -2 3 40 0 -19 0 0 0 0 0 -37 -15 0 0 0 -15 -40 0 -47 0 0 0 -42 -3 0 0 -26 12 0 0 -15 0 -1 0 0 0 0 -26 0 -7 0 0 -3 0 -41 0 0 -39 0 -16 0 0 0 23 0 0 0 -14 0 0 11 
42 -36 0 0 0 0 32 0 11 -22 30 -2 0 0 0 0 0 -21 0 0 38 -5 -27 -2 -40 0 0 0 14 0 28 6 36 -17 0 0 0 34 0 -8 34 -16 0 31 0 0 0 0 -43 20 -16 0 -1 0 39 0 -12 9 43 0 -21 0 8 6 23 0 0 0 0 0 
14 0 0 0 18 0 -2 0 48 0 2 0 0 -3 0 26 -34 0 0 0 -21 -40 0 0 0 0 47 0 0 47 -47 0 15 0 -22 0 0 -29 37 0 0 -29 0 0 0 0 0 0 0 -9 0 -46 13 0 8 0 0 43 0 4 0 0 -48 -12 23 -16 0 36 0 21 
0 5 -45 0 0 0 10 0 -45 0 0 2 -39 3 0 0 5 20 0 0 0 0 0 -31 -47 0 0 0 5 39 1 -9 0 0 0 21 0 26 0 28 -41 11 -25 13 0 0 -3 3 26 0 32 30 27 -23 26 0 0 0 14 0 0 -35 0 0 0 0 0 21 1 0 
-49 -17 0 0 -25 -48 3 0 0 0 0 0 0 13 -39 32 8 29 11 0 40 0 0 0 0 14 0 5 0 -13 0 0 0 0 0 0 44 0 0 0 0 -11 -12 0 11 -14 0 -40 35 0 0 -36 -2 0 3 0 0 0 0 0 0 0 0 0 -20 -15 0 10 13 0 
-6 0 13 0 -1 -10 -37 34 0 4 -4 16 0 -7 -46 8 0 0 -39 0 0 23 0 46 0 0 47 39 -13 0 -40 0 -14 0 0 -8 -31 0 0 -36 0 0 0 22 36 0 0 0 0 0 0 0 0 30 0 -18 0 0 0 29 38 -12 39 0 0 0 0 0 0 0 
1 0 0 -9 43 0 0 -43 0 33 -15 -25 0 0 -42 0 38 -4 0 0 -6 -40 0 0 0 28 -47 1 0 -40 0 -43 0 0 0 0 0 25 0 0 42 0 0 0 4 0 0 -5 0 49 -42 -3 0 25 0 0 0 0 0 0 0 31 31 -36 0 10 0 -11 16 0 
0 -6 0 -26 33 -47 0 -43 0 -1 17 0 0 0 0 0 0 -49 0 0 -16 -12 -12 0 -42 6 0 -9 0 0 -43 31 0 0 -15 0 26 -27 0 0 0 45 0 7 0 -43 -2 -31 38 0 0 13 -42 -20 -17 -34 0 34 0 16 0 -10 23 -21 -35 -30 -42 0 0 0 
0 10 -32 0 -45 27 -18 -5 13 0 24 0 3 -38 -4 0 0 0 0 -41 0 -26 0 -19 -3 36 15 0 0 -14 0 0 0 0 0 0 0 0 0 0 0 0 -15 -21 8 -19 37 -48 -11 8 0 -6 0 0 46 0 24 0 24 0 0 43 0 -11 0 -41 0 49 0 48 
46 0 -3 0 -41 -2 0 1 0 0 0 29 0 -15 0 0 0 0 0 -39 0 -33 0 0 0 -17 0 0 0 0 0 0 0 -2 0 0 0 -13 0 0 0 12 0 0 2 0 0 0 0 0 20 0 0 0 -22 0 -22 0 0 0 0 0 0 0 0 0 -12 -37 0 -23 
0 0 -44 0 -24 0 0 0 0 35 0 0 22 48 -22 37 -49 0 0 5 0 0 -5 -9 0 0 -22 0 0 0 0 -15 0 0 -44 -16 0 0 25 -21 0 0 -17 0 -49 -30 -4 0 0 24 0 -28 14 27 0 0 0 3 12 14 19 0 -38 0 -41 -6 0 -15 -10 0 
-16 -33 0 5 0 39 5 0 -31 -12 0 -12 10 -1 0 -8 34 44 0 -4 0 0 7 0 -26 0 0 21 0 -8 0 0 0 0 -16 -16 -16 0 0 12 -2 0 -21 -29 -29 44 0 23 0 -33 0 0 0 0 0 -1 0 -5 16 -2 0 0 -8 0 14 0 0 -2 0 -4 
0 0 25 36 -13 0 0 0 0 43 9 28 0 0 0 0 0 -10 0 0 0 0 45 48 12 0 0 0 44 -31 0 26 0 0 0 -16 0 0 0 -41 45 0 0 0 -42 -2 0 0 0 0 0 0 0 -47 0 -48 0 0 0 0 -6 0 0 0 0 0 -28 0 0 -44 
-41 0 -7 -2 0 0 0 0 0 0 0 35 0 20 0 -5 47 0 12 0 -48 0 0 -47 0 34 -29 26 0 0 25 -27 0 -13 0 0 0 0 -37 0 0 20 0 0 -5 -16 0 -4 0 0 0 -1 26 0 44 0 45 0 0 0 0 -6 -25 0 45 -21 0 2 -39 0 
0 -47 -30 26 39 0 -37 -28 -9 0 0 5 0 0 -37 0 0 0 -5 35 -35 0 -25 -5 0 0 37 0 0 0 0 0 0 0 25 0 0 -37 19 0 4 5 14 0 0 0 -45 0 0 0 0 8 0 -47 0 0 0 -36 0 0 5 0 0 0 0 43 0 -31 0 0 
19 19 0 0 19 12 -43 41 0 0 0 40 0 -23 -32 0 0 2 26 -8 0 0 0 -5 -15 -8 0 28 0 -36 0 0 0 0 -21 12 -41 0 0 2 -11 -18 -11 11 0 0 0 0 -12 0 0 -6 -12 45 44 -21 -48 37 -41 -2 -3 47 0 45 42 0 24 0 0 0 
35 0 0 0 0 0 -17 0 0 0 0 0 0 -26 0 -47 0 -25 -16 26 0 0 -38 36 0 34 0 -41 0 0 42 0 0 0 0 -2 45 0 4 -11 0 31 0 41 43 0 0 -4 0 0 0 0 0 0 37 0 0 46 0 -4 0 0 0 0 20 0 -42 -35 0 -6 
0 -23 0 0 20 0 0 9 -24 0 -45 39 0 0 -15 0 0 23 0 0 -2 0 36 0 -1 -16 -29 11 -11 0 0 45 0 12 0 0 0 20 5 -18 31 42 0 39 -46 0 0 28 0 45 0 0 20 -7 28 0 0 0 -14 -19 -31 0 0 5 -2 -40 0 0 25 4 
0 -30 -33 0 0 0 -27 0 35 0 0 0 -10 0 -39 0 -45 0 -40 0 0 9 0 28 0 0 0 -25 -12 0 0 0 -15 0 -17 -21 0 0 14 -11 0 0 44 0 0 41 0 11 0 14 30 39 49 -19 -3 0 0 -19 0 27 18 0 0 0 0 0 0 0 0 6 
0 0 0 0 0 -49 -31 8 0 19 2 -17 -23 0 0 0 8 -45 -17 -32 0 14 0 0 0 31 0 13 0 22 0 7 -21 0 0 -29 0 0 0 11 41 39 0 -42 34 0 0 0 0 0 0 0 32 8 12 -15 11 17 0 -33 -30 0 13 0 0 -15 23 0 0 17 
15 0 -16 29 0 -1 18 0 -3 0 0 4 24 0 0 -44 0 30 49 0 44 23 0 0 0 0 0 0 11 36 4 0 8 2 -49 -29 -42 -5 0 0 43 -46 0 34 0 0 0 -23 0 0 0 0 0 0 0 7 -46 35 0 -43 0 0 0 0 49 -33 17 0 0 0 
0 31 23 0 22 0 -18 25 -25 -41 0 -38 -9 0 -31 0 0 0 0 0 0 25 0 27 0 0 0 0 -14 0 0 -43 -19 0 -30 44 -2 -16 0 0 0 0 41 0 0 0 30 34 0 19 38 0 0 0 -36 49 -35 0 25 0 30 -39 -48 0 44 3 10 -18 -10 0 
7 -39 0 -25 -23 -28 0 -20 25 21 1 -24 0 38 0 0 0 0 -9 0 0 21 -41 0 -26 0 0 -3 0 0 0 -2 37 0 -4 0 0 0 -45 0 0 0 0 0 0 30 -28 -19 0 0 0 46 0 0 0 0 0 0 0 0 0 0 0 0 -32 0 18 -46 0 -39 
23 0 0 0 0 -46 0 28 0 -14 -19 7 -36 0 0 0 0 0 0 0 -27 0 0 -44 0 0 0 3 -40 0 -5 -31 -48 0 0 23 0 -4 0 0 -4 28 11 0 -23 34 -19 0 0 0 0 0 7 0 35 0 10 0 0 -25 -43 0 -36 25 22 0 40 0 -39 44 
19 0 0 -3 0 39 0 0 0 0 0 0 -18 0 0 0 0 -5 -30 0 46 0 -6 0 -7 -43 0 26 35 0 0 38 -11 0 0 0 0 0 0 -12 0 0 0 0 0 0 0 0 0 -47 0 -48 0 15 0 0 0 23 0 0 44 0 -12 -12 26 0 -14 -24 39 45 
-49 0 7 9 0 0 0 0 0 0 0 28 -42 2 0 -27 0 0 0 11 -19 0 11 0 0 20 -9 0 0 0 49 0 8 0 24 -33 0 0 0 0 0 45 14 0 0 19 0 0 -47 18 28 -27 0 0 0 0 0 0 29 0 6 0 17 0 48 -12 0 0 0 0 
0 0 0 14 30 -24 0 0 -13 0 47 -24 0 0 0 27 -13 0 14 0 0 30 0 4 0 -16 0 32 0 0 -42 0 0 20 0 0 0 0 0 0 0 0 30 0 0 38 0 0 0 28 44 0 -43 33 0 32 40 7 0 0 0 0 0 39 0 39 32 0 0 29 
0 0 0 2 0 0 0 0 1 0 0 -21 0 -10 0 0 29 23 0 14 -41 -21 40 -5 -3 0 -46 30 -36 0 -3 13 -6 0 -28 0 0 -1 8 -6 0 0 39 0 0 0 46 0 -48 -27 0 0 0 0 0 -17 0 16 0 0 0 0 0 5 0 0 -19 0 0 0 
-41 -3 3 0 0 -46 1 0 0 3 -30 0 0 0 -29 31 -37 0 -8 -18 0 0 29 0 0 -1 13 27 -2 0 0 -42 0 0 14 0 0 26 0 -12 0 20 49 32 0 0 0 7 0 0 -43 0 0 0 0 0 35 -12 40 31 -37 0 -43 0 0 -19 46 0 0 16 
0 0 0 0 3 0 0 0 -48 26 -39 0 32 0 0 43 -5 37 32 0 0 -27 -6 0 -41 0 0 -23 0 30 25 -20 0 0 27 0 -47 0 -47 45 0 -7 -19 8 0 0 0 0 15 0 33 0 0 0 18 -24 0 -40 27 -46 46 0 0 0 0 28 0 0 -31 0 
0 38 0 -19 0 0 45 0 0 25 -24 0 -3 39 0 48 36 41 45 -23 5 0 0 0 0 39 8 26 3 0 0 -17 46 -22 0 0 0 44 0 44 37 28 -3 12 0 -36 0 35 0 0 0 0 0 18 0 -36 49 0 0 -41 0 -24 0 0 0 0 0 0 0 -49 
0 18 -15 0 0 0 0 0 17 19 -39 0 0 -12 0 -37 -32 0 -35 0 4 30 0 0 0 0 0 0 0 -18 0 -34 0 0 0 -1 -48 0 0 -21 0 0 0 -15 7 49 0 0 0 0 32 -17 0 -24 -36 0 0 0 -37 -23 0 0 0 -13 21 -48 49 0 32 33 
1 0 -4 -21 0 0 36 -43 0 0 -46 9 0 0 33 24 -40 0 4 44 -6 0 0 -3 -39 -12 0 0 0 0 0 0 24 -22 0 0 0 45 0 -48 0 0 0 11 -46 -35 0 10 0 0 40 0 35 0 49 0 37 0 0 19 32 -7 25 32 0 0 -11 0 0 0 
0 0 -39 35 0 0 0 0 -7 15 -18 0 -31 0 -10 25 48 0 0 21 -34 0 25 -40 0 9 43 0 0 0 0 34 0 0 3 -5 0 0 -36 37 46 0 -19 17 35 0 0 0 23 0 7 16 -12 -40 0 0 0 -29 19 45 0 -14 17 43 0 0 0 -19 0 0 
0 0 -27 0 0 0 -40 -24 -42 0 -28 0 29 9 21 0 46 0 0 21 -4 0 0 0 -16 43 0 14 0 0 0 0 24 0 12 16 0 0 0 -41 0 -14 0 0 0 25 0 0 0 29 0 0 40 27 0 -37 0 19 34 31 -37 23 0 22 0 25 -20 -48 0 0 
0 8 0 -8 0 0 0 39 -23 0 0 5 17 0 35 0 -44 0 22 -29 0 0 0 0 0 0 4 0 0 29 0 16 0 0 14 -2 0 0 0 -2 -4 -19 27 -33 -43 0 0 -25 0 0 0 0 31 -46 -41 -23 19 45 31 -31 -15 0 0 43 0 0 -40 14 -16 0 
3 -9 0 -33 0 0 40 -47 -8 17 0 -46 0 12 0 0 0 48 0 35 0 44 0 0 0 -21 0 0 0 38 0 0 0 0 19 0 -6 0 5 -3 0 -31 18 -30 0 30 0 -43 44 6 0 0 -37 46 0 0 32 0 -37 -15 0 0 0 -15 0 0 -21 0 0 0 
-12 0 0 0 40 -6 11 17 0 38 29 -20 -7 0 0 0 0 0 11 0 -21 22 0 0 0 0 0 -35 0 -12 31 -10 43 0 0 0 0 -6 0 47 0 0 0 0 0 -39 0 0 0 0 0 0 0 0 -24 0 -7 -14 23 0 0 33 0 -13 0 -27 46 -35 0 0 
0 47 25 34 -28 9 0 0 3 0 -31 0 42 14 0 0 0 7 12 0 0 -40 41 0 23 8 -48 0 0 39 31 23 0 0 -38 -8 0 -25 0 0 0 0 0 13 0 -48 0 -36 -12 17 0 0 -43 0 0 0 25 17 0 0 0 0 0 0 -8 -43 0 0 0 -16 
1 -48 0 -16 0 0 -27 0 -16 0 0 29 -4 0 -41 -3 -9 0 0 -30 0 -23 0 -24 0 6 -12 0 0 0 -36 -21 -11 0 0 0 0 0 0 45 0 5 0 0 0 0 0 25 -12 0 39 5 0 0 0 -13 32 43 22 43 -15 -13 0 0 0 44 1 0 0 -1 
-8 0 0 0 0 0 0 0 20 0 -2 0 0 5 0 0 0 -5 0 -47 0 0 0 -20 0 23 23 0 -20 0 0 -35 0 0 -41 14 0 45 0 42 20 -2 0 0 49 44 -32 22 26 48 0 0 0 0 0 21 0 0 0 0 0 0 -8 0 0 0 0 0 -48 -44 
43 12 0 42 0 0 -8 -6 -19 -33 0 0 0 0 28 0 0 -20 0 0 0 0 0 -9 0 0 -16 0 -15 0 10 -30 -41 0 -6 0 0 -21 43 0 0 -40 0 -15 -33 3 0 0 0 -12 39 0 -19 28 0 -48 0 0 25 0 0 -27 -43 44 0 13 -22 -15 -1 -38 
0 0 -31 8 0 0 4 7 0 -49 0 2 35 0 -44 19 0 -45 48 -37 -13 -1 0 48 -14 0 0 0 0 0 0 -42 0 -12 0 0 -28 0 0 24 -42 0 0 23 17 10 18 40 -14 0 32 -19 46 0 0 49 -11 0 -20 -40 -21 46 0 1 0 -22 0 0 0 -35 
0 0 0 0 0 0 0 -12 0 30 -19 0 0 -35 0 0 34 0 48 -12 0 0 37 -36 0 0 36 21 10 0 -11 0 49 -37 -15 -2 0 2 -31 0 -35 0 0 0 0 -18 -46 0 -24 0 0 0 0 0 0 0 0 -19 -48 14 0 -35 0 0 0 -15 0 -2 0 -30 
0 0 34 -2 0 0 0 0 0 0 0 0 0 0 0 35 0 -15 -14 -17 0 0 0 29 0 0 0 1 13 0 16 0 0 0 -10 0 0 -39 0 0 0 25 0 0 0 -10 0 -39 39 0 0 0 0 -31 0 32 0 0 0 -16 0 0 0 0 -48 -1 0 0 0 0 
0 0 0 0 4 -25 0 0 0 25 32 0 0 0 0 0 0 0 0 -41 0 0 -2 -28 11 0 21 0 0 0 0 0 48 -23 0 -4 -44 0 0 0 -6 4 6 17 0 0 -39 44 45 0 29 0 16 0 -49 33 0 0 0 0 0 0 -16 -1 -44 -38 -35 -30 0 39 
