90
0 0 0 0 0 42 0 0 0 0 0 0 0 0 0 0 11 -29 12 -35 0 0 0 0 0 0 0 0 0 0 0 0 0 0 0 0 0 0 13 -30 0 0 46 -25 0 0 0 0 0 0 0 0 0 45 0 0 0 0 0 0 0 28 0 0 -4 0 0 0 0 0 0 0 0 0 0 0 0 28 -47 0 0 0 0 0 0 41 0 0 -40 -17 
0 0 0 0 0 0 0 -3 -6 0 28 0 -3 18 0 0 0 0 -18 1 0 0 0 0 41 0 0 14 43 -15 0 0 0 0 0 0 0 21 0 0 0 0 0 0 43 0 0 0 0 0 0 0 0 0 4 38 0 -46 0 33 -22 0 0 0 0 36 0 0 0 0 0 -4 0 28 0 0 0 22 0 0 0 0 0 5 0 0 0 15 0 0 
0 0 37 0 36 0 0 0 0 0 0 0 -30 0 0 -49 0 0 0 -13 0 0 0 0 40 0 0 0 0 0 0 29 0 0 0 0 0 -36 37 0 0 21 -49 0 0 0 0 0 0 0 0 0 0 0 0 22 0 0 0 0 22 0 0 0 0 0 42 0 40 0 0 -19 0 0 0 0 -19 0 0 0 42 43 0 -4 -4 0 0 0 6 0 
0 37 0 0 0 -22 0 0 0 0 0 0 -33 0 0 17 29 0 47 0 0 0 0 0 -42 0 0 0 -38 -36 0 -10 0 0 2 0 0 0 0 0 0 0 0 0 0 0 0 0 -34 0 0 0 0 0 0 0 0 -43 0 38 0 -17 0 0 0 29 0 0 0 0 32 0 0 0 -11 0 0 0 0 -27 0 0 0 0 0 0 0 0 0 0 
0 0 0 0 0 0 0 0 0 0 0 0 0 -20 0 0 0 0 0 0 0 5 0 0 0 0 -39 -41 0 0 38 0 6 0 0 0 0 0 -17 0 -23 0 0 0 0 0 0 0 0 0 0 0 -18 0 0 0 -7 0 0 0 0 0 0 0 0 0 0 -47 0 0 42 -15 0 0 0 0 -31 -40 48 0 0 0 31 0 0 0 18 0 0 0 
0 36 0 0 0 0 0 4 0 0 -7 -11 36 5 0 0 0 -34 0 0 0 0 43 -32 0 0 0 0 26 0 0 0 0 0 0 -27 0 0 0 0 0 0 0 35 -3 -28 0 0 17 0 0 8 0 0 0 0 0 -23 0 0 -35 0 0 0 0 0 0 0 -46 0 36 0 0 0 0 0 0 0 -20 0 0 0 0 0 0 0 13 0 0 0 
0 0 -22 0 0 0 0 0 -24 0 4 0 0 40 -12 0 -48 0 0 4 -7 0 -26 1 -33 0 0 0 0 0 0 0 48 48 0 0 -9 0 0 0 -39 0 -3 0 0 -26 0 -37 0 0 0 0 4 0 0 0 0 0 0 0 0 0 31 0 25 0 0 0 0 0 0 0 0 0 0 0 -49 -33 0 0 0 -32 -16 0 0 -35 0 40 0 16 
0 0 0 0 0 0 0 0 39 0 0 0 43 0 0 0 5 -15 0 0 22 0 -47 0 0 0 0 0 28 0 0 0 0 0 26 0 -37 0 -16 0 -35 0 0 0 0 -16 0 8 0 0 0 0 0 0 0 0 -33 0 0 0 0 0 0 0 0 0 -7 0 0 41 0 0 0 0 -17 0 0 0 0 40 0 0 0 0 -28 0 0 40 0 0 
-3 0 0 0 4 0 0 0 0 0 0 0 0 -12 0 0 -14 4 -29 0 0 0 0 6 49 0 0 0 0 -39 -2 -40 0 -23 0 0 0 -13 0 0 0 0 0 0 0 0 -23 0 27 0 -11 0 25 0 9 0 0 0 1 -19 0 0 0 0 0 0 -17 0 0 0 0 0 0 0 0 0 33 0 0 0 -12 0 0 18 0 24 -35 0 0 -9 
-6 0 0 0 0 -24 39 0 0 0 0 -30 0 0 26 0 8 0 0 0 -10 0 0 0 0 0 0 0 0 0 0 0 0 0 0 0 0 0 0 -32 0 -30 0 0 0 49 0 -14 0 0 -49 0 0 0 33 37 -19 0 0 0 0 0 -18 0 0 0 0 -49 0 0 0 0 0 0 0 -12 0 0 0 0 0 0 0 0 42 0 0 0 -11 47 
0 0 0 0 0 0 0 0 0 -32 0 0 0 3 0 0 0 0 0 17 0 0 0 0 0 0 -37 0 0 31 -15 19 0 0 0 0 0 0 0 0 0 0 0 0 0 0 0 0 -16 0 33 49 0 0 0 0 39 0 40 0 0 -28 0 0 0 0 0 0 0 0 0 0 0 8 0 45 0 -11 0 -25 0 -24 0 0 0 0 0 0 0 0 
28 0 0 0 -7 4 0 0 0 0 42 0 0 0 0 -45 0 0 0 0 0 0 0 -33 9 39 0 0 0 0 0 0 0 -1 0 0 0 0 0 0 0 0 0 -34 0 -31 0 0 0 0 0 0 -18 0 0 38 0 48 0 13 0 0 0 0 0 0 0 0 28 0 0 0 -22 0 0 0 0 0 0 0 0 0 0 0 0 0 0 0 0 34 
0 0 0 0 -11 0 0 0 -30 0 0 0 0 0 0 0 0 0 0 0 0 -47 0 0 0 0 0 -34 0 0 0 0 0 0 0 0 0 0 0 0 -16 0 -28 0 -26 36 0 0 47 0 0 0 0 0 18 49 0 0 0 3 32 0 0 0 0 0 0 46 0 0 0 0 0 -37 0 31 0 -20 -24 -8 0 0 13 0 0 0 0 0 40 0 
-3 -30 -33 0 36 0 43 0 0 0 0 0 0 0 0 0 0 0 0 0 0 -23 -1 0 0 0 0 0 -49 -14 0 0 0 0 -40 0 -7 0 -31 21 0 0 33 0 0 0 0 0 0 0 49 -40 -29 0 0 0 43 0 0 0 0 0 2 -4 0 0 0 0 0 0 0 28 27 0 0 0 0 0 17 0 0 0 0 0 0 0 18 0 0 0 
18 0 0 -20 5 40 0 -12 0 3 0 0 0 0 0 0 0 0 0 0 0 0 0 -46 0 12 0 0 16 -31 -1 0 0 49 0 0 0 0 0 -23 0 0 0 2 0 -9 0 0 0 0 40 0 0 0 0 -48 0 0 0 32 0 0 0 27 0 0 0 0 0 24 0 1 0 0 0 0 0 0 0 0 0 0 0 48 0 0 0 -19 0 0 
0 0 0 0 0 -12 0 0 26 0 0 0 0 0 0 35 0 0 33 0 0 0 -35 0 0 0 0 -25 0 0 0 0 0 0 0 4 42 0 0 -8 8 45 37 0 0 0 0 0 0 0 0 0 0 0 0 0 -4 28 0 0 37 0 0 0 -14 23 15 0 -49 0 36 42 0 -41 0 0 10 0 -47 0 -39 -6 0 0 28 -16 -11 0 0 -6 
0 -49 17 0 0 0 0 0 0 0 -45 0 0 0 35 -16 0 17 0 0 -27 0 -43 0 0 -12 0 0 -45 0 0 0 0 1 0 0 -11 0 0 0 0 0 0 0 20 0 11 0 -14 0 0 0 0 -32 27 0 0 -35 0 0 0 0 0 49 0 0 0 0 -16 0 0 0 0 0 0 0 0 0 0 0 0 35 0 0 0 0 28 0 -8 0 
0 0 29 0 0 -48 5 -14 8 0 0 0 0 0 0 0 19 0 -7 0 0 0 0 0 0 0 0 -7 0 0 0 0 0 -32 0 0 33 0 0 -7 -45 0 0 0 0 0 0 31 0 -3 0 0 46 0 0 0 0 0 0 -40 0 0 8 0 0 0 0 0 -14 0 10 0 -43 0 0 0 0 0 6 0 0 0 0 0 0 0 0 5 0 -40 
0 0 0 0 -34 0 -15 4 0 0 0 0 0 0 0 17 0 0 0 0 -4 0 0 11 0 0 0 0 0 0 0 0 0 -47 0 0 0 -42 0 0 -14 0 0 0 0 0 0 0 0 0 0 8 0 0 -25 0 0 0 0 0 0 0 0 0 -46 0 0 0 -46 0 0 0 0 8 0 0 0 0 21 -8 0 0 0 0 0 0 0 0 0 2 
-18 0 47 0 0 0 0 -29 0 0 0 0 0 0 33 0 -7 0 0 0 2 0 0 0 -4 0 0 -10 19 0 0 0 0 0 0 0 0 0 0 0 0 0 0 0 0 0 -7 -44 7 0 0 0 0 36 0 0 0 0 0 -48 0 0 0 0 0 0 0 0 12 0 0 0 0 0 0 0 49 0 0 -14 0 0 0 14 0 0 0 10 0 0 
1 -13 0 0 0 4 0 0 0 17 0 0 0 0 0 0 0 0 0 0 49 0 0 0 0 0 0 0 17 -33 0 0 0 0 0 -30 -49 0 0 0 34 0 0 0 0 0 0 0 0 0 0 0 0 0 0 0 -8 0 0 0 -17 0 0 41 35 0 -2 0 0 -24 0 0 30 0 0 -24 0 11 0 0 0 0 0 0 38 42 0 0 0 0 
0 0 0 0 0 -7 22 0 -10 0 0 0 0 0 0 -27 0 -4 2 49 0 6 0 0 0 0 0 0 0 0 0 0 40 21 0 -39 0 0 0 22 0 0 0 18 0 0 0 0 0 0 0 0 -9 0 -32 22 0 0 29 24 0 0 0 0 4 0 0 0 0 0 0 0 0 28 -9 0 0 0 38 0 0 0 19 0 0 0 0 0 0 0 
0 0 0 5 0 0 0 0 0 0 0 -47 -23 0 0 0 0 0 0 0 6 0 21 26 26 0 0 9 -49 0 0 0 0 0 0 0 30 0 -22 0 6 0 -49 0 0 9 0 0 8 0 31 0 0 8 0 0 -6 -15 0 0 -7 0 0 0 0 -33 0 0 0 0 0 0 0 -21 -37 43 0 0 0 20 0 -11 17 0 0 0 0 0 0 -7 
0 0 0 0 43 -26 -47 0 0 0 0 0 -1 0 -35 -43 0 0 0 0 0 21 0 0 0 0 0 0 0 -42 0 0 44 0 -17 -34 -43 0 0 0 0 -42 37 0 0 -26 0 0 0 0 9 0 0 0 0 32 0 0 11 27 0 0 0 0 0 0 11 -13 -11 0 42 0 0 0 14 -27 0 4 0 0 0 0 0 0 0 0 0 0 19 0 
0 0 0 0 -32 1 0 6 0 0 -33 0 0 -46 0 0 0 11 0 0 0 26 0 -25 0 0 0 0 0 0 0 0 33 0 0 0 0 9 9 0 0 -23 0 0 33 0 0 3 0 0 0 0 -16 0 0 0 0 0 -25 0 0 0 0 0 0 0 0 0 0 0 0 0 26 0 0 0 0 0 0 0 0 0 0 -30 0 0 -13 0 0 24 
41 40 -42 0 0 -33 0 49 0 0 9 0 0 0 0 0 0 0 -4 0 0 26 0 0 0 -27 21 0 -29 -8 0 0 3 0 0 0 0 -12 0 0 0 0 26 0 0 0 0 0 0 0 -46 44 0 0 0 0 0 0 4 41 0 0 0 0 0 -45 0 -44 0 0 0 0 0 0 0 0 -2 0 0 -42 0 0 0 0 0 0 0 0 0 7 
0 0 0 0 0 0 0 0 0 0 39 0 0 12 0 -12 0 0 0 0 0 0 0 0 -27 2 0 0 0 0 22 0 -40 0 0 0 0 0 -25 -23 0 0 33 0 0 27 0 40 30 -21 0 0 0 0 0 0 4 -33 0 0 0 0 4 0 38 0 0 0 -8 0 0 0 -28 0 0 0 8 0 0 0 0 -31 0 0 0 0 0 27 0 0 
0 0 0 -39 0 0 0 0 0 -37 0 0 0 0 0 0 0 0 0 0 0 0 0 0 21 0 0 0 0 0 0 0 0 0 0 5 0 8 0 0 -30 0 0 0 0 0 0 -27 -44 0 1 0 -34 0 0 0 0 9 0 0 0 31 0 0 0 0 0 0 11 0 0 -47 0 0 0 0 7 0 -8 0 -12 0 4 0 0 -41 -38 5 0 0 
14 0 0 -41 0 0 0 0 0 0 0 -34 0 0 -25 0 -7 0 -10 0 0 9 0 0 0 0 0 0 0 0 0 0 0 -15 0 0 0 0 0 0 0 -31 0 0 0 0 0 0 0 16 16 0 0 0 -1 0 0 -46 0 0 0 0 0 -25 -46 0 0 0 -23 -39 0 0 0 0 0 5 1 0 -40 0 0 0 -19 0 0 0 23 -14 5 0 
43 0 -38 0 26 0 28 0 0 0 0 0 -49 16 0 -45 0 0 19 17 0 -49 0 0 -29 0 0 0 0 -19 0 0 0 -49 0 0 0 0 0 0 0 0 -24 47 0 0 0 0 0 0 0 0 0 0 0 0 -46 0 0 0 0 0 -27 0 0 0 22 0 22 26 0 1 0 0 0 0 12 32 0 0 0 0 0 0 0 0 0 -4 47 0 
-15 0 -36 0 0 0 0 -39 0 31 0 0 -14 -31 0 0 0 0 0 -33 0 0 -42 0 -8 0 0 0 -19 0 0 0 0 1 0 0 0 43 0 0 0 0 48 0 0 0 0 0 0 0 5 0 0 0 0 0 -15 0 12 0 0 0 0 0 0 0 -39 0 0 0 0 0 -47 0 0 0 0 0 0 0 0 46 0 0 19 0 0 0 0 0 
0 0 0 38 0 0 0 -2 0 -15 0 0 0 -1 0 0 0 0 0 0 0 0 0 0 0 22 0 0 0 0 0 -42 0 0 0 -11 0 0 -2 0 30 0 0 -12 3 4 -44 29 0 -8 -22 -24 0 0 0 0 0 0 30 0 0 47 0 0 0 40 0 0 0 14 0 0 41 0 40 0 0 0 37 0 0 0 0 20 0 0 0 0 0 0 
0 29 -10 0 0 0 0 -40 0 19 0 0 0 0 0 0 0 0 0 0 0 0 0 0 0 0 0 0 0 0 -42 -25 0 0 0 0 0 38 0 0 0 0 0 0 0 0 0 0 0 0 0 0 0 0 -34 0 0 0 0 0 0 0 0 0 0 -7 0 -36 0 0 0 -12 0 0 0 0 -7 0 0 0 -33 0 0 0 0 0 0 -45 31 -46 
0 0 0 6 0 48 0 0 0 0 0 0 0 0 0 0 0 0 0 0 40 0 44 33 3 -40 0 0 0 0 0 0 8 0 0 0 0 0 0 0 41 0 0 0 0 0 1 0 45 -29 25 0 0 0 0 27 0 0 -13 0 7 0 0 0 0 0 0 0 -35 0 0 0 0 0 0 47 0 16 -15 -3 0 0 1 47 38 8 0 0 0 0 
0 0 0 0 0 48 0 -23 0 0 -1 0 0 49 0 1 -32 -47 0 0 21 0 0 0 0 0 0 -15 -49 1 0 0 0 0 0 0 0 0 -6 24 -3 0 0 0 0 0 44 0 0 0 10 0 0 0 14 0 0 0 0 0 0 0 0 0 0 0 0 0 0 -40 0 0 33 0 0 0 0 0 0 0 0 0 0 0 0 0 0 0 0 -40 
0 0 2 0 0 0 26 0 0 0 0 0 -40 0 0 0 0 0 0 0 0 0 -17 0 0 0 0 0 0 0 0 0 0 0 0 25 0 0 0 0 0 46 0 0 0 0 0 0 20 0 0 0 0 -40 0 0 0 -34 0 0 0 0 0 -19 0 37 0 0 44 0 0 40 0 0 0 0 0 0 -13 0 0 0 0 0 0 0 0 21 0 0 
0 0 0 0 -27 0 0 0 0 0 0 0 0 0 4 0 0 0 0 -30 -39 0 -34 0 0 0 5 0 0 0 -11 0 0 0 25 0 0 0 0 -30 -25 0 0 -7 22 0 0 0 -13 0 0 0 0 0 0 0 0 0 0 0 0 0 0 0 0 0 0 7 -16 41 0 35 0 0 0 0 0 0 32 0 0 0 0 0 0 0 0 0 0 0 
0 0 0 0 0 -9 -37 0 0 0 0 0 -7 0 42 -11 33 0 0 -49 0 30 -43 0 0 0 0 0 0 0 0 0 0 0 0 0 0 -34 0 29 14 -5 0 0 0 0 0 0 0 -10 0 0 -17 -35 0 0 0 0 0 0 0 0 0 0 0 0 0 34 0 -27 -37 0 0 -40 -27 0 -30 0 0 0 9 0 0 0 0 47 0 0 0 0 
21 -36 0 0 0 0 0 -13 0 0 0 0 0 0 0 0 0 -42 0 0 0 0 0 9 -12 0 8 0 0 43 0 38 0 0 0 0 -34 -23 0 0 0 -39 0 0 0 0 28 0 0 -7 -7 -5 0 0 0 -9 0 15 0 -8 0 0 0 0 0 0 0 0 0 0 0 0 0 0 0 0 12 0 0 0 0 0 0 0 0 16 0 -40 0 0 
0 37 0 -17 0 0 -16 0 0 0 0 0 -31 0 0 0 0 0 0 0 0 -22 0 9 0 -25 0 0 0 0 -2 0 0 -6 0 0 0 0 0 0 0 27 0 0 0 0 4 -39 0 0 0 0 -27 0 0 0 0 0 0 0 0 0 0 13 0 0 0 14 14 -48 -4 33 0 0 0 0 -23 0 0 0 0 0 0 -18 0 0 0 0 0 0 
0 0 0 0 0 0 0 0 -32 0 0 0 21 -23 -8 0 -7 0 0 0 22 0 0 0 0 -23 0 0 0 0 0 0 0 24 0 -30 29 0 0 0 0 0 0 0 0 36 0 0 -27 0 -13 0 0 0 -3 0 -42 0 0 0 0 0 0 0 0 0 0 0 0 -15 0 0 0 0 0 0 0 0 0 0 0 15 0 23 0 0 -4 0 0 0 
0 0 0 -23 0 -39 -35 0 0 0 0 -16 0 0 8 0 -45 -14 0 34 0 6 0 0 0 0 -30 0 0 0 30 0 41 -3 0 -25 14 0 0 0 0 0 0 0 0 0 15 0 -44 34 -2 -24 0 0 -22 -43 0 0 0 14 34 0 0 0 0 0 0 0 0 0 0 0 0 0 -4 0 0 0 0 -29 43 0 5 0 0 0 0 0 0 -39 
0 21 0 0 0 0 0 0 -30 0 0 0 0 0 45 0 0 0 0 0 0 0 -42 -23 0 0 0 -31 0 0 0 0 0 0 46 0 -5 -39 27 0 0 0 0 0 0 0 39 0 0 0 0 0 0 46 0 0 0 -44 0 -13 0 -19 6 0 0 16 0 0 -41 0 0 0 28 0 0 0 0 0 0 -3 0 0 0 0 0 -27 -46 0 0 0 
0 -49 0 0 0 -3 0 0 0 0 0 -28 33 0 37 0 0 0 0 0 0 -49 37 0 26 33 0 0 -24 48 0 0 0 0 0 0 0 0 0 0 0 0 0 36 0 3 0 -41 0 0 0 0 0 26 0 -18 23 0 0 0 0 0 0 0 -44 0 0 -9 0 0 0 0 0 0 33 0 27 0 0 29 0 0 0 0 15 0 -34 0 -14 10 
0 0 0 0 35 0 0 0 0 0 -34 0 0 2 0 0 0 0 0 0 18 0 0 0 0 0 0 0 47 0 -12 0 0 0 0 -7 0 0 0 0 0 0 36 0 0 32 0 0 0 0 -12 -31 0 0 0 0 45 0 0 0 0 27 0 0 0 0 0 0 -41 0 0 0 0 0 30 0 -3 0 0 0 0 0 0 -9 0 10 0 0 -33 0 
43 0 0 0 -3 0 0 0 0 0 0 -26 0 0 0 20 0 0 0 0 0 0 0 33 0 0 0 0 0 0 3 0 0 0 0 22 0 0 0 0 0 0 0 0 0 0 0 0 0 0 0 0 0 0 0 0 -4 0 0 0 0 0 39 23 0 0 0 0 0 46 0 0 -17 0 0 0 0 0 38 0 0 0 -24 0 0 0 0 0 0 0 
0 0 0 0 -28 -26 -16 0 49 0 -31 36 0 -9 0 0 0 0 0 0 0 9 -26 0 0 27 0 0 0 0 4 0 0 0 0 0 0 0 0 36 0 0 3 32 0 0 0 25 0 27 37 0 0 0 0 0 13 0 0 0 0 0 0 5 0 0 0 0 0 0 0 4 -49 0 0 41 15 0 0 0 0 0 0 0 0 -22 0 -28 -15 0 
0 0 0 0 0 0 0 -23 0 0 0 0 0 0 0 11 0 0 -7 0 0 0 0 0 0 0 0 0 0 0 -44 0 1 44 0 0 0 28 4 0 15 39 0 0 0 0 0 0 -32 0 0 0 0 0 0 46 1 0 0 0 0 25 0 -30 0 0 0 -22 -46 0 0 -5 0 0 45 0 -18 0 10 0 -17 0 0 0 0 -38 0 0 0 0 
0 0 0 0 0 -37 8 0 -14 0 0 0 0 0 0 0 31 0 -44 0 0 0 0 3 0 40 -27 0 0 0 29 0 0 0 0 0 0 0 -39 0 0 0 -41 0 0 25 0 0 11 -10 0 0 0 0 0 0 0 0 0 0 0 0 0 40 0 0 0 0 23 6 -34 -10 0 0 0 0 0 -27 37 0 0 0 0 0 0 0 0 0 0 0 
0 0 -34 0 17 0 0 27 0 -16 0 47 0 0 0 -14 0 0 7 0 0 8 0 0 0 30 -44 0 0 0 0 0 45 0 20 -13 0 0 0 -27 -44 0 0 0 0 0 -32 11 0 -7 17 -17 -17 0 0 0 0 0 0 0 34 0 0 -45 0 0 0 0 0 0 0 0 0 0 0 0 0 0 0 0 0 -14 0 27 0 0 0 0 0 0 
0 0 0 0 0 0 0 0 0 0 0 0 0 0 0 0 -3 0 0 0 0 0 0 0 0 -21 0 16 0 0 -8 0 -29 0 0 0 -10 -7 0 0 34 0 0 0 0 27 0 -10 -7 0 22 0 0 0 -1 20 0 0 0 0 0 0 0 -29 46 0 0 0 0 13 0 0 -28 0 -11 0 -12 0 0 0 0 0 20 17 0 0 0 0 0 0 
0 0 0 0 0 0 0 -11 -49 33 0 0 49 40 0 0 0 0 0 0 0 31 9 0 -46 0 1 16 0 5 -22 0 25 10 0 0 0 -7 0 -13 -2 0 0 -12 0 37 0 0 17 22 0 0 0 7 0 0 0 0 30 -28 19 42 0 0 0 0 -2 0 -25 0 0 0 0 0 0 0 -30 -12 0 0 0 0 0 -32 0 0 -23 0 0 -35 
0 0 0 0 8 0 0 0 0 49 0 0 -40 0 0 0 0 8 0 0 0 0 0 0 44 0 0 0 0 0 -24 0 0 0 0 0 0 -5 0 0 -24 0 0 -31 0 0 0 0 -17 0 0 0 0 0 0 0 0 18 0 0 0 0 0 -9 0 18 0 0 0 0 0 0 0 0 15 0 0 32 0 0 0 0 0 0 -20 0 0 0 -26 0 
0 0 0 -18 0 4 0 25 0 0 -18 0 -29 0 0 0 46 0 0 0 -9 0 0 -16 0 0 -34 0 0 0 0 0 0 0 0 0 -17 0 -27 0 0 0 0 0 0 0 0 0 -17 0 0 0 0 0 0 0 0 0 0 0 47 0 0 0 0 -39 0 0 0 0 0 0 0 0 0 0 -31 40 0 -5 0 18 0 0 14 0 0 0 0 0 
0 0 0 0 0 0 0 0 0 0 0 0 0 0 0 -32 0 0 36 0 0 8 0 0 0 0 0 0 0 0 0 0 0 0 -40 0 -35 0 0 0 0 46 26 0 0 0 0 0 0 0 7 0 0 0 0 0 -3 -46 19 0 0 -11 0 0 0 0 0 0 0 0 0 44 0 28 0 0 0 0 0 0 0 0 0 0 0 0 0 0 0 0 
4 0 0 0 0 0 0 9 33 0 0 18 0 0 0 27 0 -25 0 0 -32 0 0 0 0 0 0 -1 0 0 0 -34 0 14 0 0 0 0 0 -3 -22 0 0 0 0 0 0 0 0 -1 0 0 0 0 0 28 0 0 0 34 0 -46 0 0 0 15 -21 0 41 0 0 0 0 0 0 0 0 0 0 0 0 0 39 0 0 0 0 0 0 0 
38 22 0 0 0 0 0 0 37 0 38 49 0 -48 0 0 0 0 0 0 22 0 32 0 0 0 0 0 0 0 0 0 27 0 0 0 0 -9 0 0 -43 0 -18 0 0 0 46 0 0 20 0 0 0 0 28 0 -14 0 -28 10 0 0 0 0 0 0 -26 -36 44 0 0 0 0 0 0 0 0 0 0 0 27 0 0 0 0 0 0 0 -10 0 
0 0 0 -7 0 0 -33 0 -19 39 0 0 43 0 -4 0 0 0 0 -8 0 -6 0 0 0 4 0 0 -46 -15 0 0 0 0 0 0 0 0 0 -42 0 0 23 45 -4 13 1 0 0 0 0 0 0 -3 0 -14 0 0 0 0 0 0 0 39 10 0 14 -43 0 0 0 0 0 27 29 -19 0 0 -12 36 0 -26 0 0 0 -13 -17 0 -23 -2 
-46 0 -43 0 -23 0 0 0 0 0 48 0 0 0 28 -35 0 0 0 0 0 -15 0 0 0 -33 9 -46 0 0 0 0 0 0 -34 0 0 15 0 0 0 -44 0 0 0 0 0 0 0 0 0 18 0 -46 0 0 0 23 28 0 20 0 0 0 0 0 0 0 -40 0 0 0 0 23 0 0 0 0 12 40 0 -49 23 0 0 0 43 0 0 14 
0 0 0 0 0 0 0 1 0 40 0 0 0 0 0 0 0 0 0 0 29 0 11 -25 4 0 0 0 0 12 30 0 -13 0 0 0 0 0 0 0 0 0 0 0 0 0 0 0 0 0 30 0 0 19 0 -28 0 28 38 0 49 -14 0 41 0 -28 10 0 0 0 0 0 -43 0 0 0 0 0 0 26 -40 0 -31 0 0 0 0 8 0 0 
33 0 38 0 0 0 0 -19 0 0 13 3 0 32 0 0 -40 0 -48 0 24 0 27 0 41 0 0 0 0 0 0 0 0 0 0 0 0 -8 0 0 14 -13 0 0 0 0 0 0 0 0 -28 0 0 0 34 10 0 0 0 0 18 0 30 0 0 0 0 0 0 0 0 0 43 -10 0 0 0 0 0 0 0 0 0 0 0 -20 0 -28 0 0 
-22 22 0 0 -35 0 0 0 0 0 0 32 0 0 37 0 0 0 0 -17 0 -7 0 0 0 0 0 0 0 0 0 0 7 0 0 0 0 0 0 0 34 0 0 0 0 0 0 0 34 0 19 0 47 0 0 0 0 20 49 18 0 0 0 -4 0 0 0 0 0 0 -19 0 0 0 0 0 -45 0 -30 -42 0 0 0 0 0 0 0 -15 0 0 
0 0 -17 0 0 0 0 0 0 -28 0 0 0 0 0 0 0 0 0 0 0 0 0 0 0 0 31 0 0 0 47 0 0 0 0 0 0 0 0 0 0 -19 0 27 0 0 25 0 0 0 42 0 0 -11 -46 0 0 0 -14 0 0 0 0 0 22 0 0 0 0 0 0 0 -35 -27 0 0 0 0 0 0 -37 0 33 0 -10 0 0 -29 34 -19 
0 0 0 0 0 31 0 0 -18 0 0 0 2 0 0 0 8 0 0 0 0 0 0 0 0 4 0 0 -27 0 0 0 0 0 0 0 0 0 0 0 0 6 0 0 39 0 0 0 0 0 0 0 0 0 0 0 0 0 0 30 0 0 48 0 -32 0 0 0 0 -19 0 0 0 0 -20 0 0 0 0 0 0 0 0 0 0 0 0 -18 0 0 
0 0 0 0 0 0 0 0 0 0 0 0 -4 27 0 49 0 0 0 41 0 0 0 0 0 0 0 -25 0 0 0 0 0 0 -19 0 0 0 13 0 0 0 0 0 23 5 -30 40 -45 -29 0 -9 0 0 0 0 39 0 41 0 -4 0 0 0 43 0 0 -19 39 -18 0 0 0 0 0 0 0 0 0 0 22 0 0 0 0 0 0 0 0 -14 
0 0 0 0 0 25 0 0 0 0 0 0 0 0 -14 0 0 -46 0 35 4 0 0 0 0 38 0 -46 0 0 0 0 0 0 0 0 0 0 0 0 0 0 -44 0 0 0 0 0 0 46 0 0 0 0 0 0 10 0 0 0 0 22 -32 43 0 -42 0 0 -48 40 0 0 0 0 -10 0 0 0 0 0 0 23 -40 23 -41 0 -3 -35 -47 7 
36 0 29 0 0 0 0 0 0 0 0 0 0 0 23 0 0 0 0 0 0 -33 0 0 -45 0 0 0 0 0 40 -7 0 0 37 0 0 0 0 0 0 16 0 0 0 0 0 0 0 0 0 18 -39 0 15 0 0 0 -28 0 0 0 0 0 -42 -43 0 -48 0 0 0 0 35 40 0 0 0 0 0 0 3 -23 43 0 0 0 0 0 -6 49 
0 42 0 0 0 0 -7 -17 0 0 0 0 0 0 15 0 0 0 0 -2 0 0 11 0 0 0 0 0 22 -39 0 0 0 0 0 0 0 0 0 0 0 0 0 0 0 0 0 0 0 0 -2 0 0 0 -21 -26 14 0 10 0 0 0 0 0 0 0 -15 24 0 0 0 0 -38 0 0 17 0 0 -40 0 14 0 0 0 0 0 0 -39 0 2 
0 0 0 -47 0 0 0 0 -49 0 0 46 0 0 0 0 0 0 0 0 0 0 -13 0 -44 0 0 0 0 0 0 -36 0 0 0 7 34 0 14 0 0 0 -9 0 0 0 -22 0 0 0 0 0 0 0 0 -36 -43 0 0 0 0 0 0 -19 0 -48 24 0 -11 0 -43 0 0 0 0 -48 0 0 0 32 0 0 0 0 -26 0 0 0 0 0 
0 40 0 0 -46 0 0 0 0 0 28 0 0 0 -49 -16 -14 -46 12 0 0 0 -11 0 0 -8 11 -23 22 0 0 0 -35 0 44 -16 0 0 14 0 0 -41 0 -41 0 0 -46 23 0 0 -25 0 0 0 41 44 0 -40 0 0 0 0 0 39 -48 0 0 -11 0 0 0 0 0 -15 0 0 0 0 25 0 0 0 0 0 -48 0 -24 0 0 0 
0 0 0 0 0 0 41 0 0 0 0 0 0 24 0 0 0 0 0 -24 0 0 0 0 0 0 0 -39 26 0 14 0 0 -40 0 41 -27 0 -48 -15 0 0 0 0 46 0 0 6 0 13 0 0 0 0 0 0 0 0 0 0 0 0 -19 -18 40 0 0 0 0 -42 0 0 0 0 0 23 0 -2 -5 -3 -4 0 0 0 -40 0 0 0 0 0 
0 0 32 42 36 0 0 0 0 0 0 0 0 0 36 0 10 0 0 0 0 0 42 0 0 0 0 0 0 0 0 0 0 0 0 0 -37 0 -4 0 0 0 0 0 0 0 0 -34 0 0 0 0 0 0 0 0 0 0 0 0 -19 0 0 0 0 0 0 -43 0 0 41 0 0 0 0 0 0 2 0 0 -15 0 -49 32 0 0 0 46 0 0 
-4 -19 0 -15 0 0 0 0 0 0 0 0 28 1 42 0 0 0 0 0 0 0 0 0 0 0 -47 0 1 0 0 -12 0 0 40 35 0 0 33 0 0 0 0 0 0 4 -5 -10 0 0 0 0 0 44 0 0 0 0 0 0 0 0 0 0 0 0 0 0 0 0 0 0 0 -14 0 0 0 -43 0 0 0 0 0 -26 -30 0 0 0 0 0 
0 0 0 0 0 0 0 0 0 0 -22 0 27 0 0 0 -43 0 0 30 0 0 0 26 0 -28 0 0 0 -47 41 0 0 33 0 0 0 0 0 0 0 28 0 0 -17 -49 0 0 0 -28 0 0 0 0 0 0 0 0 -43 43 0 -35 0 0 0 35 -38 0 0 0 0 0 18 0 0 0 0 0 0 0 22 -13 0 0 0 0 22 0 0 0 
28 0 0 0 0 0 0 0 0 8 0 -37 0 0 -41 0 0 8 0 0 28 -21 0 0 0 0 0 0 0 0 0 0 0 0 0 0 -40 0 0 0 0 0 0 0 0 0 0 0 0 0 0 0 0 28 0 0 27 23 0 -10 0 -27 0 0 0 40 0 0 -15 0 0 -14 0 0 1 -41 0 0 0 0 0 -39 -13 26 0 0 -47 0 0 0 
0 0 -11 0 0 0 -17 0 0 0 0 0 0 0 0 0 0 0 0 0 -9 -37 14 0 0 0 0 0 0 0 40 0 0 0 0 0 -27 0 0 0 -4 0 33 30 0 0 45 0 0 -11 0 15 0 0 0 0 29 0 0 0 0 0 -20 0 -10 0 0 0 0 0 0 0 0 1 -17 0 31 0 0 0 0 -4 44 0 0 0 0 0 0 0 
0 0 0 0 0 0 0 0 -12 45 0 31 0 0 0 0 0 0 0 -24 0 43 -27 0 0 0 0 5 0 0 0 0 47 0 0 0 0 0 0 0 0 0 0 0 0 41 0 0 0 0 0 0 0 0 0 0 -19 0 0 0 0 0 0 0 0 0 17 -48 0 23 0 0 0 -41 0 36 0 0 0 47 0 0 -31 43 0 0 0 43 0 0 
0 -19 0 -31 0 -49 0 33 0 0 0 0 0 0 10 0 0 0 49 0 0 0 0 0 -2 8 7 1 12 0 0 -7 0 0 0 0 -30 12 -23 0 0 0 27 -3 0 15 -18 0 0 -12 -30 0 -31 0 0 0 0 0 0 0 -45 0 0 0 0 0 0 0 0 0 0 0 0 0 31 0 0 0 0 0 -43 0 0 0 -29 46 0 0 0 25 
22 0 0 -40 0 -33 0 0 0 -11 0 -20 0 0 0 0 0 0 0 11 0 0 4 0 0 0 0 0 32 0 0 0 16 0 0 0 0 0 0 0 0 0 0 0 0 0 0 -27 0 0 -12 32 40 0 0 0 0 0 0 0 0 0 0 0 0 0 0 0 0 -2 2 -43 0 0 0 0 0 0 0 0 0 39 0 0 0 -15 0 30 0 -13 
0 0 0 48 -20 0 0 0 0 0 0 -24 17 0 -47 0 6 21 0 0 38 0 0 0 0 0 -8 -40 0 0 37 0 -15 0 -13 32 0 0 0 0 0 0 0 0 38 0 10 37 0 0 0 0 0 0 0 0 -12 12 0 0 -30 0 0 0 0 0 -40 0 25 -5 0 0 0 0 0 0 0 0 0 0 -41 -17 0 0 0 0 0 8 0 0 
0 0 -27 0 0 0 40 0 0 -25 0 -8 0 0 0 0 0 -8 -14 0 0 20 0 0 -42 0 0 0 0 0 0 0 -3 0 0 0 0 0 0 0 -29 -3 29 0 0 0 0 0 0 0 0 0 -5 0 0 0 36 40 26 0 -42 0 0 0 0 0 0 32 0 -3 0 0 0 0 0 47 0 0 0 0 0 0 -44 0 9 0 0 0 0 0 
0 42 0 0 0 0 0 -12 0 0 0 0 0 0 -39 0 0 0 0 0 0 0 0 0 0 0 -12 0 0 0 0 -33 0 0 0 0 9 0 0 0 43 0 0 0 0 0 -17 0 0 0 0 0 0 0 0 27 0 0 -40 0 0 -37 0 22 0 3 14 0 0 -4 -15 0 22 0 0 0 -43 0 -41 0 0 0 36 -36 0 0 0 0 0 12 
0 43 0 0 0 -32 0 0 0 -24 0 0 0 0 -6 35 0 0 0 0 0 -11 0 0 0 -31 0 0 0 46 0 0 0 0 0 0 0 0 0 15 0 0 0 0 0 0 0 0 -14 0 0 0 18 0 0 0 -26 -49 0 0 0 0 0 0 23 -23 0 0 0 0 0 0 -13 -39 -4 0 0 39 -17 0 0 0 0 0 0 42 0 0 0 0 
0 0 0 31 0 -16 0 0 0 0 0 13 0 0 0 0 0 0 0 0 19 17 0 0 0 0 4 -19 0 0 0 0 1 0 0 0 0 0 0 0 5 0 0 0 -24 0 0 0 0 20 0 0 0 0 39 0 0 23 -31 0 0 33 0 0 -40 43 0 0 0 0 -49 0 0 -13 44 -31 0 0 0 -44 36 0 0 0 0 -7 -46 -32 0 0 
5 -4 0 0 0 0 0 18 0 0 0 0 0 48 0 0 0 0 14 0 0 0 0 -30 0 0 0 0 0 0 20 0 47 0 0 0 0 0 -18 23 0 0 0 -9 0 0 0 0 27 17 -32 0 0 0 0 0 0 0 0 0 0 0 0 0 23 0 0 0 0 0 32 -26 0 26 0 43 0 0 0 0 -36 0 0 0 0 0 0 0 4 0 
0 -4 0 0 0 0 -28 0 42 0 0 0 0 0 28 0 0 0 0 38 0 0 0 0 0 0 0 0 0 19 0 0 38 0 0 0 0 0 0 0 0 0 15 0 0 0 0 0 0 0 0 -20 14 0 0 0 0 0 0 0 0 -10 0 0 -41 0 0 -26 -48 -40 0 -30 0 0 0 0 -29 0 0 9 0 0 0 0 0 0 0 0 0 0 
0 0 0 0 0 -35 0 24 0 0 0 0 0 0 -16 0 0 0 0 42 0 0 0 0 0 0 -41 0 0 0 0 0 8 0 0 0 47 16 0 0 0 -27 0 10 0 -22 -38 0 0 0 0 0 0 0 0 0 -13 0 0 -20 0 0 0 0 0 0 0 0 0 0 0 0 0 0 0 0 46 -15 0 0 0 42 -7 0 0 -10 -25 0 0 0 
0 0 0 18 13 0 0 -35 0 0 0 0 18 0 -11 28 0 0 0 0 0 0 0 -13 0 0 -38 23 0 0 0 0 0 0 0 0 0 0 0 -4 0 -46 -34 0 0 0 0 0 0 0 -23 0 0 0 0 0 -17 43 0 0 0 0 0 0 -3 0 0 0 -24 0 0 0 22 -47 0 0 0 0 0 0 0 0 -46 0 0 -25 -42 0 -17 0 
15 0 0 0 0 40 40 0 0 0 0 0 0 -19 0 0 5 0 10 0 0 0 0 0 0 27 5 -14 -4 0 0 -45 0 0 21 0 0 -40 0 0 0 0 0 0 0 -28 0 0 0 0 0 0 0 0 0 0 0 0 8 -28 -15 -29 -18 0 -35 0 -39 0 0 0 46 0 0 0 0 43 0 30 8 0 0 0 -32 0 0 0 0 0 0 0 
0 6 0 0 0 0 0 0 -11 0 0 40 0 0 0 -8 0 0 0 0 0 0 19 0 0 0 0 5 47 0 0 31 0 0 0 0 0 0 0 0 0 0 -14 -33 0 -15 0 0 0 0 0 -26 0 0 0 -10 -23 0 0 0 0 34 0 0 -47 -6 0 0 0 0 0 0 0 0 0 0 0 0 0 0 0 0 0 4 0 0 -17 0 1 0 
0 0 0 0 0 16 0 -9 47 0 34 0 0 0 -6 0 -40 2 0 0 0 -7 0 24 7 0 0 0 0 0 0 -46 0 -40 0 0 0 0 0 0 -39 0 10 0 0 0 0 0 0 0 -35 0 0 0 0 0 -2 14 0 0 0 -19 0 -14 7 49 2 0 0 0 0 0 0 0 0 0 25 -13 0 0 12 0 0 0 0 0 0 0 0 0 
