100
0 0 0 0 0 42 0 0 0 0 0 0 0 0 0 0 11 -29 12 -35 0 0 0 0 0 0 0 0 0 0 0 0 0 0 0 0 0 0 13 -30 0 0 46 -25 0 0 0 0 0 0 0 0 0 45 0 0 0 0 0 0 0 28 0 0 -4 0 0 0 0 0 0 0 0 0 0 0 0 28 -47 0 0 0 0 0 0 41 0 0 -40 -17 0 0 0 0 0 0 0 -3 -6 0 
28 0 -3 18 0 0 0 0 -18 1 0 0 0 0 41 0 0 14 43 -15 0 0 0 0 0 0 0 21 0 0 0 0 0 0 43 0 0 0 0 0 0 0 0 0 4 38 0 -46 0 33 -22 0 0 0 0 36 0 0 0 0 0 -4 0 28 0 0 0 22 0 0 0 0 0 5 0 0 0 15 0 0 0 37 0 36 0 0 0 0 0 0 0 -30 0 0 -49 0 0 0 -13 0 
0 0 0 0 40 0 0 0 0 0 0 29 0 0 0 0 0 -36 37 0 0 21 -49 0 0 0 0 0 0 0 0 0 0 0 0 22 0 0 0 0 22 0 0 0 0 0 42 0 40 0 0 -19 0 0 0 0 -19 0 0 0 42 43 0 -4 -4 0 0 0 6 0 0 0 0 -22 0 0 0 0 0 0 -33 0 0 17 29 0 47 0 0 0 0 0 -42 0 0 0 -38 -36 0 -10 
-3 0 0 0 2 0 0 0 0 0 0 0 0 0 0 0 0 0 -34 0 0 0 0 0 0 0 0 -43 0 38 0 -17 0 0 0 29 0 0 0 0 32 0 0 0 -11 0 0 0 0 -27 0 0 0 0 0 0 0 0 0 0 0 0 0 0 0 0 0 0 0 0 -20 0 0 0 0 0 0 0 5 0 0 0 0 -39 -41 0 0 38 0 6 0 0 0 0 0 -17 0 -23 0 0 
18 0 0 0 0 0 0 0 0 0 0 0 -18 0 0 0 -7 0 0 0 0 0 0 0 0 0 0 -47 0 0 42 -15 0 0 0 0 -31 -40 48 0 0 0 31 0 0 0 18 0 0 0 0 0 0 4 0 0 -7 -11 36 5 0 0 0 -34 0 0 0 0 43 -32 0 0 0 0 26 0 0 0 0 0 0 -27 0 0 0 0 0 0 0 35 -3 -28 0 0 17 0 0 8 0 0 
0 40 2 0 0 0 0 -23 0 0 -35 0 0 0 0 0 0 0 -46 0 36 0 0 0 0 0 0 0 -20 0 0 0 0 0 0 0 13 0 0 0 0 0 0 -24 0 4 0 0 40 -12 0 -48 0 0 4 -7 0 -26 1 -33 0 0 0 0 0 0 0 48 48 0 0 -9 0 0 0 -39 0 -3 0 0 -26 0 -37 0 0 0 0 4 0 0 0 0 0 0 0 0 0 31 0 25 
0 0 0 0 0 0 0 0 0 0 0 0 0 0 0 0 -49 -33 0 0 0 -32 -16 0 0 -35 0 40 0 16 0 0 39 0 0 0 43 0 0 0 5 -15 0 0 22 0 -47 0 0 0 0 0 28 0 0 0 0 0 26 0 -37 0 -16 0 -35 0 0 0 0 -16 0 8 0 0 0 0 0 0 0 0 -33 0 0 0 0 0 0 0 0 0 -7 0 0 41 0 0 0 0 -17 0 
0 0 0 0 0 0 0 0 0 40 0 0 0 0 -28 0 0 40 0 0 0 0 0 0 0 0 -12 0 0 -14 4 -29 0 0 0 0 6 49 0 0 0 0 -39 -2 -40 0 -23 0 0 0 -13 0 0 0 0 0 0 0 0 -23 0 27 0 -11 0 25 0 9 0 0 0 1 -19 0 0 0 0 0 0 -17 0 0 0 0 0 0 0 0 0 33 0 0 0 -12 0 0 18 0 24 -35 
0 0 0 0 -23 0 0 0 0 -9 0 0 0 -30 0 0 26 0 8 0 0 0 -10 0 0 0 0 0 0 0 0 0 0 0 0 0 0 0 0 0 0 -32 0 -30 0 0 0 49 0 -14 0 0 -49 0 0 0 33 37 -19 0 0 0 0 0 -18 0 0 0 0 -49 0 0 0 0 0 0 0 -12 0 0 0 0 0 0 0 0 42 0 0 0 -11 47 -32 0 0 0 3 0 0 0 
-18 0 0 0 0 0 0 0 0 0 17 0 0 0 0 0 0 -37 0 0 31 -15 19 0 0 0 0 0 0 0 0 0 0 0 0 0 0 0 0 -16 0 33 49 0 0 0 0 39 0 40 0 0 -28 0 0 0 0 0 0 0 0 0 0 0 8 0 45 0 -11 0 -25 0 -24 0 0 0 0 0 0 0 0 42 0 0 0 0 -45 0 0 0 0 0 0 0 -33 9 39 0 0 0 
1 0 0 0 0 0 40 -9 0 0 0 0 0 -1 0 0 0 0 0 0 0 0 0 -34 0 -31 0 0 0 0 0 0 -18 0 0 38 0 48 0 13 0 0 0 0 0 0 0 0 28 0 0 0 -22 0 0 0 0 0 0 0 0 0 0 0 0 0 0 0 0 34 0 0 0 0 0 0 0 0 0 0 -47 0 0 0 0 0 -34 0 0 0 0 0 0 0 0 0 0 0 0 -16 
0 0 0 0 -35 0 0 0 17 0 0 -28 0 -26 36 0 0 47 0 0 0 0 0 18 49 0 0 0 3 32 0 0 0 0 0 0 46 0 0 0 0 0 -37 0 31 0 -20 -24 -8 0 0 13 0 0 0 0 0 40 0 0 0 0 0 0 0 0 0 0 -23 -1 0 0 0 0 0 -49 -14 0 0 0 0 -40 0 -7 0 -31 21 0 0 33 0 0 0 0 0 0 0 49 -40 -29 
0 29 0 0 0 0 0 0 0 0 -28 0 0 0 43 0 0 0 0 0 2 -4 0 0 0 0 0 0 0 28 27 0 0 0 0 0 17 0 0 0 0 0 0 0 18 0 0 0 0 0 0 0 0 0 0 0 0 0 -46 0 12 0 0 16 -31 -1 0 0 49 0 0 0 0 0 -23 0 0 0 2 0 -9 0 0 0 0 40 0 0 0 0 -48 0 0 0 32 0 0 0 27 0 
0 0 0 -18 0 0 0 0 0 0 0 0 0 0 0 0 24 0 1 0 0 0 0 0 0 0 0 0 0 0 48 0 0 0 -19 0 0 0 35 0 0 33 0 0 0 -35 0 0 0 0 -25 0 0 0 0 0 0 0 4 42 0 0 -8 8 45 37 0 0 0 0 0 0 0 0 0 0 0 0 0 -4 28 0 0 37 0 0 0 -14 23 15 0 -49 0 36 42 0 -41 0 0 10 
0 0 0 0 0 0 0 -30 0 -1 -26 0 0 0 -47 0 -39 -6 0 0 28 -16 -11 0 0 -6 -16 0 17 0 0 -27 0 -43 0 0 -12 0 0 -45 0 0 0 0 1 0 0 -11 0 0 0 0 0 0 0 20 0 11 0 -14 0 0 0 0 -32 27 0 0 -35 0 0 0 0 0 49 0 0 0 0 -16 0 0 0 0 0 0 0 0 0 0 0 0 35 0 0 0 0 28 0 -8 
41 0 0 0 0 0 -28 0 0 0 36 43 0 -47 0 19 0 -7 0 0 0 0 0 0 0 0 -7 0 0 0 0 0 -32 0 0 33 0 0 -7 -45 0 0 0 0 0 0 31 0 -3 0 0 46 0 0 0 0 0 0 -40 0 0 8 0 0 0 0 0 -14 0 10 0 -43 0 0 0 0 0 6 0 0 0 0 0 0 0 0 5 0 -40 0 0 0 -4 0 0 11 0 0 0 0 
0 0 0 0 0 0 0 0 0 0 0 0 0 0 19 0 0 0 0 0 -47 0 0 0 -42 0 0 -14 0 0 0 0 0 0 0 0 0 0 8 0 0 -25 0 0 0 0 0 0 0 0 0 -46 0 0 0 -46 0 0 0 0 8 0 0 0 0 21 -8 0 0 0 0 0 0 0 0 0 2 0 0 2 0 0 0 -4 0 0 -10 19 0 0 0 0 0 0 0 0 0 0 0 0 
0 0 0 -7 0 -49 0 26 0 0 0 0 24 -39 0 0 0 0 0 0 0 -7 -44 7 0 0 0 0 36 0 0 0 0 0 -48 0 0 0 0 0 0 0 0 12 0 0 0 0 0 0 0 49 0 0 -14 0 0 0 14 0 0 0 10 0 0 0 49 0 0 0 0 0 0 0 17 -33 0 0 0 0 0 -30 -49 0 0 0 34 0 0 0 0 0 0 0 0 0 0 0 0 0 
14 -36 0 0 0 -33 40 0 -37 0 47 0 0 -6 -7 0 0 0 0 -8 0 0 0 -17 0 0 41 35 0 -2 0 0 -24 0 0 30 0 0 -24 0 11 0 0 0 0 0 0 38 42 0 0 0 0 0 6 0 0 0 0 0 0 0 0 0 0 40 21 0 -39 0 0 0 22 0 0 0 18 0 0 0 0 0 0 0 0 -9 0 -32 22 0 0 29 24 0 0 0 0 4 0 0 
43 37 -34 0 -46 0 0 8 0 0 0 0 1 0 0 0 0 0 0 0 0 0 0 0 28 -9 0 0 0 38 0 0 0 19 0 0 0 0 0 0 0 0 21 26 26 0 0 9 -49 0 0 0 0 0 0 0 30 0 -22 0 6 0 -49 0 0 9 0 0 8 0 31 0 0 8 0 0 -6 -15 0 0 -7 0 0 0 0 -33 0 0 0 0 0 0 0 -21 -37 43 0 0 0 20 
-15 0 0 0 0 0 0 0 0 0 0 0 0 0 0 0 0 -8 0 0 -11 17 0 0 0 0 0 0 -7 0 0 0 0 0 0 0 -42 0 0 44 0 -17 -34 -43 0 0 0 0 -42 37 0 0 -26 0 0 0 0 9 0 0 0 0 32 0 0 11 27 0 0 0 0 0 0 11 -13 -11 0 42 0 0 0 14 -27 0 4 0 0 0 0 0 0 0 0 0 0 19 0 -25 0 0 
0 0 0 0 36 0 0 0 31 0 0 2 0 28 0 -47 0 0 0 -11 0 0 0 0 0 0 33 0 0 0 0 9 9 0 0 -23 0 0 33 0 0 3 0 0 0 0 -16 0 0 0 0 0 -25 0 0 0 0 0 0 0 0 0 0 0 0 0 26 0 0 0 0 0 0 0 0 0 0 -30 0 0 -13 0 0 24 0 -27 21 0 -29 -8 0 0 3 0 0 0 0 -12 0 0 
0 21 0 0 0 -32 0 0 -15 0 0 -4 0 -16 0 0 -7 0 0 17 0 0 0 26 0 0 0 0 0 0 0 -46 44 0 0 0 0 0 0 4 41 0 0 0 0 0 -45 0 -44 0 0 0 0 0 0 0 0 -2 0 0 -42 0 0 0 0 0 0 0 0 0 7 2 0 0 0 0 22 0 -40 0 0 0 0 0 -25 -23 0 0 33 0 0 27 0 40 30 -21 0 0 0 0 
0 -49 0 0 0 -16 0 -10 19 0 0 0 0 -11 0 0 -44 0 0 0 0 0 0 0 4 -33 0 0 0 0 4 0 38 0 0 0 -8 0 0 0 -28 0 0 0 8 0 0 0 0 -31 0 0 0 0 0 27 0 0 0 0 0 0 0 0 0 0 0 5 0 8 0 0 -30 0 0 0 0 0 0 -27 -44 0 1 0 -34 0 0 0 0 9 0 0 0 31 0 0 0 0 0 0 
0 0 0 0 0 0 0 0 0 -34 18 0 0 0 0 0 7 -17 0 0 0 26 0 11 0 0 -47 0 0 0 0 7 0 -8 0 -12 0 4 0 0 -41 -38 5 0 0 0 0 0 0 0 0 -15 0 0 0 0 0 0 0 -31 0 0 0 0 0 0 0 16 16 0 0 0 -1 0 0 -46 0 0 0 0 0 -25 -46 0 0 0 -23 -39 0 0 0 0 0 5 1 0 -40 0 0 0 
0 0 0 0 0 0 0 0 0 0 49 0 0 0 0 -42 0 0 28 0 0 0 4 0 -19 0 0 0 23 -14 5 0 0 -19 0 0 0 -49 0 0 0 0 0 0 0 0 -24 47 0 0 0 0 0 0 0 0 0 0 0 0 -46 0 0 0 0 0 -27 0 0 0 22 0 22 26 0 1 0 0 0 0 12 32 0 0 0 0 0 0 0 0 0 -4 47 0 0 0 0 0 1 0 
0 0 0 0 0 -35 0 0 0 -31 0 0 0 -6 0 0 0 0 -9 0 0 0 -33 0 0 0 0 43 0 0 0 0 48 0 0 0 0 0 0 0 5 0 0 0 0 0 -15 0 12 0 0 0 0 0 0 0 -39 0 0 0 0 0 -47 0 0 0 0 0 0 0 0 46 0 0 19 0 0 0 0 0 0 -42 0 0 0 -11 0 0 -2 0 30 0 0 -12 3 4 -44 29 0 -8 
0 0 0 0 0 0 -12 0 0 0 0 0 0 -16 -7 0 0 41 0 0 33 0 0 -47 0 0 -22 -24 0 0 0 0 0 0 30 0 0 47 0 0 0 40 0 0 0 14 0 0 41 0 40 0 0 0 37 0 0 0 0 20 0 0 0 0 0 0 -25 0 0 0 0 0 38 0 0 0 0 0 0 0 0 0 0 0 0 0 0 0 0 -34 0 0 0 0 0 0 0 0 0 0 
21 0 -43 -47 0 40 0 0 0 0 0 0 0 0 0 -14 0 35 0 0 0 0 0 0 0 43 -24 -7 0 -36 0 0 0 -12 0 0 0 0 -7 0 0 0 -33 0 0 0 0 0 0 -45 31 -46 8 0 0 0 0 0 0 0 41 0 0 0 0 0 1 0 45 -29 25 0 0 0 0 27 0 0 -13 0 7 0 0 0 0 0 0 0 -35 0 0 0 0 0 0 47 0 16 -15 -3 
0 0 0 0 -20 0 0 0 0 0 3 0 0 17 0 0 36 0 0 -7 0 0 0 0 23 0 0 0 0 0 1 47 38 8 0 0 0 0 0 0 0 0 0 -6 24 -3 0 0 0 0 0 44 0 0 0 10 0 0 0 14 0 0 0 0 0 0 0 0 0 0 0 0 0 0 -40 0 0 33 0 0 0 0 0 0 0 0 0 0 0 0 0 0 0 0 -40 0 25 0 0 0 
0 0 38 0 0 16 -14 0 0 0 32 28 0 0 0 0 0 -2 38 0 0 0 0 0 -14 0 0 -36 0 0 0 46 0 0 0 0 0 0 20 0 0 0 0 -40 0 0 0 -34 0 0 0 0 0 -19 0 37 0 0 44 0 0 40 0 0 0 0 0 0 -13 0 0 0 0 0 0 0 0 21 0 0 0 0 0 0 -30 -25 0 0 -7 22 0 0 0 -13 0 0 0 0 0 0 
0 0 0 42 0 0 4 0 0 0 0 27 48 0 0 0 0 0 0 0 0 0 4 0 5 0 0 0 1 0 0 0 0 0 0 0 0 0 0 0 0 0 7 -16 41 0 35 0 0 0 0 0 0 32 0 0 0 0 0 0 0 0 0 0 0 0 -34 0 29 14 -5 0 0 0 0 0 0 0 -10 0 0 -17 -35 0 0 0 0 0 0 0 0 0 0 0 0 0 34 0 -27 -37 
0 0 -17 -15 0 0 -29 0 0 0 0 0 0 -27 0 0 0 0 0 0 9 -46 0 7 0 0 0 0 47 46 0 0 0 -40 -27 0 -30 0 0 0 9 0 0 0 0 47 0 0 0 0 -23 0 0 0 -39 0 0 0 0 28 0 0 -7 -7 -5 0 0 0 -9 0 15 0 -8 0 0 0 0 0 0 0 0 0 0 0 0 0 0 0 0 12 0 0 0 0 0 0 0 0 16 0 
0 0 0 0 0 39 0 0 0 -18 0 0 0 0 -32 0 0 -24 0 0 9 44 38 0 0 48 0 0 38 0 0 0 -40 0 0 0 0 0 27 0 0 0 0 4 -39 0 0 0 0 -27 0 0 0 0 0 0 0 0 0 0 13 0 0 0 14 14 -48 -4 33 0 0 0 0 -23 0 0 0 0 0 0 -18 0 0 0 0 0 0 0 0 0 0 0 0 36 0 0 -27 0 -13 0 
0 0 0 0 0 0 0 0 0 0 0 0 0 -43 0 0 0 0 19 0 0 0 0 -8 -19 0 0 -12 8 0 0 -40 0 0 0 -3 0 -42 0 0 0 0 0 0 0 0 0 0 0 0 -15 0 0 0 0 0 0 0 0 0 0 0 15 0 23 0 0 -4 0 0 0 0 0 0 0 0 0 15 0 -44 34 -2 -24 0 0 -22 -43 0 0 0 14 34 0 0 0 0 0 0 0 0 
43 0 0 0 0 0 0 0 0 0 0 0 -19 0 0 0 -48 0 0 0 0 0 0 0 0 0 30 0 0 0 0 -27 0 0 0 0 0 0 0 -4 0 0 0 0 -29 43 0 5 0 0 0 0 0 0 -39 0 0 0 0 0 39 0 0 0 0 0 0 46 0 0 0 -44 0 -13 0 -19 6 0 0 16 0 0 -41 0 0 0 28 0 0 0 0 0 0 -3 0 0 0 0 0 -27 
0 22 29 0 0 0 0 0 0 38 0 0 0 0 33 0 0 30 0 0 -23 0 0 -12 0 0 0 0 0 0 0 0 0 -3 0 -46 0 0 0 0 36 0 3 0 -41 0 0 0 0 0 26 0 -18 23 0 0 0 0 0 0 0 -44 0 0 -9 0 0 0 0 0 0 33 0 27 0 0 29 0 0 0 0 15 0 -34 0 -14 10 0 0 32 0 0 0 0 -12 -31 0 0 0 0 
0 0 0 -31 13 43 6 0 0 0 46 17 0 -12 0 0 0 0 0 -42 0 0 -8 0 0 0 0 0 0 0 0 -30 0 0 0 0 45 0 0 0 0 27 0 0 0 0 0 0 -41 0 0 0 0 0 30 0 -3 0 0 0 0 0 0 -9 0 10 0 0 -33 0 0 0 0 0 0 0 0 0 0 0 0 0 -4 0 0 0 0 0 39 23 0 0 0 0 0 46 0 0 -17 0 
0 0 0 -40 0 0 49 0 0 48 0 0 0 0 0 0 0 0 0 0 0 0 0 4 -49 0 47 0 0 0 0 0 0 -42 0 0 0 0 0 0 0 38 0 0 0 -24 0 0 0 0 0 0 0 0 0 25 0 27 37 0 0 0 0 0 13 0 0 0 0 0 0 5 0 0 0 0 0 0 0 4 -49 0 0 41 15 0 0 0 0 0 0 0 0 -22 0 -28 -15 0 0 0 
0 0 0 48 0 0 0 0 0 0 0 0 35 0 -7 8 0 -24 0 0 33 0 0 0 0 0 0 -7 0 20 0 0 27 0 0 0 0 0 -32 0 0 0 0 0 0 46 1 0 0 0 0 25 0 -30 0 0 0 -22 -46 0 0 -5 0 0 45 0 -18 0 10 0 -17 0 0 0 0 -38 0 0 0 0 0 11 -10 0 0 0 0 0 0 0 0 0 0 0 0 0 40 0 0 0 
0 0 0 0 0 0 0 0 -16 13 0 0 0 -45 -45 0 0 0 0 44 0 4 0 0 0 0 0 0 0 0 0 0 0 0 -4 0 0 0 0 0 23 6 -34 -10 0 0 0 0 0 -27 37 0 0 0 0 0 0 0 0 0 0 0 0 -7 17 -17 -17 0 0 0 0 0 0 0 34 0 0 -45 0 0 0 0 0 0 0 0 0 0 0 0 0 0 0 0 0 -14 0 27 0 0 
0 22 32 0 0 5 0 0 0 0 0 0 0 0 0 0 0 11 0 0 0 41 -28 -41 0 5 0 0 0 0 0 9 0 0 0 36 0 0 0 23 0 0 0 0 0 22 0 0 0 -1 20 0 0 0 0 0 0 0 -29 46 0 0 0 0 13 0 0 -28 0 -11 0 -12 0 0 0 0 0 20 17 0 0 0 0 0 0 0 0 0 7 0 0 0 0 30 -28 19 42 0 0 0 
0 0 0 0 0 -15 0 -32 33 0 0 0 33 0 0 -25 0 0 0 -17 3 0 0 -38 0 0 40 0 0 0 0 0 0 0 0 0 27 38 0 6 0 0 -2 0 -25 0 0 0 0 0 0 0 -30 -12 0 0 0 0 0 -32 0 0 -23 0 0 -35 0 0 0 0 0 0 18 0 0 0 0 0 -9 0 18 0 0 0 0 0 0 0 0 15 0 0 32 0 0 0 0 0 0 -20 
0 0 0 31 0 0 -39 0 49 0 -37 0 0 0 0 0 0 0 21 -34 0 0 0 5 0 0 0 -33 0 0 7 0 0 0 0 3 0 0 0 -34 0 -2 0 0 0 -26 0 0 0 0 0 0 0 0 0 47 0 0 0 0 -39 0 0 0 0 0 0 0 0 0 0 -31 40 0 -5 0 18 0 0 14 0 0 0 0 0 0 0 0 -3 -46 19 0 0 -11 0 0 0 0 0 0 
0 0 0 0 -24 0 -2 -30 0 0 0 0 0 0 0 0 12 0 26 -43 0 0 0 0 0 0 0 0 -6 -40 -16 0 4 0 0 0 0 0 0 -10 0 0 0 0 0 0 44 0 28 0 0 0 0 0 0 0 0 0 0 0 0 0 0 0 0 0 28 0 0 0 34 0 -46 0 0 0 15 -21 0 41 0 0 0 0 0 0 0 0 0 0 0 0 0 39 0 0 0 0 0 0 
4 0 -11 0 0 22 -40 0 0 0 31 18 0 1 0 0 0 0 26 0 0 0 8 0 0 0 0 0 24 0 41 0 -39 0 -29 -41 0 0 0 0 0 -25 0 0 0 0 -14 0 -28 10 0 0 0 0 0 0 -26 -36 44 0 0 0 0 0 0 0 0 0 0 0 27 0 0 0 0 0 0 0 -10 0 0 0 0 0 0 0 0 39 10 0 14 -43 0 0 0 0 0 27 29 -19 
38 0 0 0 4 0 0 0 0 0 0 0 -35 0 0 0 0 0 0 0 0 0 0 0 0 0 14 0 -3 0 0 47 0 0 43 0 0 -24 46 0 22 0 -26 0 0 0 0 -12 36 0 -26 0 0 0 -13 -17 0 -23 -2 23 28 0 20 0 0 0 0 0 0 0 -40 0 0 0 0 23 0 0 0 0 12 40 0 -49 23 0 0 0 43 0 0 14 38 0 49 -14 0 41 0 -28 
0 42 0 18 0 -47 -23 0 0 0 -20 0 0 0 31 0 0 0 0 0 -16 -45 0 0 -24 -15 0 0 0 0 35 0 0 0 0 0 0 0 1 0 0 0 0 44 -14 0 10 0 0 0 0 0 -43 0 0 0 0 0 0 26 -40 0 -31 0 0 0 0 8 0 0 0 18 0 30 0 0 0 0 0 0 0 0 0 43 -10 0 0 0 0 0 0 0 0 0 0 0 -20 0 -28 0 
-46 0 0 0 0 0 0 49 39 0 -24 0 0 -11 0 0 0 38 9 0 0 0 0 0 47 0 0 0 0 -34 0 0 0 0 5 0 0 0 0 0 0 0 0 0 0 -12 0 0 0 0 0 -4 0 0 0 0 0 0 -19 0 0 0 0 0 -45 0 -30 -42 0 0 0 0 0 0 0 -15 0 0 0 0 0 22 0 0 0 0 0 0 0 -35 -27 0 0 0 0 0 0 -37 0 33 
0 40 0 0 40 0 0 0 0 28 -8 0 0 0 -3 0 0 42 -49 -42 0 -44 0 0 0 12 41 0 0 0 0 0 0 0 0 0 -41 0 0 0 0 0 0 28 -28 36 0 0 0 -10 0 0 -29 34 -19 48 0 -32 0 0 0 0 -19 0 0 0 0 -20 0 0 0 0 0 0 0 0 0 0 0 0 -18 0 0 0 43 0 0 -19 39 -18 0 0 0 0 0 0 0 0 0 0 
33 0 -27 0 -12 0 0 -14 40 0 0 0 0 0 0 0 0 0 0 37 0 0 -31 0 0 0 0 -45 0 0 0 0 -27 0 0 0 0 0 0 -27 -1 0 0 0 10 0 0 0 -10 22 0 0 0 0 0 0 0 0 -14 0 -42 0 0 -48 40 0 0 0 0 -10 0 0 0 0 0 0 23 -40 23 -41 0 -3 -35 -47 7 -43 0 -48 0 0 0 0 35 40 0 0 0 0 0 0 
-22 0 0 0 0 0 -13 0 0 0 0 0 -25 0 0 0 0 0 0 0 0 0 0 0 0 0 40 31 0 0 0 -23 0 -15 0 26 0 0 0 37 20 0 0 0 0 -26 0 0 0 0 3 -23 43 0 0 0 0 0 -6 49 -15 24 0 0 0 0 -38 0 0 17 0 0 -40 0 14 0 0 0 0 0 0 -39 0 2 0 -11 0 -43 0 0 0 0 -48 0 0 0 32 0 0 0 
0 -19 0 0 -48 0 0 0 0 0 13 0 0 0 46 -46 49 0 0 0 0 0 0 -15 0 0 0 -46 44 0 0 0 0 0 0 0 0 0 25 0 0 0 0 0 0 0 0 -4 0 0 -23 0 -26 0 0 0 0 0 0 0 0 0 0 -15 0 0 0 0 25 0 0 0 0 0 -48 0 -24 0 0 0 -42 0 0 0 0 0 23 0 -2 -5 -3 -4 0 0 0 -40 0 0 0 0 
0 0 0 0 0 28 0 -49 -28 -22 0 0 0 0 0 0 0 0 0 -26 -25 0 0 0 0 0 0 8 0 0 0 0 0 0 0 -18 0 0 0 0 0 -30 0 0 0 0 -43 0 -29 0 43 -26 0 41 0 0 0 0 0 0 2 0 0 -15 0 -49 32 0 0 0 46 0 0 0 0 -14 0 0 0 -43 0 0 0 0 0 -26 -30 0 0 0 0 0 18 0 0 0 0 0 0 0 
0 0 0 4 0 0 0 0 0 0 0 0 0 0 0 0 0 0 0 0 0 0 0 0 0 0 0 0 0 -19 32 0 0 0 0 23 0 0 -30 0 0 -12 0 0 0 0 0 0 34 0 0 0 41 22 -13 0 0 0 0 22 0 0 0 0 1 -41 0 0 0 0 0 -39 -13 26 0 0 -47 0 0 0 -17 0 31 0 0 0 0 -4 44 0 0 0 0 0 0 0 36 0 0 0 
0 0 0 0 4 0 0 0 0 0 0 0 0 0 0 0 -14 6 0 0 0 0 0 0 0 0 37 0 0 0 0 -39 0 0 -39 0 30 0 0 0 0 0 0 0 0 -13 0 0 -19 0 0 0 0 -13 47 0 0 -31 43 0 0 0 43 0 0 0 0 0 0 -43 0 0 0 -29 46 0 0 0 25 0 0 0 0 39 0 0 0 -15 0 30 0 -13 0 0 -41 -17 0 0 0 0 
36 0 0 0 -7 0 0 0 0 0 0 0 0 20 0 -46 0 0 0 0 0 0 27 0 0 0 0 0 10 37 0 0 0 0 0 0 0 25 0 0 0 0 47 0 0 -17 0 0 48 0 0 0 0 0 0 0 8 0 0 0 0 0 -44 0 9 0 0 0 0 0 0 0 36 -36 0 0 0 0 0 12 0 0 0 0 42 0 0 0 0 0 0 0 -7 -46 -32 0 0 0 0 0 
0 -19 0 -7 0 0 0 33 0 0 0 0 0 0 0 0 0 0 30 0 0 0 0 0 0 -39 0 0 0 0 0 0 0 0 0 0 -3 0 0 0 0 0 0 0 -26 0 0 0 0 0 0 0 0 0 0 8 0 0 4 0 0 0 0 0 0 0 -10 -25 0 0 0 -42 0 -17 0 0 0 0 1 0 0 -25 0 6 0 0 0 -2 0 26 0 0 -30 0 0 0 -40 0 0 0 
0 0 0 -11 -26 0 0 37 0 0 40 0 0 11 0 0 0 0 0 9 0 -2 0 0 0 0 0 0 0 0 0 0 0 0 0 0 0 27 -22 0 0 0 0 0 -36 -23 0 0 -32 0 0 0 0 0 -31 0 0 0 0 31 0 0 0 12 4 0 0 0 -32 0 0 0 7 49 0 0 -46 0 0 0 -10 0 0 -48 43 -21 0 -10 -12 27 0 0 0 23 20 -35 0 -18 0 0 
0 0 0 36 1 26 0 -19 0 0 0 -46 4 0 -40 0 14 0 -22 0 0 0 0 0 0 0 0 0 0 44 0 0 0 0 0 0 0 37 -46 0 -29 0 0 0 44 -2 0 -19 0 -14 -6 0 0 0 43 0 4 0 0 0 0 0 0 0 0 29 8 0 -22 12 0 0 0 0 0 0 -48 0 0 0 0 0 0 0 0 -15 0 0 0 32 0 0 0 0 0 0 20 0 0 -44 
0 0 0 5 -33 0 -23 0 0 0 0 0 42 -14 0 0 0 0 0 0 0 0 0 -31 0 0 20 0 14 0 0 28 0 0 0 0 0 0 0 0 46 -32 0 0 0 23 26 0 0 0 49 0 0 22 0 0 0 31 0 -45 0 0 0 30 0 0 0 0 0 0 0 0 -15 0 -22 -9 0 0 0 -24 0 0 -8 0 0 0 0 -4 0 0 0 0 0 19 0 -3 0 0 13 0 
0 42 0 0 0 -37 0 0 0 0 0 12 0 0 0 8 0 0 6 0 0 -42 0 0 -46 0 0 41 0 0 0 0 13 0 39 0 0 0 0 0 0 0 -39 0 0 28 -40 0 0 -42 -15 0 2 0 0 0 0 0 0 0 0 0 0 0 0 0 0 0 0 0 0 0 0 0 0 0 0 0 0 0 47 0 0 0 0 0 0 15 0 0 0 47 0 0 0 -23 0 0 -38 0 
-4 43 0 0 0 0 27 0 0 0 0 0 0 0 8 0 0 0 0 0 0 0 0 0 0 0 0 0 0 40 0 0 0 0 0 -44 0 0 -5 0 0 0 0 0 0 0 0 0 0 0 24 0 0 0 0 0 0 0 0 0 0 0 10 0 0 -47 0 0 0 0 0 0 0 0 0 -10 -40 0 0 0 0 0 0 0 0 0 0 11 0 0 0 0 0 0 -19 0 28 0 0 0 
0 0 0 0 0 -16 0 0 0 0 0 0 -8 0 0 0 10 0 -49 32 0 0 0 0 0 -47 0 0 0 0 0 -7 0 15 0 0 0 0 0 0 0 -23 0 0 0 20 -31 0 -19 0 0 0 0 0 43 -44 0 0 0 0 0 10 38 0 0 0 0 0 0 0 10 -35 0 0 0 0 -6 -5 0 0 0 0 0 0 0 0 0 0 0 0 22 0 0 8 0 0 -48 0 26 17 
28 -4 0 -34 0 0 -11 0 0 0 0 16 8 0 0 0 0 0 0 0 0 0 0 0 0 0 0 0 0 0 0 -7 0 0 0 0 -9 0 0 -7 0 0 0 0 0 0 0 0 0 -48 0 -15 -15 0 0 0 0 12 0 30 0 0 0 0 0 0 0 0 1 43 15 0 0 0 0 4 0 0 0 0 0 0 21 0 0 0 -43 0 0 0 34 -28 31 0 0 29 0 0 0 12 
0 -4 0 0 0 -35 0 -18 8 0 0 -31 45 -32 0 0 0 0 0 0 0 0 0 0 0 0 0 0 0 0 0 -5 14 23 0 -9 0 13 45 17 13 0 0 0 0 0 0 -45 0 40 0 0 0 1 0 9 0 4 0 0 0 0 0 0 0 0 -26 0 0 0 0 42 0 0 0 -5 0 0 0 0 0 0 49 0 0 0 0 0 0 0 0 -2 0 0 0 0 0 37 0 34 
0 0 0 0 0 0 25 0 0 0 0 -1 37 27 0 21 0 40 9 11 0 0 0 0 0 0 0 0 0 0 0 0 14 0 0 0 10 0 0 -17 0 -35 0 0 0 0 0 0 0 0 0 0 -49 -41 0 0 0 0 29 0 0 -47 0 0 0 0 0 0 0 0 0 0 0 0 -37 0 0 0 0 0 0 0 0 0 40 0 0 0 0 0 0 6 0 6 0 44 0 0 0 0 
0 0 0 0 0 0 0 0 45 0 0 0 0 0 0 -8 49 21 0 27 26 0 0 0 -27 0 -25 1 0 0 -34 0 -48 0 0 0 0 0 -18 -17 0 0 0 28 0 0 0 -30 0 0 -38 0 32 0 0 0 -10 0 8 0 0 0 0 0 -26 0 -3 0 0 28 0 23 0 -42 0 0 0 0 0 28 0 0 0 0 0 -5 3 0 0 0 0 0 0 -18 0 0 0 0 0 0 
22 0 0 0 48 0 9 0 0 0 0 0 0 0 -14 0 0 0 0 0 0 0 5 16 0 0 0 0 0 0 0 0 -4 -4 46 0 0 0 0 0 -28 0 0 0 0 0 8 -42 -20 0 0 0 0 0 0 0 -25 0 0 0 0 0 0 0 0 0 0 0 7 0 -20 0 0 0 14 0 0 0 0 0 -41 0 -25 0 -32 0 0 0 0 2 0 0 0 0 0 0 0 0 0 0 
0 6 0 43 48 0 0 0 -11 0 -23 49 0 -35 0 0 0 -39 8 0 0 0 0 16 0 0 0 45 0 -13 29 -9 33 0 0 0 -33 0 10 0 0 0 0 0 0 0 0 0 0 0 0 25 0 0 0 0 0 -32 -22 0 0 0 0 1 0 0 0 7 -1 0 7 0 0 0 0 0 0 0 0 0 -40 0 0 0 0 46 45 0 -46 0 16 0 0 0 0 0 0 -14 0 0 
0 0 0 -32 0 -16 0 -49 0 34 -1 0 0 0 10 0 0 0 0 0 0 0 8 0 0 0 0 -29 0 0 14 0 0 0 0 0 0 0 0 0 -11 0 0 0 0 0 0 0 0 -10 17 0 0 0 -43 0 0 0 12 0 0 0 0 43 0 0 28 0 0 0 0 -32 0 0 0 0 0 0 1 23 -39 10 0 0 39 0 -48 34 0 0 -28 0 10 0 0 -44 0 0 35 0 
0 0 -20 0 0 0 0 0 -25 0 0 0 0 0 0 0 0 0 31 0 0 7 0 0 22 0 0 25 0 0 -5 15 0 0 0 0 0 0 -17 0 0 0 0 34 27 -40 0 0 0 0 0 0 46 0 0 0 0 0 0 0 0 0 10 15 0 0 0 -20 7 0 0 0 -21 -20 -6 0 0 0 38 0 0 0 5 0 0 0 0 0 -46 0 0 0 0 0 47 0 0 0 0 0 
0 0 0 0 -9 8 1 0 0 0 0 0 0 0 -43 0 0 0 0 0 0 2 0 0 0 46 0 0 0 0 0 0 0 0 -44 33 0 5 0 0 -12 0 -31 0 0 0 18 0 0 0 0 0 0 -39 0 0 -42 0 0 0 0 0 -35 0 42 0 23 0 0 -32 0 -43 0 0 0 -42 0 0 -26 0 0 0 39 -17 0 16 0 0 0 -38 -28 0 0 -18 0 0 0 0 0 26 
0 0 0 0 0 0 -19 0 -24 0 0 0 0 0 0 0 0 22 0 0 0 0 -30 -1 22 0 38 0 0 0 0 -8 0 0 0 0 0 0 0 0 0 18 40 -46 0 0 0 0 0 0 -40 0 0 -13 0 36 0 7 0 -15 0 0 0 0 0 0 0 0 0 0 -21 0 0 0 0 7 -25 0 0 0 0 0 0 0 0 0 0 0 0 0 0 0 0 0 0 40 32 0 44 0 
5 -22 0 0 0 0 0 0 0 0 0 0 0 0 0 0 0 0 8 11 0 0 0 0 26 0 0 0 0 0 0 0 -23 0 -13 27 0 0 0 0 0 0 0 0 0 0 30 0 0 0 0 0 0 26 -29 -36 -17 49 0 0 0 0 0 0 0 0 -42 0 0 0 -20 0 0 0 -16 0 -16 14 0 0 0 0 0 0 0 0 0 0 0 -25 0 0 0 0 0 0 0 0 0 -38 
0 0 0 26 0 0 0 0 0 0 0 -23 0 49 0 0 17 0 0 -13 0 0 0 0 0 19 0 0 -40 0 0 0 0 0 0 0 0 0 0 34 0 0 -5 0 0 0 0 0 0 0 14 -48 0 0 46 0 0 0 0 -22 0 0 0 0 0 -37 0 14 0 0 -6 0 0 -16 0 0 -45 0 0 14 0 0 0 0 0 0 0 0 43 0 0 0 0 0 0 0 0 0 0 0 
0 0 0 0 -39 0 0 0 0 0 -49 0 0 0 0 0 -33 0 0 -11 0 0 0 -46 1 0 0 27 0 0 0 0 0 0 -19 0 0 0 -38 0 0 0 0 0 0 23 0 -15 0 0 0 0 -14 0 0 0 0 0 0 -9 0 -10 0 4 -5 0 0 0 0 0 0 -42 7 0 0 0 0 0 -35 0 0 0 0 0 0 0 8 0 0 0 11 0 -40 0 0 0 0 0 0 0 
0 0 0 0 0 0 0 0 0 0 -14 0 0 0 0 2 0 18 -6 0 0 22 0 0 0 0 0 0 0 0 0 0 0 0 6 29 0 0 0 0 0 0 18 15 0 0 0 0 0 23 0 -24 0 -47 0 0 0 -46 -48 0 0 -40 -6 0 0 0 0 0 0 0 0 0 -25 -16 -45 0 0 0 0 0 0 -37 0 28 0 8 0 0 0 0 0 -15 0 0 0 0 -26 0 -28 -11 
15 0 0 0 -3 0 0 -12 0 0 0 0 0 0 6 0 0 0 -15 42 -30 0 0 0 0 0 0 0 33 21 0 0 0 15 0 0 0 0 0 -45 20 0 0 -21 0 0 0 0 0 -40 0 0 0 0 0 0 0 0 0 0 0 0 -5 0 0 0 0 0 0 0 0 0 0 14 0 0 0 0 20 47 0 0 -1 0 -19 0 0 0 0 0 0 0 0 9 0 0 23 0 0 0 
0 0 5 0 0 0 0 0 0 0 0 2 0 0 0 0 0 0 0 0 0 -40 0 0 0 0 0 -13 0 0 -10 0 0 0 0 0 0 0 0 0 17 -9 0 0 -10 0 0 0 0 23 0 0 0 0 25 0 1 0 0 0 0 0 0 0 0 0 0 0 0 1 38 -26 0 0 0 -35 0 20 0 47 0 41 0 0 0 -41 0 0 0 0 -19 0 0 0 0 0 0 -36 0 -22 
0 0 0 0 0 0 -17 0 0 0 0 0 -4 -16 0 2 0 0 0 0 0 0 -27 0 0 0 0 0 0 0 0 0 0 -44 16 0 0 4 0 0 0 0 14 41 0 0 0 0 0 -41 0 0 -43 0 0 12 0 0 0 -24 0 0 0 0 0 0 28 0 0 23 0 0 0 0 14 0 0 47 47 -10 0 0 -32 0 0 0 0 -8 -29 -14 0 0 0 0 0 -30 0 0 0 22 
0 -33 0 0 -26 -33 0 0 0 -47 0 -9 28 0 0 0 0 0 -7 0 -13 0 -44 0 12 0 0 7 0 0 0 0 -18 34 0 0 0 -49 0 0 0 18 0 0 0 12 0 0 -18 0 0 -42 0 -17 0 0 0 -10 0 0 47 0 0 0 0 0 0 -41 -40 -39 0 0 0 0 0 0 0 0 0 0 -45 0 0 -34 45 0 0 0 0 0 0 0 0 0 0 22 0 0 49 47 
37 0 0 -27 0 0 0 0 42 0 -40 0 0 0 0 0 -30 0 0 14 0 0 0 -25 32 -42 0 0 0 0 -17 0 0 -2 0 15 0 0 11 0 0 0 0 0 0 40 0 22 0 -3 -39 0 0 0 0 0 -25 0 0 0 0 0 0 0 0 0 0 0 0 10 0 0 0 0 0 0 -37 0 41 0 0 -30 0 0 0 0 0 0 0 0 0 0 0 0 0 28 0 16 0 0 
0 0 0 0 -37 0 0 0 0 0 0 0 0 0 0 0 -49 0 0 -27 0 0 1 -46 0 0 0 0 0 0 -35 0 0 -24 -41 0 -4 0 -10 0 0 0 0 0 0 0 0 0 0 -35 0 0 0 31 0 0 0 0 0 -8 0 0 0 21 49 0 0 -25 0 0 5 39 0 0 0 0 0 -1 0 -32 0 0 -22 20 0 0 -46 0 -8 0 0 0 0 0 0 34 0 0 0 0 
36 17 -39 0 0 0 0 0 0 0 -7 0 37 0 0 -4 0 0 0 0 24 0 0 0 0 0 0 0 0 0 0 0 0 0 0 -34 0 41 0 0 0 0 0 0 0 -49 43 0 0 -47 2 0 0 0 39 0 6 -48 0 0 0 0 0 0 0 0 0 0 0 0 0 -17 0 0 0 0 28 0 0 0 -34 0 20 4 26 0 0 0 0 -31 -43 0 0 0 0 0 0 0 0 0 
0 29 -41 0 0 0 0 0 0 0 0 0 0 0 0 0 0 0 0 4 0 -25 -34 0 0 0 0 0 0 -30 0 0 0 0 0 0 0 15 0 0 0 0 0 0 0 23 -10 0 43 7 0 0 0 0 0 42 0 43 0 0 0 0 0 0 0 40 0 -32 0 39 0 0 0 0 0 0 0 -19 0 0 45 0 0 26 0 10 -10 0 0 0 -6 0 0 0 0 0 0 0 -30 0 
0 0 0 0 0 0 0 0 0 0 -31 40 0 0 0 0 0 -9 -33 0 -27 -23 0 0 0 -11 0 0 0 -25 0 0 0 -22 0 -14 0 0 0 0 0 0 0 0 0 0 0 0 0 -43 -11 0 -26 0 0 0 0 -21 -15 0 0 0 0 0 0 0 -5 0 46 0 0 16 0 0 0 0 8 0 -41 0 0 0 0 0 10 0 -9 0 0 0 30 0 0 47 0 -41 31 0 0 -39 
0 47 0 0 0 0 0 42 -45 -34 21 0 0 0 5 -10 34 0 0 0 21 0 0 -23 0 0 0 0 0 0 0 0 0 -43 28 10 0 0 0 0 0 0 0 0 0 0 0 0 0 0 0 23 -30 0 0 0 0 0 0 0 0 0 0 -43 0 0 3 0 45 -48 0 0 0 0 0 8 0 0 0 0 0 0 -46 0 -10 -9 19 0 0 0 0 0 -49 0 0 0 0 0 0 -22 
0 0 38 0 4 0 0 0 0 0 0 0 -14 0 0 19 0 -32 0 0 0 0 0 -39 0 0 0 0 0 0 0 0 0 0 0 0 0 0 0 0 0 0 0 0 39 0 0 0 -19 -48 -43 0 0 -4 -15 0 -2 -10 0 -4 15 11 0 0 0 0 0 0 0 34 0 0 0 0 0 0 0 0 0 -8 0 0 0 0 0 0 0 16 0 0 0 22 0 1 0 0 0 0 13 0 
0 0 0 0 0 0 0 0 0 0 0 0 23 0 -40 0 0 22 0 0 -29 33 0 0 0 -2 0 -35 0 -7 0 0 0 0 0 0 39 0 0 0 7 0 -3 0 10 43 0 0 39 0 0 -2 0 44 0 0 0 -12 0 0 0 0 0 0 0 0 0 0 -46 0 -46 0 0 0 43 0 0 0 0 -29 0 0 -8 0 0 0 0 0 0 0 -8 27 1 0 0 0 0 22 0 36 
0 0 6 35 0 0 33 0 0 0 33 0 15 0 0 0 0 0 0 0 -8 0 9 0 0 0 -34 0 0 22 0 12 0 0 0 32 23 0 0 0 0 15 -46 0 0 0 0 -35 -18 0 0 -5 0 0 30 0 26 27 32 0 0 0 0 0 0 0 0 2 0 0 0 -38 0 -25 0 0 0 0 0 -14 0 0 0 -31 0 0 0 0 0 0 0 0 0 0 0 0 -6 0 0 0 
0 0 0 -3 0 -7 0 -11 0 0 0 -48 0 0 0 0 0 0 0 0 0 0 0 0 0 30 0 0 0 0 0 0 0 14 0 0 0 0 0 0 0 0 19 0 14 0 0 -27 0 0 0 -3 0 0 0 0 0 0 0 0 0 0 22 34 0 0 0 0 16 -28 0 -28 0 0 0 11 0 0 -19 0 0 0 0 -43 -6 30 0 0 -8 0 0 0 0 -26 6 0 35 0 0 0 
-30 0 0 -28 0 0 0 47 0 0 0 0 -49 0 0 0 0 29 0 0 0 27 0 0 -4 0 0 0 0 0 0 0 0 34 0 0 0 0 0 0 0 0 0 0 -43 14 0 0 0 0 0 -4 0 0 -13 0 0 0 0 0 47 0 0 -28 -2 6 0 0 0 0 0 0 0 0 0 0 -15 0 0 0 0 0 0 0 0 0 0 22 27 0 0 -30 0 0 -23 0 45 0 0 0 
0 -42 0 0 0 0 0 -32 0 0 0 0 0 35 -4 0 0 24 0 0 3 0 0 0 47 0 0 0 0 0 0 0 0 0 0 0 0 0 0 0 0 32 0 0 0 38 0 0 0 35 -48 0 18 0 0 -7 -30 0 0 0 0 0 0 31 0 0 0 0 0 10 0 0 0 0 0 -40 0 0 0 0 0 0 0 0 0 0 -49 0 1 0 0 0 32 0 48 0 0 3 0 0 
0 0 0 0 0 41 -12 0 0 0 0 0 36 0 0 0 0 0 -21 0 0 40 31 5 0 -12 0 0 0 -13 0 0 36 0 -3 0 0 -22 0 0 30 0 -11 39 0 0 0 0 0 40 0 0 0 0 0 -46 0 23 0 19 0 0 8 0 0 6 -18 0 0 0 0 -18 0 0 0 0 0 9 0 0 0 0 0 0 0 47 0 1 0 0 -26 0 0 0 0 0 -6 0 0 0 
-49 0 0 17 0 0 0 0 -33 0 0 32 42 0 0 0 0 0 -37 0 0 30 0 1 0 3 0 0 -40 0 0 0 0 0 0 -12 0 0 0 0 -28 0 0 0 0 49 0 0 0 0 0 0 0 0 -41 -32 0 20 0 0 0 -19 0 0 0 0 0 0 0 0 47 0 0 0 0 0 0 0 0 0 0 0 0 0 0 0 0 0 0 0 6 -23 48 0 0 0 22 0 0 11 
0 0 -17 0 0 0 0 0 9 0 0 0 0 0 11 0 0 0 43 19 0 -21 0 0 0 4 0 47 0 0 0 0 0 0 0 -31 46 -28 0 -14 19 0 0 0 0 -14 0 0 0 0 0 -40 0 0 -17 0 0 -35 0 -3 -23 0 0 29 0 44 0 0 0 -44 0 0 40 0 0 0 0 0 0 -30 22 28 34 0 0 -41 0 0 0 0 0 0 0 0 0 0 0 11 0 0 
0 -38 0 0 0 0 18 3 39 0 0 0 -41 0 0 0 0 0 0 0 0 0 0 -40 0 -44 0 0 25 0 34 0 -27 0 0 0 0 -15 40 0 42 0 0 0 0 0 -20 0 0 0 32 0 0 36 0 0 -40 0 20 0 0 28 -48 0 0 0 0 0 0 0 0 0 32 0 0 0 -26 23 0 0 0 0 0 0 0 31 0 0 0 -6 35 45 0 -6 22 0 0 0 -10 35 
0 -36 -23 8 31 0 0 0 0 0 49 0 0 28 0 0 0 4 0 -25 -12 0 0 0 0 29 0 16 0 0 0 0 0 0 0 0 0 0 0 27 0 0 0 0 27 41 0 -37 0 0 0 0 0 0 0 0 0 -18 0 0 0 0 0 0 37 0 0 0 -14 0 0 0 0 0 0 0 0 0 -36 0 0 16 0 0 0 0 0 0 22 0 0 0 3 0 0 11 0 0 46 0 
-13 0 0 0 0 -17 24 0 0 0 -40 27 0 0 0 0 0 0 0 0 0 0 0 0 1 0 0 -15 0 0 -27 16 -13 0 0 0 -17 0 0 0 0 0 0 0 29 0 -28 0 0 0 0 0 0 0 0 0 0 0 0 13 -38 0 26 0 0 0 0 0 0 35 0 0 44 0 0 0 -28 0 0 0 49 0 0 0 -30 0 0 13 0 0 0 0 0 0 0 0 -10 46 0 0 
0 -10 0 0 25 0 -35 0 0 -16 -29 0 10 -8 0 0 0 0 20 0 0 0 0 0 0 -8 0 -3 0 0 -37 0 0 0 -27 0 0 0 0 0 0 -20 0 0 -19 -28 0 33 0 0 0 0 0 0 0 0 0 0 -44 0 0 0 17 12 34 0 0 0 0 0 0 26 0 -38 0 0 -11 0 -22 22 47 0 0 0 0 -39 -22 0 36 0 0 0 0 0 11 0 35 0 0 0 
