80
0 0 -11 27 0 0 0 -43 0 23 0 22 0 -41 0 13 0 0 0 0 0 27 -7 6 -6 0 0 0 0 0 10 0 0 0 -36 0 0 0 17 0 17 45 0 0 -37 -33 0 0 0 0 0 0 -17 0 46 0 -1 0 48 -49 0 -27 0 -33 47 0 0 -42 5 0 0 0 0 -32 0 25 0 -41 -37 0 
41 0 6 0 0 0 0 -45 0 21 2 0 23 0 -20 42 14 0 -49 -6 1 0 0 46 0 -16 0 -41 0 19 35 0 0 0 15 0 7 23 19 -49 0 0 -41 0 0 0 1 0 0 0 3 -12 0 1 -8 43 0 0 0 0 23 0 0 0 0 0 45 0 18 0 0 -35 -10 0 46 -41 0 -27 21 0 
0 0 0 0 -20 -36 0 5 -17 0 0 -6 10 0 0 -33 0 0 -47 19 0 -23 -30 0 0 31 -39 0 0 0 0 0 -3 0 38 18 0 0 0 8 -9 0 47 -48 0 12 0 0 0 0 0 17 0 0 22 -8 0 -16 0 36 -36 -5 -29 -1 18 0 0 0 0 32 32 0 30 0 0 -45 0 13 0 0 
6 0 -32 -3 -44 0 25 -7 -30 0 0 0 -33 0 -16 23 0 0 0 7 0 0 3 0 0 -15 -4 -39 -27 0 0 0 25 0 0 0 -31 0 34 0 -18 0 0 0 16 -43 0 28 -8 -45 0 0 0 48 1 22 -48 -14 7 0 1 -12 0 0 0 0 0 -9 -26 0 0 0 5 36 -2 26 0 0 0 0 
0 0 -3 0 29 0 -25 0 -3 9 14 2 0 0 -19 0 -21 35 0 -8 -33 0 34 -16 0 42 8 0 -2 0 -35 0 0 32 0 0 0 -11 -33 0 -19 34 5 0 0 0 33 0 0 0 -31 0 18 0 -25 -1 43 33 -45 -41 -24 0 -13 0 39 19 0 20 0 0 0 22 -23 0 0 0 30 0 0 3 
0 -20 -44 29 0 0 0 0 0 0 0 40 -28 0 0 0 0 0 0 4 0 20 43 0 -28 0 0 12 -7 -49 0 0 0 -35 0 0 0 -41 -3 0 0 0 0 -48 -10 0 -47 27 -2 0 39 0 0 0 12 0 0 0 -49 -1 0 -28 -46 39 0 -24 0 -46 0 0 0 0 0 0 0 0 -6 9 0 0 
0 -36 0 0 0 0 0 0 0 -25 -36 39 0 0 -15 47 0 -43 0 0 0 0 18 -4 30 0 0 -5 0 32 -2 10 3 -37 0 0 -18 0 0 5 0 0 -37 -43 -17 0 -27 -31 18 -18 0 0 0 0 0 0 1 0 45 0 36 0 -40 0 40 11 0 -27 0 -8 4 0 0 0 0 -22 -23 0 -7 -49 
0 0 25 -25 0 0 0 0 17 0 0 0 0 0 -2 0 0 -47 0 0 0 0 34 -43 -43 -5 1 0 0 0 0 -28 41 0 9 0 8 0 25 -20 28 0 0 0 0 0 0 0 0 -43 0 -24 39 -47 17 0 0 0 -6 7 -12 0 0 0 0 -20 0 47 0 0 0 0 0 0 18 -9 -27 0 -1 -25 
-45 5 -7 0 0 0 0 11 48 -45 0 0 0 0 13 0 0 -31 0 0 -9 0 0 -24 35 0 -3 -25 25 0 0 0 -13 1 0 -48 0 17 0 -7 -42 -23 -8 0 3 -16 20 -19 0 0 0 0 12 0 0 37 0 -16 0 0 0 0 -19 0 -29 0 0 -2 -22 0 0 0 4 33 -1 0 0 35 -12 43 
0 -17 -30 -3 0 0 17 48 0 0 0 0 0 0 19 0 -41 21 -14 0 0 0 0 3 26 25 19 0 15 0 0 17 38 0 0 0 -33 -49 30 0 25 44 0 -37 12 0 -20 0 0 -24 0 0 0 0 19 3 30 2 0 0 -4 -15 17 24 0 0 0 9 0 0 0 0 -45 0 2 0 0 1 -19 0 
21 0 0 9 0 -25 0 -45 0 0 47 0 -30 -39 -24 -39 -46 -18 -28 0 0 29 -31 0 -2 0 0 -19 0 32 0 -10 0 17 0 29 0 0 12 -40 0 -49 24 40 -2 0 2 0 16 -25 0 0 29 0 -12 28 35 5 40 0 39 0 -17 4 -38 -24 7 0 28 -24 -21 0 0 0 0 9 0 0 5 -46 
2 0 0 14 0 -36 0 0 0 47 -20 0 29 0 0 2 0 0 0 0 -40 0 0 0 0 0 0 -43 38 0 0 0 0 0 -39 0 0 0 0 3 0 22 10 0 0 0 0 0 0 -10 -23 24 -9 0 -36 -18 -42 0 0 0 32 -3 0 0 -31 29 17 0 -7 42 -4 0 0 35 0 0 0 -36 0 22 
0 -6 0 2 40 39 0 0 0 0 0 1 0 25 0 9 -7 -45 -41 -19 0 -3 3 13 -7 0 0 -38 -15 48 -1 0 20 0 -23 -26 0 0 0 0 0 38 0 0 2 0 -10 0 0 39 -12 0 0 9 0 12 0 14 0 5 0 0 -35 0 0 0 46 0 -25 9 0 -22 0 38 0 0 0 0 0 -39 
23 10 -33 0 -28 0 0 0 0 -30 29 0 -46 -42 0 -4 0 -22 0 0 0 -37 -32 0 -15 -39 0 0 -31 0 0 0 0 0 0 -29 0 0 0 33 -10 21 35 0 0 0 -41 0 28 -44 0 0 0 0 -37 37 0 -48 0 0 -5 0 0 0 26 0 32 8 0 0 0 0 37 -8 0 -5 0 0 -47 0 
0 0 0 0 0 0 0 0 0 -39 0 25 -42 0 0 -44 0 0 0 0 -27 27 0 31 43 48 -37 24 25 0 0 0 0 0 -3 0 0 19 0 35 0 0 -46 33 9 0 -30 0 8 0 0 -34 5 8 0 38 0 0 0 -49 34 0 47 0 0 0 0 -45 8 0 0 0 0 0 0 -13 29 -37 -5 36 
-20 0 -16 -19 0 -15 -2 13 19 -24 0 0 0 0 -32 -40 48 46 -44 0 0 0 -9 0 0 0 34 0 0 0 10 0 0 0 16 33 0 -21 0 20 29 0 -4 -49 0 0 0 44 -10 0 0 2 -25 23 0 -45 30 0 0 0 -5 0 0 23 0 37 41 0 0 0 0 0 48 0 7 0 -5 -20 -45 0 
42 -33 23 0 0 47 0 0 0 -39 2 9 -4 -44 -40 -15 0 0 -43 0 -20 0 11 0 0 0 0 11 -39 0 0 0 0 0 0 0 12 -5 26 -16 0 -40 -17 49 0 -9 0 -30 0 14 0 -8 32 45 -35 4 0 0 22 0 11 12 0 0 0 48 48 -14 0 0 0 0 -21 -28 -37 0 0 0 0 0 
14 0 0 -21 0 0 0 0 -41 -46 0 -7 0 0 48 0 0 0 -41 -39 5 -4 0 0 35 -8 26 0 0 -32 0 0 0 0 0 11 0 14 -18 0 -23 0 44 21 21 -29 35 0 0 -30 -47 0 -37 -12 -17 -41 34 0 0 0 -15 38 -21 0 40 0 -6 -16 0 0 0 0 0 -48 -35 0 0 -2 0 0 
0 0 0 35 0 -43 -47 -31 21 -18 0 -45 -22 0 46 0 0 44 0 0 -27 46 -19 0 -41 0 0 5 4 -6 -34 -4 0 0 -21 0 0 0 0 -13 0 0 0 0 0 -7 0 -5 -40 0 0 23 -40 -12 -26 -33 0 0 0 0 0 0 0 0 9 14 23 25 21 0 0 0 30 -21 0 -27 0 30 0 0 
-49 -47 0 0 0 0 0 0 -14 -28 0 -41 0 0 -44 -43 -41 0 0 0 44 22 -40 -23 0 0 -1 0 0 0 -15 2 0 -27 0 0 0 0 0 -12 0 0 -5 7 45 0 -25 0 -38 36 0 0 0 0 -41 0 -6 11 0 40 29 -6 0 0 0 25 0 0 0 0 41 0 0 0 0 37 0 -2 -20 0 
-6 19 7 -8 4 0 0 0 0 0 0 -19 0 0 0 0 -39 0 0 -2 0 -31 0 46 0 0 -19 0 -9 0 48 -47 -5 -5 36 0 28 0 0 27 0 -44 0 0 4 -5 0 0 0 0 -3 -40 0 0 0 0 0 -24 -20 -9 48 -36 29 -28 -15 -40 0 -47 0 0 0 -42 -3 0 0 -26 12 0 0 -15 
1 0 0 -33 0 0 0 -9 0 0 -40 0 0 -27 0 -20 5 -27 44 0 0 -1 0 0 0 0 -26 0 -7 0 0 -3 0 -41 0 0 -39 0 -16 0 0 0 23 0 0 0 -14 0 0 11 0 0 0 14 0 28 6 36 -17 0 0 0 34 0 -8 34 -16 0 31 0 0 0 0 -43 20 -16 0 -1 0 39 
0 -23 0 0 20 0 0 0 0 29 0 -3 -37 27 0 0 -4 46 22 -31 -1 0 -12 9 43 0 -21 0 8 6 23 0 0 0 0 0 47 0 0 47 -47 0 15 0 -22 0 0 -29 37 0 0 -29 0 0 0 0 0 0 0 -9 0 -46 13 0 8 0 0 43 0 4 0 0 -48 -12 23 -16 0 36 0 21 
0 -30 3 34 43 18 34 0 0 -31 0 3 -32 0 -9 11 0 -19 -40 0 0 -12 0 5 39 1 -9 0 0 0 21 0 26 0 28 -41 11 -25 13 0 0 -3 3 26 0 32 30 27 -23 26 0 0 0 14 0 0 -35 0 0 0 0 0 21 1 0 0 -13 0 0 0 0 0 0 44 0 0 0 0 -11 -12 
46 0 0 -16 0 -4 -43 -24 3 0 0 13 0 31 0 0 0 0 -23 46 0 9 5 0 11 -14 0 -40 35 0 0 -36 -2 0 3 0 0 0 0 0 0 0 0 0 -20 -15 0 10 13 0 0 -40 0 -14 0 0 -8 -31 0 0 -36 0 0 0 22 36 0 0 0 0 0 0 0 0 30 0 -18 0 0 0 
0 0 0 0 -28 30 -43 35 26 -2 0 -7 -15 43 0 0 35 -41 0 0 0 43 39 11 29 38 -12 39 0 0 0 0 0 0 0 0 -43 0 0 0 0 0 25 0 0 42 0 0 0 4 0 0 -5 0 49 -42 -3 0 25 0 0 0 0 0 0 0 31 31 -36 0 10 0 -11 16 0 31 0 0 -15 0 
-16 31 -15 42 0 0 -5 0 25 0 0 0 -39 48 0 0 -8 0 0 0 0 0 1 -14 38 26 -27 0 0 0 45 0 7 0 -43 -2 -31 38 0 0 13 -42 -20 -17 -34 0 34 0 16 0 -10 23 -21 -35 -30 -42 0 0 0 0 0 0 0 0 0 0 0 0 0 -15 -21 8 -19 37 -48 -11 8 0 -6 0 
0 -39 -4 8 0 0 1 -3 19 0 0 0 0 -37 34 0 26 0 -1 -19 -26 -21 -9 0 -12 -27 0 46 0 24 0 24 0 0 43 0 -11 0 -41 0 49 0 48 -2 0 0 0 -13 0 0 0 12 0 0 2 0 0 0 0 0 20 0 0 0 -22 0 -22 0 0 0 0 0 0 0 0 0 -12 -37 0 -23 
-41 0 -39 0 12 -5 0 -25 0 -19 -43 -38 0 24 0 11 0 5 0 0 0 0 0 -40 39 0 46 -44 -16 0 0 25 -21 0 0 -17 0 -49 -30 -4 0 0 24 0 -28 14 27 0 0 0 3 12 14 19 0 -38 0 -41 -6 0 -15 -10 0 -16 -16 0 0 12 -2 0 -21 -29 -29 44 0 23 0 -33 0 0 
0 0 -27 -2 -7 0 0 25 15 0 38 -15 -31 25 0 -39 0 4 0 -9 -7 8 0 35 0 0 0 -16 0 0 0 -1 0 -5 16 -2 0 0 -8 0 14 0 0 -2 0 -4 0 0 0 -41 45 0 0 0 -42 -2 0 0 0 0 0 0 0 -47 0 -48 0 0 0 0 -6 0 0 0 0 0 -28 0 0 -44 
19 0 0 0 -49 32 0 0 0 32 0 48 0 0 0 0 -32 -6 0 0 0 6 0 0 0 0 24 0 0 0 -37 0 0 20 0 0 -5 -16 0 -4 0 0 0 -1 26 0 44 0 45 0 0 0 0 -6 -25 0 45 -21 0 2 -39 0 19 0 4 5 14 0 0 0 -45 0 0 0 0 8 0 -47 0 0 
35 0 0 -35 0 -2 0 0 0 0 0 -1 0 0 10 0 0 -34 -15 48 0 23 21 0 0 45 0 0 0 -37 0 -36 0 0 5 0 0 0 0 43 0 -31 0 0 2 -11 -18 -11 11 0 0 0 0 -12 0 0 -6 -12 45 44 -21 -48 37 -41 -2 -3 47 0 45 42 0 24 0 0 0 0 31 0 41 43 
0 0 0 0 0 10 -28 0 17 -10 0 0 0 0 0 0 0 -4 2 -47 -3 0 0 -36 0 0 24 25 -1 0 -36 0 0 -4 0 0 0 0 0 0 37 0 0 46 0 -4 0 0 0 0 20 0 -42 -35 0 -6 42 0 39 -46 0 0 28 0 45 0 0 20 -7 28 0 0 0 -14 -19 -31 0 0 5 -2 
0 -3 25 0 0 3 41 -13 38 0 0 20 0 0 0 0 0 0 0 -5 0 0 26 -2 0 7 0 -21 0 0 0 0 -40 0 0 25 4 44 0 0 41 0 11 0 14 30 39 49 -19 -3 0 0 -19 0 27 18 0 0 0 0 0 0 0 0 6 -42 34 0 0 0 0 0 0 0 32 8 12 -15 11 17 
0 0 0 32 -35 -37 0 1 0 17 0 0 0 0 0 0 0 0 -27 -5 -41 0 0 0 0 0 0 0 -5 20 0 -4 0 0 -33 -30 0 13 0 0 -15 23 0 0 17 0 0 0 -23 0 0 0 0 0 0 0 7 -46 35 0 -43 0 0 0 0 49 -33 17 0 0 0 0 30 34 0 19 38 0 0 0 
15 38 0 0 0 0 9 0 0 0 -39 -23 0 -3 16 0 0 -21 0 36 0 0 28 3 0 -43 43 0 16 0 5 0 0 -33 -36 49 -35 0 25 0 30 -39 -48 0 44 3 10 -18 -10 0 -28 -19 0 0 0 46 0 0 0 0 0 0 0 0 0 0 0 0 -32 0 18 -46 0 -39 0 0 0 0 0 7 
0 18 0 0 0 0 0 -48 0 29 0 -26 -29 0 33 0 11 0 0 0 0 0 -41 0 0 -2 0 -17 -2 0 0 0 25 -30 49 0 35 0 10 0 0 -25 -43 0 -36 25 22 0 40 0 -39 44 0 -47 0 -48 0 15 0 0 0 23 0 0 44 0 -12 -12 26 0 -14 -24 39 45 18 28 -27 0 0 0 
7 0 -31 0 0 -18 8 0 -33 0 0 0 0 0 0 12 0 0 0 28 -39 47 11 0 -43 -31 -11 0 0 -5 0 0 4 0 -35 35 0 0 0 29 0 6 0 17 0 48 -12 0 0 0 0 44 0 -43 33 0 32 40 7 0 0 0 0 0 39 0 39 32 0 0 29 0 0 0 0 -17 0 16 0 0 
23 0 0 -11 -41 0 0 17 -49 0 0 0 0 19 -21 -5 14 0 0 0 0 0 -25 0 0 38 0 -49 0 -16 0 0 44 13 0 0 0 0 0 0 5 0 0 -19 0 0 0 0 0 0 0 35 -12 40 31 -37 0 -43 0 0 -19 46 0 0 16 0 18 -24 0 -40 27 -46 46 0 0 0 0 28 0 0 
19 0 34 -33 -3 0 25 0 30 12 0 0 0 0 0 26 -18 0 0 0 -16 0 13 0 0 0 -41 -30 -8 0 0 0 0 0 25 10 0 0 -31 0 0 -36 49 0 0 -41 0 -24 0 0 0 0 0 0 0 -49 0 0 0 -37 -23 0 0 0 -13 21 -48 49 0 32 33 37 0 0 19 32 -7 25 32 0 
-49 8 0 0 0 5 -20 -7 0 -40 3 0 33 35 20 -16 0 -13 -12 27 0 47 0 0 0 0 0 -4 0 -4 43 0 0 0 0 0 29 0 0 0 -11 0 0 0 -29 19 45 0 -14 17 43 0 0 0 -19 0 0 34 31 -37 23 0 22 0 25 -20 -48 0 0 -31 -15 0 0 43 0 0 -40 14 -16 0 
0 -9 -18 -19 0 0 28 -42 25 0 0 0 -10 0 29 0 -23 0 0 0 0 -47 0 0 0 13 49 0 14 0 0 37 41 -15 30 0 0 5 0 -11 0 0 0 -15 0 0 -21 0 0 0 33 0 -13 0 -27 46 -35 0 0 0 0 -8 -43 0 0 0 -16 0 0 44 1 0 0 -1 0 0 0 0 -48 -44 
0 0 0 34 0 0 0 -23 44 -49 22 38 21 0 0 -40 0 0 0 -44 0 0 -3 0 0 -42 0 0 0 0 -31 0 0 23 -39 -25 6 0 -36 0 0 13 -22 -15 -1 -38 0 0 0 -35 -2 0 -30 0 0 39 44 16 0 0 -22 0 0 0 0 -48 -29 11 -38 -31 -45 0 0 -23 -21 22 7 0 0 0 
-41 47 0 5 0 -37 0 -8 0 24 10 0 35 -46 -4 -17 44 0 -5 0 23 15 3 0 25 -20 48 24 0 0 0 0 11 0 -48 -43 0 0 49 0 0 -22 -41 -8 -10 0 0 0 37 -24 -33 0 -29 -36 33 0 0 -26 31 0 0 2 0 -11 32 -34 0 32 42 -5 34 0 0 0 0 0 14 29 0 0 
0 -48 0 0 -48 -43 0 0 -37 40 0 0 0 33 -49 49 21 0 7 0 0 0 26 0 0 -17 -2 0 -2 -1 0 46 0 0 0 0 17 -19 0 0 -15 -15 -8 0 31 -14 0 0 0 -43 0 -37 15 27 -44 -23 1 0 0 0 0 0 -43 -46 -8 0 0 -32 0 -12 -49 0 -8 0 -19 0 25 0 40 0 
0 0 16 0 -10 -17 0 3 12 -2 0 2 0 9 0 0 21 0 45 4 0 -22 0 -20 0 -34 0 -28 0 26 2 0 14 17 44 -36 0 0 0 -29 0 -1 -10 31 42 0 -34 0 0 0 0 0 6 0 0 24 0 30 -24 -16 0 0 0 18 0 -2 25 0 -9 0 -4 0 0 0 0 0 0 -16 0 0 
0 12 -43 0 0 0 0 -16 0 0 0 0 0 0 0 -9 -29 -7 0 -5 0 0 32 -15 42 0 0 14 -4 0 -11 -4 30 0 3 25 48 0 -41 19 0 -38 0 -14 0 0 29 -48 0 9 0 40 0 27 0 0 -39 32 -39 0 0 0 0 -21 0 5 -40 0 22 27 0 0 28 0 0 -33 -48 0 0 18 
1 0 0 33 -47 -27 0 20 -20 2 0 -10 -41 -30 0 0 35 0 -25 0 -14 0 30 0 0 34 0 27 0 44 -18 0 39 0 10 22 -12 0 0 45 -21 0 0 0 -34 29 26 0 0 -2 49 -18 -30 -22 -7 5 0 0 40 0 24 0 -27 -26 0 0 0 -28 -2 9 14 27 0 26 0 48 0 0 0 30 
0 0 28 0 27 -31 0 -19 0 0 0 0 0 0 44 -30 0 -5 0 0 0 -29 27 10 0 0 -13 0 0 0 -11 0 49 0 -18 0 0 0 -24 0 0 0 0 0 0 -48 0 15 0 0 0 0 -8 0 38 0 34 2 0 41 0 -15 0 21 0 0 0 17 0 0 0 0 35 -22 0 29 21 0 39 0 
0 0 -8 0 -2 18 0 0 0 16 0 0 28 8 -10 0 0 -40 -38 0 0 37 -23 13 0 16 0 0 0 45 11 0 -19 -23 -10 40 0 0 0 -14 0 0 37 0 0 0 0 0 -47 0 0 13 -11 0 0 -22 0 0 -39 -26 49 38 0 0 0 35 49 12 0 0 0 2 0 46 0 0 39 0 -14 28 
0 0 -45 0 0 -18 -43 0 -24 -25 -10 39 -44 0 0 14 -30 0 36 0 11 0 26 0 4 0 0 0 -41 0 0 0 -3 0 0 0 0 0 0 17 0 -35 -24 -43 0 9 -2 0 0 -14 -15 -29 32 0 15 14 0 40 48 0 0 7 -23 0 38 47 8 0 -30 -14 6 6 -42 -38 0 -44 0 17 -21 0 
3 0 0 -31 39 0 0 0 0 0 -23 -12 0 0 0 0 -47 0 0 -3 0 0 0 0 0 -10 0 3 45 0 0 20 0 0 -28 -39 0 0 0 43 33 -2 -33 0 0 0 49 0 0 -15 -8 47 -25 0 20 -14 0 0 0 0 33 0 49 0 0 0 -35 0 33 0 -31 -3 0 22 0 32 -14 0 0 0 
-12 17 0 0 0 0 -24 0 0 0 24 0 0 -34 2 -8 0 23 0 -40 0 -29 0 -40 0 23 12 12 0 0 0 0 0 0 -19 44 44 35 0 0 0 0 0 -37 0 40 -18 0 13 -29 47 0 -9 45 0 0 0 0 26 0 0 49 0 0 0 0 38 22 0 0 0 13 0 20 -14 -42 0 0 16 0 
0 0 0 18 0 0 39 12 0 29 -9 0 0 5 -25 32 -37 -40 0 0 0 0 0 0 -5 -21 0 14 0 0 0 -42 -19 0 0 0 0 -12 0 0 -13 -30 -29 15 6 0 -30 -8 -11 32 -25 -9 0 -32 -38 -26 0 -19 0 36 0 39 -32 6 27 0 3 0 29 0 22 -48 37 19 0 0 0 0 0 26 
1 0 48 0 0 0 -47 0 0 0 0 9 0 8 23 45 -12 -12 0 0 14 0 14 -14 0 -35 0 19 0 -6 -12 -35 0 0 0 -47 -43 40 0 0 0 0 -36 27 0 27 -22 0 0 0 0 45 -32 -45 -1 0 -11 -9 -29 0 0 -45 0 -34 0 -17 -49 0 39 0 0 0 1 0 -11 -47 44 0 0 0 
-8 22 1 -25 12 0 17 0 19 -12 -36 0 -37 0 0 -35 -17 -26 -41 0 0 0 0 0 49 -30 2 0 -42 -25 0 0 27 0 0 0 33 31 0 -19 -27 0 33 -44 0 0 -7 38 0 15 20 0 -38 -1 28 -2 0 41 -33 -22 0 0 0 0 10 0 3 0 -33 0 -14 -14 -7 0 24 29 0 31 0 32 
43 -8 22 -1 0 0 0 37 3 28 -18 12 37 38 -45 4 -41 -33 0 0 28 0 0 0 -42 -42 0 -38 -2 0 0 -6 18 0 46 -48 0 -37 -49 0 46 39 0 -23 24 0 5 0 -22 14 -14 0 -26 0 -2 0 -21 0 -31 0 35 48 1 33 0 15 0 0 0 0 31 4 31 22 0 32 0 24 0 -22 
0 0 -48 43 0 1 0 0 30 35 -42 0 0 0 30 0 34 0 -6 0 6 0 -35 -8 -3 0 0 0 0 45 -6 42 0 7 0 0 32 0 0 0 -35 44 0 1 0 -39 0 34 0 0 0 0 0 -11 0 -21 0 0 0 44 -35 -47 -15 0 -36 18 14 0 0 34 0 0 0 16 49 21 -18 0 0 0 
0 -16 -14 33 0 0 0 -16 2 5 0 14 -48 0 0 0 0 0 11 -24 36 0 0 -31 0 0 0 -41 0 -21 -12 0 0 -46 0 15 40 -43 0 34 0 16 -26 0 30 32 0 2 0 40 0 0 -19 -9 41 0 0 0 0 0 0 -28 42 -14 0 -23 -24 -45 0 0 43 0 -10 12 42 0 6 -15 40 0 
0 0 7 -45 -49 45 -6 0 0 40 0 0 0 0 0 22 0 0 0 -20 -17 0 0 0 25 0 0 -6 0 0 45 39 0 35 0 0 7 0 0 31 0 0 31 0 -24 -39 40 0 -39 48 0 26 0 -29 -33 -31 0 0 0 36 13 0 13 -25 37 0 0 0 16 -17 31 0 36 46 -22 -36 0 -38 0 -37 
0 36 0 -41 -1 0 7 0 0 0 0 5 0 -49 0 0 0 0 40 -9 0 -9 0 0 0 0 0 0 0 2 44 -46 0 0 0 0 0 0 -37 -37 0 0 0 0 -16 0 0 41 -26 0 0 0 36 0 -22 0 44 0 36 7 0 17 0 0 -6 -9 0 22 0 30 0 49 0 0 0 0 0 0 0 -26 
23 -36 1 -24 0 36 -12 0 -4 39 32 0 -5 34 -5 11 -15 0 29 48 0 0 0 -36 0 0 20 -15 0 -39 -21 0 0 -43 0 0 0 -19 -23 23 0 -22 0 0 0 0 24 0 49 0 33 0 0 0 0 35 -35 0 13 0 0 46 0 35 -5 49 0 0 0 0 0 0 0 0 -12 40 -16 0 0 0 
0 -5 -12 0 -28 0 0 0 -15 0 -3 0 0 0 0 12 38 0 -6 -36 0 -46 0 0 0 0 0 -10 0 0 -48 0 0 0 0 23 0 46 0 0 -8 0 2 0 0 0 0 -15 38 7 0 49 39 -45 0 48 -47 -28 0 17 46 -20 10 -33 0 -46 0 0 -38 21 0 -4 -20 -10 32 0 -7 33 0 -36 
0 -29 0 -13 -46 -40 0 -19 17 -17 0 -35 0 47 0 0 -21 0 0 29 34 13 21 0 0 0 0 0 0 19 37 28 0 0 0 0 0 0 0 22 -43 0 0 -43 0 0 -27 0 0 -23 49 0 -32 0 0 1 -15 42 13 0 0 10 0 0 38 2 -6 0 0 11 -44 27 0 -46 0 -49 0 -7 44 0 
0 -1 0 0 39 0 0 0 24 4 0 0 0 0 23 0 0 0 0 -28 0 0 1 0 0 0 0 -16 -47 0 -41 0 0 0 0 0 0 0 0 0 0 0 -11 -46 18 -21 -26 21 0 0 0 0 6 -34 0 33 0 -14 -25 0 35 -33 0 26 0 19 10 0 -11 0 0 49 -18 0 0 -8 0 9 0 -2 
0 18 0 39 0 40 0 -29 0 -38 -31 0 26 0 0 0 40 9 0 -15 -8 8 0 22 0 0 -22 -16 0 4 -2 45 6 0 0 44 39 16 -13 25 0 0 32 -8 0 0 0 0 0 38 0 0 27 0 10 0 -36 0 37 -6 -5 0 38 0 0 0 0 0 0 0 0 -23 16 0 -19 22 0 43 0 0 
0 0 0 19 -24 11 -20 0 0 -24 29 0 0 0 37 48 0 14 25 -40 34 0 0 36 0 0 0 0 -48 5 -3 0 -42 49 0 0 0 0 21 -20 0 -48 -34 0 -2 5 0 0 35 47 0 0 0 -17 0 15 18 -23 0 -9 49 -46 2 19 0 9 42 18 0 36 29 0 -21 43 0 0 0 12 0 0 
45 0 0 0 0 0 0 0 0 7 17 46 32 0 41 48 -6 23 0 0 -16 0 -13 0 31 0 -22 0 0 14 47 0 34 -33 0 -12 39 18 -48 -48 -16 -29 0 0 25 -40 0 0 49 8 -35 38 3 -49 3 0 14 -24 0 0 0 0 -6 10 0 42 0 0 0 0 0 -17 3 0 0 2 0 8 2 -29 
0 0 -9 20 -46 -27 47 -2 9 0 0 0 8 -45 0 -14 -16 25 0 -47 0 43 0 0 31 0 0 12 0 0 0 20 0 17 0 -12 32 -24 49 0 0 11 32 -32 0 0 -28 17 12 0 0 22 0 0 0 0 0 -45 0 22 0 0 0 0 0 18 0 0 0 0 -15 0 0 20 0 -3 26 0 -28 32 
18 0 -26 0 0 0 0 -22 0 28 -7 -25 0 8 0 0 0 21 0 0 31 0 0 0 -36 0 0 -2 0 0 45 -7 0 0 -32 26 0 0 0 0 0 -38 42 0 -9 22 -2 0 0 -30 33 0 29 39 -33 0 0 0 16 0 0 -38 0 -11 0 0 0 0 0 39 0 4 0 -7 46 0 36 2 22 -3 
0 32 0 0 0 -8 0 0 0 -24 42 9 0 0 0 0 0 0 0 0 0 4 0 0 0 -15 0 0 0 0 42 28 0 0 0 0 0 -40 32 -31 44 -31 -5 -12 0 27 9 0 0 -14 0 0 0 0 0 0 34 0 -17 30 0 21 11 0 0 36 0 0 39 0 0 -48 0 0 0 -31 0 0 0 17 
0 32 0 0 0 4 0 0 0 -21 -4 0 0 0 0 0 0 0 41 0 0 0 0 0 10 -21 0 -21 -6 -45 0 0 0 0 18 -14 29 27 33 -15 1 -45 34 -49 -4 0 14 0 0 6 -31 0 22 0 -14 31 0 43 31 0 0 0 -44 0 0 29 0 -15 0 0 0 0 0 20 0 11 12 0 -17 -29 
-35 0 0 22 0 0 0 0 0 0 0 -22 0 0 0 0 0 0 0 -42 0 0 0 0 0 8 0 -29 0 0 24 0 0 0 -46 -24 0 -46 37 0 0 0 0 0 0 0 27 0 2 6 -3 13 -48 0 -14 4 0 0 0 49 0 -4 27 49 -23 0 -17 0 4 -48 0 0 21 4 -16 0 -27 -47 19 0 
-10 30 5 -23 0 0 0 4 -45 0 0 0 37 0 48 -21 0 30 0 -3 0 -48 0 0 -11 -19 0 -29 0 0 0 0 0 30 0 39 0 46 0 0 0 0 0 -8 0 28 0 35 0 -42 0 0 37 1 -7 31 0 -10 36 0 0 -20 0 -18 16 -21 3 0 0 0 0 21 0 0 -12 0 0 0 0 0 
0 0 36 0 0 0 0 33 0 0 35 38 -8 0 0 -28 -48 -21 0 0 -43 -12 44 0 16 37 0 44 0 0 0 -14 0 34 -39 45 0 0 0 43 -1 -23 0 0 0 0 26 -22 46 -38 22 20 19 0 0 22 16 12 46 0 0 -10 -46 0 0 43 0 20 -7 0 20 4 0 0 33 -10 -20 0 0 0 
46 0 -2 0 0 0 18 -1 2 0 0 0 0 0 7 -37 -35 0 0 0 20 23 0 30 0 -48 0 0 0 0 0 -19 32 0 0 18 0 0 19 0 0 -21 0 -19 0 0 0 0 0 0 0 -14 0 -11 24 0 49 42 -22 0 -12 32 0 0 -19 0 0 0 46 0 0 -16 -12 33 0 0 0 -41 0 15 
-41 -45 26 0 0 -22 -9 0 0 9 0 0 -5 -13 0 0 0 -27 37 -26 -16 -16 0 0 31 -11 0 23 0 8 0 -31 8 19 0 28 -17 0 32 0 0 22 0 0 0 -33 48 29 0 -44 32 -42 0 -47 29 32 21 0 -36 0 40 0 -49 -8 22 0 2 -3 0 -31 11 0 0 -10 0 -22 0 -17 -28 42 
0 0 0 30 -6 -23 -27 0 0 0 0 0 0 29 -5 0 0 0 0 12 0 0 0 -18 0 8 -12 0 -28 0 31 0 12 38 0 -27 0 0 -7 -40 0 7 14 25 0 -48 0 21 39 0 -14 0 0 44 0 0 -18 6 0 0 -16 -7 0 0 0 0 0 26 36 0 12 -27 0 -20 0 0 0 0 -23 0 
-27 13 0 0 9 0 0 35 1 0 -36 0 0 -37 -20 0 -2 30 -2 0 -1 36 0 0 0 0 -37 -33 0 -47 0 0 -15 0 0 0 16 28 25 14 0 0 29 0 -16 0 0 0 0 17 0 0 0 0 31 24 0 -15 -38 0 0 33 -7 9 43 12 8 0 2 0 0 -47 0 0 -41 -17 0 -21 0 17 
21 0 0 0 0 -7 -1 -12 -19 5 0 0 -47 -5 -45 0 0 0 -20 0 0 0 -11 0 -15 -6 0 0 0 0 41 5 11 0 0 0 0 0 32 -16 -48 0 0 40 0 0 0 39 -14 -21 0 16 0 0 0 0 0 40 0 0 0 0 44 0 0 0 2 -28 22 0 -17 19 0 0 0 -28 -23 0 0 0 
0 0 0 3 0 -49 -25 43 0 -46 22 -39 0 36 0 0 0 0 0 -15 39 21 -12 0 0 0 -23 0 -44 0 43 -2 17 0 7 0 0 0 0 0 -44 0 0 0 0 18 30 0 28 0 0 0 26 0 32 -22 0 0 -37 -26 0 -36 0 -2 0 0 -29 32 -3 17 -29 0 0 0 15 42 0 17 0 0 
