80
0 0 -11 0 0 -27 0 0 0 -49 0 0 0 0 0 0 0 -41 0 0 -13 0 0 0 0 27 0 0 0 0 10 0 0 0 0 0 0 0 0 0 0 0 0 0 -36 0 0 0 0 0 0 0 17 0 -49 0 0 0 35 -34 0 0 0 0 0 0 0 0 0 0 0 0 0 -5 48 0 -38 0 0 46 
0 0 0 -35 0 0 0 4 38 0 0 -32 0 25 0 0 -18 0 0 0 0 -20 6 0 0 0 0 -45 0 0 0 0 0 0 0 0 0 0 -28 0 0 42 0 0 0 0 -49 -6 1 0 0 0 0 0 0 -16 0 -41 0 0 0 0 0 0 0 0 0 -41 0 0 0 23 0 -41 -7 0 -41 0 0 0 
0 1 0 0 0 3 -12 0 1 0 0 0 43 0 0 0 0 23 0 0 0 0 0 0 -25 18 0 0 0 0 0 -10 0 46 -41 0 0 0 0 21 0 0 0 0 -20 0 0 0 0 5 0 0 0 0 0 -6 0 0 0 0 0 0 0 0 0 0 0 0 0 0 0 -48 0 0 0 0 0 0 0 0 
0 0 0 0 0 -41 0 0 0 0 -3 0 38 0 0 0 0 0 0 0 0 0 -9 0 0 0 0 0 0 0 0 12 0 0 0 0 0 17 0 0 22 -8 0 -16 0 36 0 0 0 0 0 0 0 0 0 -1 18 0 0 0 0 32 32 0 0 36 0 -45 0 0 0 0 0 0 -32 0 0 0 0 0 
-35 0 0 0 0 0 0 0 0 0 0 -30 0 0 0 -33 0 0 0 0 0 0 0 0 0 0 7 0 0 -41 0 0 0 0 0 0 0 0 0 0 0 0 0 -27 0 0 0 25 0 0 0 -31 0 34 0 -18 0 0 0 16 -43 0 28 -8 0 0 0 0 0 0 0 0 0 1 0 0 0 -48 -14 7 
0 0 0 0 0 1 0 0 0 0 0 0 0 -43 0 0 0 0 0 5 36 0 41 41 0 0 0 0 0 0 0 0 0 -25 0 0 0 9 14 0 0 13 0 0 0 0 -21 35 0 -8 0 0 0 0 34 -16 0 42 8 0 0 0 0 0 -35 0 0 0 0 0 0 0 0 0 0 0 0 0 25 -42 
0 3 -41 0 1 0 0 5 0 0 0 33 0 0 0 -31 0 18 0 -25 0 -7 -47 -45 0 0 0 0 0 0 0 0 0 -13 0 39 19 0 0 0 0 0 0 0 0 0 0 0 -28 0 0 0 0 -38 3 0 0 0 0 0 0 0 0 0 -45 0 0 0 0 0 0 0 4 0 20 43 0 0 0 0 
0 -12 0 0 0 0 0 0 12 -7 -49 0 0 0 0 0 0 0 0 0 -41 0 -44 0 0 0 0 0 0 0 0 0 0 0 -18 0 0 -2 0 39 0 0 0 0 45 0 0 0 0 41 0 0 -28 0 42 0 0 0 0 0 0 0 -46 0 0 0 0 0 0 0 0 -6 0 0 0 0 0 0 0 0 
4 0 0 0 0 5 0 0 -25 -36 39 0 0 0 0 0 47 0 -43 0 0 0 0 0 0 25 -4 0 0 0 -5 0 0 0 -21 0 10 3 -37 0 0 0 0 0 0 0 5 0 0 0 0 -29 0 -17 0 -27 0 0 0 0 35 0 0 0 0 0 0 0 0 1 0 45 0 0 0 0 0 0 0 -2 
38 1 0 0 0 0 12 -25 35 0 0 0 -27 0 -8 4 0 0 0 0 0 0 -15 0 0 -7 -49 0 0 0 -43 0 0 0 0 0 43 0 -47 0 0 0 0 34 -43 0 0 0 -5 0 -18 0 0 0 0 0 44 0 0 9 0 8 0 25 0 0 0 0 0 0 0 0 0 0 0 0 0 0 -43 0 
0 0 0 0 0 0 -7 -36 0 0 0 0 0 0 0 0 0 0 17 0 0 0 -6 0 -49 0 0 0 0 0 0 0 34 47 0 0 0 0 0 0 0 0 0 -9 0 0 0 0 -1 -25 11 0 0 -37 0 0 0 0 0 0 0 20 -31 0 0 0 -40 0 -24 0 0 0 0 0 0 -31 0 25 0 0 
0 0 -3 0 0 0 -49 39 0 0 0 -13 1 0 0 0 0 0 0 -19 0 0 0 -42 -23 -8 0 3 -16 20 -19 0 0 0 0 0 0 0 0 0 0 0 0 0 -16 0 0 0 0 0 0 0 0 -29 0 0 0 0 0 -22 0 0 0 0 0 0 33 -1 0 0 35 0 0 0 0 0 0 0 0 0 
-32 0 0 -30 0 33 0 0 0 0 -13 0 0 0 19 0 -41 0 0 0 -14 0 0 0 0 3 26 25 19 0 0 0 0 0 0 17 0 0 0 0 0 0 0 0 0 -49 0 48 0 -27 0 0 0 0 0 0 12 0 -20 0 0 -24 0 0 0 0 0 0 0 0 0 0 0 0 0 2 0 0 -4 -15 
0 43 38 0 0 0 0 0 -27 0 1 0 0 0 0 24 0 0 0 9 0 0 0 0 -45 0 0 22 0 1 0 0 0 0 0 47 0 0 0 0 0 0 0 0 0 0 -39 -46 0 2 0 0 0 0 0 0 -13 0 0 -2 0 0 0 0 -25 14 -10 0 0 0 0 0 0 0 -47 12 -40 0 0 47 
25 0 0 0 -43 0 0 0 0 0 0 0 0 0 24 40 0 33 0 35 0 0 25 -37 0 0 34 33 0 0 35 5 40 0 0 0 0 0 -17 0 0 0 -38 -24 0 0 0 0 28 -24 0 0 0 0 0 0 0 9 0 0 5 -46 0 0 0 0 0 -35 0 0 0 0 0 0 0 0 -40 0 0 0 
0 0 0 0 0 0 0 0 -8 0 0 19 0 24 0 0 0 -43 0 0 -46 0 0 0 -39 0 0 0 0 0 0 -43 0 0 10 0 0 0 0 0 0 0 47 -46 0 0 -9 0 0 0 35 0 0 0 0 0 0 0 0 0 -41 12 0 0 0 29 17 0 -7 0 0 0 -4 0 0 35 0 0 0 -36 
0 0 0 -33 0 -31 0 0 4 0 0 0 24 40 0 0 0 34 -49 0 0 0 0 9 -7 0 0 0 -41 0 -14 0 0 -46 -30 0 -7 0 0 0 4 -11 0 -7 0 0 20 0 -23 -26 0 0 0 0 0 0 0 0 0 0 0 0 0 0 0 0 0 0 0 0 0 0 0 0 12 9 0 0 0 0 
-18 0 0 0 0 0 0 47 0 0 0 -41 0 0 0 0 0 14 0 0 0 0 0 0 -35 0 0 0 46 0 -25 9 0 -22 0 0 0 0 0 0 0 0 1 0 0 0 -46 0 27 0 0 -44 0 0 0 0 0 0 -44 15 0 -14 0 0 0 0 0 -39 0 0 0 0 0 0 -14 0 0 0 0 0 
0 23 0 0 0 18 0 0 0 0 0 0 0 33 -43 34 14 28 0 35 0 0 0 -41 0 0 0 0 0 0 0 0 0 0 0 0 0 -34 0 0 -48 0 0 -5 0 0 0 26 0 32 8 0 0 0 0 0 0 0 0 0 0 0 0 0 0 0 0 -47 0 0 0 0 0 0 0 0 0 0 0 0 
0 0 0 0 0 0 0 -43 0 17 0 0 0 0 0 -49 0 0 0 27 0 0 0 0 43 0 0 0 0 -39 46 0 37 0 0 0 0 0 0 0 0 0 0 0 0 0 0 0 0 0 -46 0 0 0 0 0 0 0 0 0 0 0 0 8 0 -34 0 -12 0 0 0 38 0 0 0 0 0 0 34 0 
0 0 0 0 5 -25 0 0 0 0 -19 0 9 35 0 0 0 35 27 47 0 0 0 0 -45 0 0 0 0 0 0 0 0 0 -13 0 -23 0 0 0 0 0 36 -32 0 0 0 0 15 0 -1 0 0 0 0 0 -11 0 0 0 0 0 0 0 0 0 0 0 10 0 0 16 0 0 9 0 0 0 0 0 
0 0 0 0 36 0 -41 0 0 0 0 -14 0 0 -46 0 0 0 0 0 0 29 0 0 0 0 -49 0 0 0 0 0 0 -10 0 0 2 0 0 46 0 0 0 -41 0 0 0 0 0 -5 0 0 23 0 37 0 0 0 0 0 0 0 0 0 0 0 0 7 0 0 0 -27 -45 28 0 0 0 0 -43 0 
-20 0 0 0 0 -7 0 0 0 0 0 0 0 0 0 0 0 0 0 0 29 -20 0 11 0 0 0 0 11 0 0 0 0 0 0 0 0 0 0 12 0 0 0 26 -16 0 -40 -17 0 0 0 0 -9 0 -30 0 0 0 9 47 0 0 45 0 0 0 0 0 0 0 0 22 0 0 0 0 0 0 0 0 
6 0 -9 0 41 -47 -44 0 -15 -6 0 0 0 25 0 0 0 0 0 0 0 0 0 0 0 49 0 0 -14 0 0 0 0 -21 -28 -37 0 21 0 0 0 0 0 -41 -39 0 0 0 -4 0 0 0 0 0 -8 0 0 -18 -32 0 0 0 0 0 11 0 14 0 0 0 0 -23 0 44 0 0 0 21 0 -23 
0 0 0 0 41 -45 0 0 0 0 -42 0 0 -37 0 9 0 -41 0 0 0 11 0 0 -21 -30 0 0 24 0 0 0 0 43 0 0 0 -24 0 0 0 0 0 -15 3 0 8 33 -6 -16 0 0 0 0 0 0 0 0 0 0 -35 0 0 -2 0 0 44 0 0 0 0 0 0 0 0 -19 0 -41 0 0 
0 -25 0 0 0 0 0 0 0 -49 -23 0 -45 0 -39 -7 -35 0 43 -45 0 0 0 -21 0 0 0 0 0 0 0 0 0 -34 -4 0 0 -21 0 0 0 0 0 0 0 0 0 0 0 0 0 0 -30 0 0 0 0 0 0 0 0 -2 0 0 -12 0 0 0 0 0 0 0 0 0 0 0 0 0 0 0 
0 18 0 0 0 0 0 25 -7 0 -8 3 0 0 0 0 0 0 0 0 0 0 49 -30 0 -27 25 0 0 0 0 0 0 0 30 0 30 -21 0 0 0 0 0 0 0 0 0 0 0 0 0 37 0 7 0 0 0 0 0 0 0 0 0 0 0 0 -15 2 0 -27 0 0 0 0 0 -12 0 0 0 0 
0 0 0 7 0 0 0 -4 -49 0 0 26 0 34 0 0 0 0 0 0 -49 0 0 0 0 25 -5 0 -43 0 0 0 -25 0 -38 36 0 0 0 0 -41 0 -6 11 0 40 29 -6 0 0 0 0 -17 0 0 0 0 0 0 0 0 0 0 37 0 0 0 0 0 0 8 48 -31 0 46 0 0 0 0 0 
-45 0 0 0 0 0 0 0 0 0 3 25 22 33 0 0 0 0 0 0 0 0 0 0 0 0 0 0 -9 0 0 26 0 0 0 0 0 0 0 0 0 0 0 0 28 0 0 27 0 -44 0 0 0 0 0 -5 0 0 0 0 0 0 0 -37 0 0 0 0 0 0 0 0 0 0 0 0 21 0 48 -36 
0 0 0 0 0 0 0 0 0 0 -16 19 0 0 0 -41 46 0 0 0 0 11 -14 24 0 0 -43 -9 0 0 37 0 0 0 0 -40 0 0 -27 0 0 0 0 0 0 0 0 0 0 -26 0 20 48 0 0 28 0 8 0 0 0 0 15 0 0 0 0 0 0 0 0 -41 0 0 -39 0 0 0 28 0 
0 0 0 -41 0 0 0 0 0 0 20 0 1 0 0 0 0 0 -39 0 0 0 0 0 0 0 0 0 0 0 0 0 0 0 0 0 0 -36 11 0 0 0 14 0 0 0 0 0 36 -17 0 0 0 0 0 0 0 0 0 0 0 0 -13 0 0 31 0 0 0 0 0 -31 48 0 0 0 0 0 0 0 
0 0 0 0 0 0 0 -5 -43 0 -19 0 0 35 0 -14 -25 0 46 0 0 0 0 0 0 0 0 0 37 0 39 0 0 0 0 9 0 0 34 0 0 0 8 0 0 0 0 0 0 0 0 0 0 0 0 -12 0 47 0 -14 15 0 -22 0 0 -29 37 0 0 0 0 30 0 0 0 0 0 0 -29 0 
0 -10 12 0 0 0 0 0 0 0 0 0 0 5 -43 0 9 0 0 0 0 0 0 0 0 0 0 26 0 0 0 0 0 13 0 8 0 0 43 0 0 12 0 -48 -12 0 0 0 -16 0 36 0 21 0 0 0 0 39 0 0 0 0 0 -42 0 0 -8 26 0 0 0 0 0 0 0 11 -25 13 0 0 
0 0 0 0 0 0 0 0 0 34 0 0 0 40 0 0 0 0 37 0 0 0 0 0 0 0 -25 0 0 0 0 0 -3 3 0 4 0 0 0 30 0 0 0 -23 0 0 0 0 0 0 0 0 0 0 0 0 0 0 0 0 0 0 0 21 1 0 0 -13 0 0 0 0 0 0 0 0 29 0 0 -11 
0 46 0 0 -25 -13 0 0 0 47 0 0 0 0 0 -46 -22 0 0 0 -10 0 -21 43 -34 0 0 0 0 0 0 13 3 -12 0 11 0 0 -5 0 0 35 0 0 -36 -2 0 3 0 0 0 0 0 0 0 0 0 0 0 31 0 0 0 0 0 13 0 0 0 8 -14 0 0 0 0 0 -31 0 0 0 
0 -41 0 0 0 0 -18 -21 0 0 0 0 0 0 10 -30 0 0 0 -13 0 0 -28 0 -4 30 -38 0 0 0 0 0 0 0 37 0 0 22 36 0 0 0 0 0 0 0 0 0 0 0 0 -18 0 0 0 0 0 0 0 37 9 -45 0 0 0 0 0 0 0 0 0 0 0 0 0 0 0 0 0 0 
0 0 0 0 0 39 0 0 0 0 0 17 47 0 0 0 0 0 0 0 0 0 -37 0 0 0 36 0 -40 0 9 8 4 11 0 0 0 42 0 0 0 0 0 48 -5 0 49 0 3 0 0 0 0 0 -23 0 0 0 0 0 0 0 0 0 0 0 -36 0 0 0 0 0 -11 16 0 31 0 0 -15 0 
0 0 0 0 0 19 0 10 43 0 0 0 0 0 0 -7 0 0 0 -23 2 0 0 0 0 30 0 0 0 0 0 0 0 0 0 0 0 12 0 0 0 0 0 45 0 7 0 0 -44 0 0 0 -45 10 0 0 0 -11 45 0 0 -42 49 34 0 16 0 -10 23 -21 0 0 -9 0 -42 0 0 0 0 0 
0 0 17 0 9 0 -2 3 0 0 0 0 0 0 0 0 0 -34 0 0 0 0 21 -24 -21 -21 0 0 0 -36 0 0 0 0 22 42 12 0 0 0 0 0 0 0 0 -15 0 -21 0 0 0 0 0 37 -48 -11 8 0 0 19 0 0 0 0 0 0 0 0 0 24 0 0 0 0 0 0 0 -29 -41 0 
-28 0 0 0 14 0 0 -37 -47 0 0 0 0 -17 0 0 0 0 0 0 0 0 0 0 0 0 0 0 -27 11 34 43 0 -5 36 0 0 0 49 0 0 16 0 37 0 0 0 -3 0 12 0 0 0 10 0 0 0 0 0 0 0 0 0 0 -22 0 -22 0 0 0 0 0 0 0 0 0 0 0 0 44 
0 21 0 0 0 0 39 0 0 0 0 0 0 0 0 0 0 0 0 0 46 12 0 0 0 0 0 0 0 0 0 0 30 0 0 0 0 0 0 0 0 0 0 0 0 -44 -16 0 0 0 -31 0 0 0 0 0 0 0 0 0 0 1 -5 0 0 0 0 0 27 0 0 0 0 0 0 -13 0 0 0 0 
0 0 22 0 0 0 0 0 0 0 0 0 0 0 0 4 0 -48 0 0 0 0 0 0 0 0 -41 0 0 0 0 0 0 0 0 0 0 0 0 0 0 0 8 0 0 0 0 0 0 -38 0 0 0 0 -6 0 -15 -10 0 -16 0 0 0 0 0 12 -2 0 -21 0 0 41 0 0 31 0 -2 -33 0 0 
42 0 -8 0 13 0 0 0 0 0 0 0 0 0 0 -11 0 0 0 0 0 0 0 0 0 0 0 0 0 0 0 12 0 35 0 0 0 0 16 0 0 0 0 0 -1 0 0 0 0 0 44 0 0 0 0 -8 0 14 0 0 -2 0 0 10 0 0 0 -34 0 0 0 0 0 -42 -2 0 0 0 0 0 
0 0 0 0 0 0 0 0 0 0 0 0 0 -38 47 0 1 0 0 36 0 0 0 0 0 0 -6 0 0 14 8 0 0 0 0 0 0 0 0 0 8 0 0 0 0 0 0 0 0 18 0 0 0 -6 0 0 0 0 0 -28 0 0 0 0 0 0 0 0 0 0 0 0 0 -28 -5 -16 0 -4 0 0 
0 0 -16 -27 0 0 0 0 34 -9 0 0 0 -24 -46 -7 0 -5 0 -32 -41 26 -41 -15 0 0 11 0 0 0 0 -48 -23 0 0 48 45 0 37 0 0 0 0 0 0 0 0 26 0 44 0 0 0 36 0 0 -6 -25 0 0 0 0 0 0 28 0 0 0 0 0 0 0 0 0 0 0 0 0 0 0 
0 -20 0 0 0 0 45 0 -43 0 -16 0 0 0 0 0 0 0 0 0 0 -16 -39 3 0 0 0 28 0 0 0 -12 0 -36 0 -5 0 0 0 0 0 -1 0 0 0 0 0 0 0 0 0 0 -12 0 0 0 8 0 0 0 0 0 0 0 0 0 -47 0 0 0 0 0 0 0 0 0 7 0 41 2 
0 0 36 0 0 0 0 0 0 0 0 -49 0 0 0 0 0 0 0 0 0 0 0 0 0 0 40 0 0 0 0 0 0 -2 0 0 7 -15 0 -44 0 0 0 0 0 -11 0 24 0 0 0 0 0 0 0 0 0 0 0 -49 -6 -12 45 0 0 0 0 -42 0 0 37 0 0 0 0 0 -19 0 47 0 
-49 0 0 0 -21 0 0 5 0 0 0 0 -39 0 -9 20 -46 0 0 0 0 -40 0 8 0 0 29 0 0 0 0 0 0 0 0 49 0 0 0 -16 0 0 0 0 0 0 0 0 0 0 0 -34 0 0 0 0 0 0 31 0 41 0 0 0 0 0 0 0 -6 0 0 0 0 37 0 0 46 0 -4 0 
-6 0 0 25 35 0 0 0 0 0 0 48 -46 0 0 0 0 26 0 0 0 -17 0 33 0 0 -6 27 0 0 0 0 0 3 0 0 0 -21 -3 0 0 0 0 26 0 24 0 0 0 0 0 0 20 0 0 0 0 -35 0 0 0 0 42 0 0 0 0 0 9 0 28 0 45 0 0 0 0 0 0 -34 
1 0 0 0 0 -28 0 0 -5 -1 0 0 0 28 0 -23 27 0 0 15 0 0 -4 -6 0 0 0 0 0 36 0 -16 0 0 0 3 -44 0 0 0 0 0 0 0 0 0 0 0 0 0 0 0 0 0 0 0 -19 -31 0 0 0 0 0 0 14 8 0 0 -3 0 0 0 30 0 41 0 11 0 14 30 
0 5 0 0 -8 0 41 0 0 -25 0 -27 2 -24 0 -26 0 32 0 0 -5 0 0 -16 0 0 0 -44 -26 -17 0 0 0 0 0 0 0 0 12 0 -38 0 18 44 0 0 0 0 0 39 49 -19 -3 0 0 -19 0 0 -42 0 0 0 0 0 0 0 0 0 0 6 0 0 0 0 45 0 0 0 0 0 
0 0 0 0 0 0 0 0 -18 11 0 0 0 0 35 0 0 8 -46 -1 0 0 0 0 0 0 0 0 0 0 0 36 0 0 0 0 0 0 0 -31 0 44 0 0 0 0 0 0 0 49 0 0 22 0 36 0 -15 11 17 0 -33 -30 0 13 0 0 -15 23 0 0 0 0 -1 0 0 -33 0 0 0 0 
0 0 0 -31 0 0 0 -29 0 0 0 0 0 0 0 0 -44 0 0 0 0 0 0 0 0 37 0 0 20 0 0 0 0 0 -18 0 0 0 0 0 0 0 0 0 0 0 -34 0 0 -19 0 0 0 7 0 2 -17 0 -16 0 0 0 49 -33 0 -11 0 0 0 0 0 -6 -9 0 40 -8 0 0 43 0 
0 0 0 0 0 0 -28 0 0 0 0 0 0 0 0 0 0 0 0 0 23 -9 0 0 -30 0 -17 0 48 0 0 21 0 0 0 0 -45 0 0 0 0 0 0 0 -12 0 0 20 0 -3 22 0 41 0 0 25 0 30 -39 0 2 44 3 10 -18 0 0 0 0 -28 0 0 0 0 0 0 0 0 0 0 
0 0 0 34 0 -38 0 -17 0 -37 -29 0 0 0 0 0 0 0 0 0 0 0 0 0 0 7 0 0 0 0 0 0 0 0 0 0 10 37 10 0 0 0 -6 36 0 0 0 0 0 0 0 7 0 0 0 0 0 0 0 0 0 0 0 0 -32 0 18 -46 0 -39 0 0 0 0 0 7 0 35 0 10 
0 0 0 0 34 3 42 0 0 0 0 0 0 0 0 0 0 0 0 0 37 -30 -8 0 0 0 0 0 0 0 0 0 0 0 0 -23 0 -48 0 0 -6 0 0 0 0 0 0 0 0 0 36 0 0 0 0 0 0 0 0 0 0 0 0 -36 0 0 0 22 0 0 0 0 0 0 0 0 0 0 -47 0 
-16 -6 -1 -18 -16 0 0 -27 0 0 0 0 0 0 0 0 0 0 0 0 0 0 0 0 0 0 0 -5 28 0 -12 0 0 0 0 0 0 -11 0 0 0 -8 0 0 0 0 0 0 0 -19 0 2 25 0 0 -48 0 15 0 0 0 0 0 48 44 0 -12 -12 0 0 -14 0 0 -36 0 45 0 0 0 0 
0 0 18 0 0 0 0 0 44 0 0 12 -13 0 0 0 0 0 0 -11 0 0 0 0 0 0 0 0 0 0 0 0 0 0 0 0 0 8 0 0 -15 0 0 -6 8 0 0 0 -19 0 -15 -17 0 0 0 0 6 -9 0 0 0 0 0 29 0 0 0 25 0 -21 18 0 0 0 0 0 0 44 0 0 
-41 0 0 0 42 0 0 0 0 0 0 0 0 9 0 0 0 0 0 0 0 0 -18 0 0 0 0 0 8 0 47 39 0 0 0 0 -11 0 0 0 -10 14 0 -25 0 0 0 -35 -31 0 11 0 30 0 0 15 -9 0 0 0 0 0 0 0 25 0 0 0 0 0 0 0 0 0 0 39 0 0 0 0 
0 0 0 0 8 0 0 0 0 0 0 -20 0 0 0 0 -44 0 0 0 0 9 -32 0 0 0 0 0 0 0 0 0 0 0 0 0 45 0 0 0 0 0 0 0 0 0 31 0 0 -42 17 -16 -39 0 0 0 0 0 0 0 0 0 0 29 0 0 0 0 0 0 -27 0 0 0 0 0 0 0 5 0 
0 0 0 16 0 0 0 0 9 0 -22 0 -2 0 0 0 15 0 0 0 0 47 0 0 0 0 0 0 0 0 -14 0 0 31 37 0 0 19 0 0 -16 0 -28 0 0 -49 0 0 0 0 0 0 0 0 0 0 0 0 0 0 -19 0 0 0 0 0 0 0 0 0 0 -12 0 0 0 0 -21 -36 -43 0 
0 0 0 -43 0 0 0 35 0 0 0 0 0 5 -41 0 0 0 0 0 0 0 0 -35 0 0 0 0 0 0 15 0 0 0 9 0 0 0 0 0 0 -2 0 0 0 -6 41 0 0 0 -33 0 2 0 0 0 0 0 0 -19 0 0 0 0 46 0 0 0 0 2 0 0 -24 0 0 0 0 0 0 0 
0 0 32 0 0 0 0 0 8 20 0 -24 0 -46 12 0 -14 0 0 0 0 0 0 0 -2 0 0 0 0 0 0 0 0 0 -45 0 -42 0 0 1 0 0 0 0 0 -12 0 0 0 0 -30 0 44 0 0 0 0 0 0 0 0 -46 0 0 0 0 0 0 0 28 0 0 0 -47 0 -36 49 0 0 0 
0 0 32 28 0 0 -46 0 0 -31 0 0 0 0 0 0 0 0 0 0 0 45 0 0 0 0 0 0 15 -13 -22 0 0 0 0 0 49 0 0 -5 0 0 0 0 0 45 0 42 0 0 0 49 3 0 0 0 0 0 0 0 0 0 0 0 0 0 0 0 0 0 0 0 0 0 0 -49 0 0 0 0 
0 0 0 -8 0 0 0 0 25 0 0 0 0 0 0 0 0 0 8 0 0 0 0 -2 0 0 37 -37 0 0 0 -42 21 0 0 0 34 0 0 0 0 10 0 0 0 0 0 0 0 0 13 -33 10 0 -36 48 29 0 29 0 0 0 0 0 0 0 -42 0 0 -13 21 0 0 0 49 0 0 0 0 0 
0 0 0 0 -35 -45 0 0 0 0 0 0 -25 0 0 0 0 0 0 0 0 0 11 0 -12 0 0 0 0 0 0 0 1 0 0 0 0 0 -22 0 0 0 0 28 0 0 0 0 14 0 0 0 -18 -32 0 44 0 25 0 0 46 0 0 0 0 6 0 0 0 0 0 0 0 0 0 0 0 0 0 0 
0 0 36 0 0 0 0 0 0 0 0 0 14 0 29 0 0 0 -34 0 0 0 0 0 0 0 0 0 0 31 -29 0 0 13 0 0 16 0 0 0 12 0 0 0 0 0 0 0 8 0 0 -11 0 0 0 0 0 0 0 0 0 0 0 0 6 0 32 0 0 0 0 0 0 0 0 -29 0 0 -36 0 
0 0 0 0 0 0 0 0 0 -40 33 0 -10 0 17 0 0 0 0 0 0 0 14 44 0 -15 0 0 0 0 37 -8 0 0 0 -36 0 0 -22 0 -2 0 0 0 -47 0 0 0 0 0 -15 0 0 18 0 -12 0 0 0 0 0 0 0 -42 0 32 0 -14 0 -48 0 0 0 0 0 0 0 0 0 0 
-41 0 -45 0 0 0 0 0 0 0 -1 0 0 -35 0 0 -39 -47 -12 0 7 0 0 0 0 2 0 0 0 0 0 26 -13 0 0 0 -10 0 0 0 0 -34 0 0 0 -42 0 0 0 0 23 0 0 -46 22 -12 25 0 0 0 0 0 0 0 0 0 -14 34 31 -37 23 0 0 0 0 0 25 0 0 0 
0 0 0 0 0 0 0 0 0 -24 0 0 0 0 -7 0 0 0 0 10 0 0 0 0 0 0 0 0 0 0 0 0 0 0 0 0 23 0 0 27 -21 0 0 0 0 0 -6 9 -3 0 0 0 0 0 0 0 0 0 0 0 0 0 0 0 0 0 0 31 -48 0 0 0 0 0 0 0 0 0 0 0 
0 0 0 0 0 0 0 1 0 0 0 0 0 0 0 0 0 0 0 0 0 0 0 0 0 -27 0 0 0 0 0 0 0 8 0 0 -21 24 0 0 0 0 0 0 0 0 0 0 0 6 0 0 -28 -39 0 0 -21 0 0 0 2 28 0 -13 0 0 -48 -37 0 0 0 0 0 -40 0 13 38 0 0 0 
0 0 0 0 0 0 0 0 0 0 35 0 0 0 0 0 0 0 0 0 0 0 0 0 0 0 8 0 0 0 0 0 0 -14 0 0 0 0 0 0 0 0 0 0 0 37 0 28 0 0 0 0 0 0 0 -14 18 0 -27 0 0 0 0 21 0 0 0 23 0 0 0 0 -15 0 0 -21 0 0 0 33 
23 -48 0 0 0 0 -6 45 0 0 0 0 0 0 0 0 0 0 38 16 -27 22 -23 0 0 0 48 0 -41 -31 30 0 0 0 0 0 0 0 0 0 41 0 0 0 0 0 0 0 0 0 0 -6 0 0 0 0 0 0 0 -12 0 0 0 0 0 0 0 0 0 0 0 0 -13 0 -27 0 2 0 0 0 
0 0 0 0 0 4 0 0 0 0 0 0 0 0 -4 0 0 0 0 0 -45 0 0 0 0 0 -31 0 0 48 0 0 0 0 0 -11 -9 0 0 0 0 0 0 0 0 0 0 45 30 0 -1 -9 0 0 0 0 0 0 0 0 -24 0 0 0 0 0 0 0 0 0 -15 -13 0 0 0 -8 -43 0 0 0 
-41 0 0 1 0 0 0 0 0 0 0 0 0 0 0 0 0 0 0 0 28 0 44 0 0 0 0 0 0 0 0 0 0 0 0 16 0 0 0 0 0 -42 -28 0 0 0 37 0 0 0 0 0 0 0 0 -36 0 0 0 0 0 -47 0 0 0 0 0 0 0 -40 0 0 0 0 41 0 0 0 0 1 
-7 0 -32 0 0 20 0 0 0 0 0 0 -47 0 0 12 -14 0 0 9 0 0 0 0 0 0 46 0 -39 0 0 0 0 0 0 0 -42 0 0 0 31 -2 -5 0 0 0 0 0 41 45 0 40 0 0 0 0 0 0 0 0 0 0 0 49 0 0 0 0 0 0 0 -27 0 41 0 0 -1 0 0 0 
0 0 0 0 0 43 0 0 0 -31 0 2 12 0 35 9 0 0 0 0 0 0 0 -19 0 -12 0 0 0 0 0 11 0 0 0 31 0 0 0 -13 0 0 -16 0 0 0 0 0 0 0 -33 -8 0 7 0 45 0 39 0 0 0 -36 -49 0 0 -29 0 0 0 13 -21 0 -8 0 0 0 -48 0 0 0 
-41 0 0 0 0 0 0 0 0 0 0 0 -40 -40 0 0 0 0 0 0 0 0 0 0 0 0 0 21 0 0 0 -25 29 -31 0 0 0 0 0 0 -2 0 0 0 7 -19 46 0 11 0 0 0 0 0 0 0 0 0 0 -21 0 49 0 0 0 0 0 25 0 38 0 2 -43 0 -1 -48 0 -32 14 -47 
0 0 0 -48 0 0 0 0 0 25 0 0 0 0 0 0 0 0 0 0 0 0 21 -41 0 0 0 0 0 0 0 13 0 0 0 0 0 -29 0 0 -33 0 -4 0 0 0 0 0 0 0 0 0 0 35 0 0 44 0 0 -36 0 0 0 0 0 0 0 0 0 0 0 0 0 0 0 0 -32 0 0 -38 
0 0 0 -14 25 0 0 0 -43 0 0 -4 0 0 0 0 0 0 34 0 -43 0 0 0 0 0 0 48 28 0 -29 0 0 0 0 -15 0 -41 0 0 0 0 0 0 41 47 -4 0 14 0 0 43 0 0 -47 0 0 0 5 -43 0 0 0 0 0 -36 0 0 0 0 0 0 0 0 0 0 14 0 0 0 
0 0 0 7 -42 0 0 -2 0 0 0 -15 47 0 -36 0 0 0 0 0 0 0 -23 0 0 0 0 -36 0 0 0 0 -11 0 0 0 0 0 44 0 0 0 0 0 2 0 0 -34 30 0 0 0 0 10 0 0 0 0 0 0 0 0 0 0 0 0 0 0 0 0 33 0 0 1 0 0 -47 -38 0 0 
