90
-38 -48 -45 29 -37 23 0 22 0 -41 0 13 32 -46 -23 -17 10 0 0 25 0 -16 0 -23 -36 -21 17 40 -10 -20 -37 -33 0 0 0 -10 -17 0 46 0 -1 18 0 -49 0 -27 11 12 -23 -42 5 0 0 41 10 25 0 -41 -37 0 41 -16 9 -16 -40 21 2 0 23 41 -22 0 14 21 -39 -14 -13 46 0 -16 -47 0 0 19 35 -19 15 -26 30 6 
-35 0 4 -48 -19 0 0 -2 3 -12 0 1 -8 43 0 -22 23 -42 -49 -25 18 0 -39 0 -10 -26 -1 34 -45 0 7 -5 5 18 5 -17 0 0 -6 10 0 0 -33 43 -48 -3 -23 -30 -49 -44 -41 -23 1 -27 0 46 -2 0 -23 30 -38 47 -48 0 12 0 0 -26 0 0 0 22 -8 1 27 43 13 0 0 -29 -1 18 0 0 0 -38 0 32 20 0 
0 25 -38 13 0 0 -32 -3 -44 0 25 -7 -30 0 12 0 -16 23 0 0 0 7 0 0 3 0 0 -15 -4 -39 -27 47 2 0 35 -37 15 0 -43 37 45 4 -28 28 -8 -45 0 0 32 16 -26 -49 29 14 -24 -11 24 0 0 -42 -43 44 18 0 -38 -33 -6 -7 0 0 0 29 0 -25 31 -40 -40 30 13 -19 0 -21 35 0 -8 -33 38 47 0 0 
4 -38 42 8 -29 -10 0 -11 32 -31 -11 -33 0 -19 34 5 -8 33 0 11 -47 18 0 -25 -1 43 33 -45 -41 -24 0 -13 8 0 19 -30 0 0 47 0 0 -23 0 -21 0 -38 3 11 37 -40 -45 0 0 29 0 0 4 0 20 43 -41 32 -42 33 0 -41 0 27 -35 0 0 37 33 24 9 0 -39 0 -19 18 47 0 0 39 29 12 38 -49 -1 -37 
-48 13 8 37 14 18 2 -46 0 0 -15 44 -6 9 38 0 0 0 -25 -36 39 22 -20 -6 -43 0 0 1 42 25 0 0 -5 6 -21 20 40 -25 -26 -18 -45 0 -30 -37 -43 -17 -37 -27 0 18 -18 0 30 0 0 1 -38 -34 0 0 41 -2 35 -20 -27 0 -8 4 0 0 5 17 -47 -7 -49 12 -43 17 0 -2 0 0 -47 19 0 34 -43 -43 -5 1 
-19 0 -29 14 0 0 45 40 -35 9 0 8 -18 -15 22 -48 0 0 -29 0 -43 29 -40 41 0 17 -32 -6 7 -12 0 -37 -20 0 47 -6 0 14 9 -15 0 0 29 -31 0 11 48 -45 0 -47 13 23 0 2 -9 28 14 0 0 33 -31 0 25 38 -13 1 0 -48 0 17 0 -7 -42 -23 -8 0 3 -16 20 -19 0 0 -18 29 0 37 -11 21 -19 -27 
0 0 -10 18 0 -29 -34 0 0 -22 -34 4 33 -1 33 -19 0 0 43 0 0 48 -22 -8 0 16 -31 14 0 0 3 26 25 19 -22 0 0 -42 -10 -41 0 -33 -49 30 0 25 44 0 -37 12 0 -20 0 0 -24 0 -37 19 3 30 2 -41 5 -7 0 -30 -1 0 9 0 0 0 -15 5 22 0 1 -19 -38 0 0 -1 43 0 -24 -39 -46 -18 -28 0 
0 -32 0 2 45 -34 24 -13 0 0 -2 -47 -5 32 0 -10 30 0 -22 -47 12 -40 0 -49 24 40 -2 0 2 0 16 -25 0 -32 34 33 39 -27 -22 1 39 0 -17 4 -38 -24 7 0 28 -24 -21 -2 30 -49 5 -46 -20 -30 -26 2 -49 0 -40 0 43 0 0 -43 38 0 0 -27 -39 -23 -30 -43 36 0 -44 27 0 -10 -23 24 -9 0 -36 -18 -42 4 
-2 -3 -11 -46 40 0 -13 32 -3 13 0 -10 -34 39 -26 0 7 29 35 0 27 0 -45 34 -49 25 32 0 -7 -45 -41 -19 0 -3 3 13 -7 0 1 0 -15 48 -1 -40 8 -15 0 49 -30 38 -28 0 8 0 -10 0 0 39 -12 31 0 23 21 14 -10 -18 -35 -5 46 -9 -40 23 35 38 0 0 0 0 0 -39 -46 -42 0 -4 13 -46 5 0 -32 35 
3 -44 32 0 -35 0 0 -3 43 -20 -31 -10 0 42 -14 0 0 33 -10 21 35 -40 -41 0 28 -44 0 -24 -37 37 0 -48 -44 -29 0 0 26 -14 -42 -33 42 -12 10 -5 0 15 0 -6 -44 -27 35 -46 -44 -39 -2 22 -39 46 0 37 -16 -3 1 0 38 -13 41 26 0 9 -35 39 8 0 -34 5 8 -6 4 0 4 0 -16 0 26 34 -41 -21 0 34 
-12 0 -31 0 9 -22 0 13 -20 0 0 0 0 -13 29 -37 -5 36 -32 -40 48 46 -44 0 -31 -11 0 6 42 0 10 0 0 16 0 33 0 -21 0 20 29 -33 -19 -4 16 41 0 0 0 2 -25 23 0 -45 30 -49 -5 0 0 23 0 37 41 -17 0 0 48 28 30 -37 11 0 28 0 -13 -43 0 -20 0 11 -40 0 11 -39 -36 -14 0 25 0 26 
0 25 -11 -15 0 -34 -2 0 -31 0 -16 -17 -23 -36 0 0 -9 0 -30 0 14 -21 0 32 45 -35 4 0 -32 0 38 0 12 0 0 -14 0 48 -14 0 0 0 7 0 -28 -37 0 0 6 -47 -46 -30 -11 27 0 29 18 -18 -32 25 18 0 -32 43 21 -23 4 22 -42 -27 -2 -21 -30 -47 15 -47 43 31 -24 11 0 -15 38 -21 0 40 -27 0 -16 0 
1 -7 -33 44 8 4 -47 -10 -10 0 -17 -10 0 -36 49 -14 0 -2 28 18 -47 38 -49 0 -21 -22 5 4 -6 -34 -4 0 -33 0 0 0 0 0 -13 0 -18 0 -7 13 0 -40 0 0 23 -40 -12 -26 -33 0 0 0 28 0 -8 -2 -2 0 25 21 9 30 -21 0 -27 0 30 -7 34 -40 7 -37 -3 -1 0 43 -38 18 -27 -12 4 0 0 0 0 -5 
-8 -30 0 -6 -18 33 -5 -34 0 0 -23 0 7 45 -11 0 -45 24 36 0 43 -1 32 0 16 44 -9 0 42 0 25 0 0 0 -6 12 -20 0 -23 0 0 -20 0 -2 0 -31 0 46 -40 -32 -9 34 49 45 -47 2 36 0 -35 27 -9 20 4 -5 0 0 -48 -37 0 0 0 -10 -37 49 21 28 -33 -36 37 -41 -33 10 -27 0 0 -42 -3 -4 40 20 
43 0 -19 9 -15 -1 32 39 42 -13 -36 -36 45 48 -15 5 8 -1 42 -7 0 0 -3 -5 -5 -39 0 -16 0 0 0 23 49 -14 0 -22 49 0 14 0 28 6 36 -17 0 0 8 -30 2 0 -13 -30 -30 32 -43 20 -16 25 -7 -9 -12 9 43 0 -21 14 36 2 29 0 1 -12 0 47 -47 -32 11 19 0 -29 37 0 0 -29 41 32 0 -9 0 -46 
0 12 34 38 22 33 0 -26 -14 29 0 49 -11 -15 13 0 8 25 -19 4 37 31 46 -27 23 36 0 21 0 5 39 1 -9 0 35 -8 26 0 28 -41 11 -25 13 38 -11 0 2 20 12 0 0 11 -20 0 6 23 -35 0 0 0 0 0 21 1 30 -3 0 0 36 44 -17 0 -11 -12 0 11 -14 0 -40 35 0 0 -36 -2 40 -3 18 -20 0 -20 
-22 0 5 0 -48 -19 -10 0 0 -37 0 -14 0 5 0 -15 0 10 13 21 8 -14 0 -3 15 4 -36 10 22 36 7 0 0 0 0 10 -15 0 0 38 29 38 -12 39 0 0 -18 -31 -43 8 41 -27 0 42 0 4 0 0 -5 32 43 0 -3 44 -23 0 0 0 20 -23 -23 28 10 0 -11 16 0 31 0 -5 29 12 -43 31 -34 7 0 -43 -2 -31 
23 -16 -8 0 0 0 30 7 0 -5 -9 0 -45 8 8 0 38 17 -29 24 6 -42 49 34 26 -1 7 0 5 0 -35 -30 -42 -29 0 0 45 12 -25 0 29 0 8 -19 37 -48 -11 8 -35 -11 46 0 24 34 4 43 -43 -4 -12 49 0 48 -2 -26 -13 -17 12 -5 10 -24 0 20 0 0 0 -22 49 12 -31 0 0 0 0 -12 -37 0 -23 -44 -16 0 
-42 23 33 0 0 0 0 29 33 36 0 -2 24 -1 25 10 17 0 25 -21 0 7 0 0 -49 -30 -4 44 14 -28 14 27 0 0 0 3 12 14 19 0 -38 0 -41 -6 0 -15 -10 0 -16 -16 0 0 12 -2 0 -21 -29 -29 44 6 28 -7 27 41 0 0 -5 16 -2 9 41 14 0 0 -2 0 -4 8 -41 45 28 -42 -2 16 11 15 46 18 -35 -6 
-49 0 0 -25 -29 43 -22 35 -10 -32 -30 28 36 42 -19 13 -29 25 -18 -20 25 -23 18 -42 30 -28 -5 -16 -29 44 25 -12 -20 7 45 0 0 -28 0 47 -6 -46 -10 2 -39 -34 2 41 -19 25 -17 -12 34 8 0 -47 0 0 0 -36 0 -14 4 0 -10 7 0 41 2 -11 -18 -11 11 16 37 -49 -6 -12 45 44 -21 -48 37 -41 -2 -3 47 0 45 42 
-25 0 11 -36 0 0 -47 0 21 -40 0 18 0 -7 4 21 24 -21 -20 0 24 16 0 31 0 41 43 0 0 -4 41 -34 37 13 30 -4 44 -19 20 0 -42 -35 21 0 42 0 39 -46 -5 2 45 0 0 20 -7 28 0 35 45 0 -45 0 5 -2 -40 0 0 25 4 44 0 26 1 0 0 0 14 30 39 49 -19 -3 -47 0 0 -22 24 4 0 -14 
18 0 -47 39 -43 0 12 27 35 48 14 -47 43 0 37 8 6 0 25 24 0 0 6 -42 34 -20 -19 0 0 8 12 -15 11 17 -9 0 -30 0 13 0 -37 -32 0 38 -3 0 0 -23 0 44 -39 7 -46 35 19 38 0 -36 -5 40 -35 0 34 -6 -9 -28 21 4 43 -48 -38 25 0 30 -39 -48 26 0 0 10 -18 -10 0 -28 -19 0 5 0 0 0 
0 7 18 22 29 48 -40 0 -40 46 -21 38 -1 0 31 -14 -42 7 -23 16 0 -44 0 0 0 0 -46 38 18 -46 17 -7 5 7 0 35 0 10 0 0 -25 -43 41 8 -18 -25 33 -39 44 0 -47 25 0 12 48 0 23 0 18 3 42 36 0 -14 -24 39 45 18 28 -27 39 3 29 -2 25 -11 48 -12 0 -15 44 35 40 21 25 0 -12 0 0 39 
-39 0 0 -20 -40 -22 0 -45 -41 -44 0 -49 32 -3 46 0 49 0 18 0 6 0 0 39 32 -27 0 33 0 0 -17 0 16 0 0 0 49 -7 0 -19 -25 43 0 35 -12 40 31 -37 0 -43 0 -45 0 46 -42 20 18 -24 -47 34 21 18 0 0 0 0 0 28 0 0 -31 -1 25 -22 0 -41 37 0 -49 -49 0 -49 0 15 -16 -42 -16 -25 0 5 
0 0 -25 -6 41 -8 -49 34 0 0 32 0 0 -5 -27 -3 34 0 -42 31 -42 0 39 42 0 24 -8 -24 40 0 32 -7 25 32 0 0 -11 0 2 -11 -37 -27 -14 17 43 0 7 -33 12 14 27 -14 44 0 21 0 0 -20 -48 19 -2 0 0 -48 -36 0 -40 14 -16 0 -11 0 0 -15 48 -13 13 -49 -13 7 0 46 -35 -38 5 3 -16 0 -16 0 
-10 3 -1 -43 0 0 24 -49 28 -31 45 -21 16 -5 23 15 26 -49 30 0 34 0 32 0 0 44 1 0 0 -1 0 24 -48 -44 13 -22 -15 -1 -38 0 21 -6 30 -30 -26 0 -18 32 0 -29 46 0 0 0 -48 -29 11 -38 -31 -45 0 0 -23 -21 22 7 0 30 -23 0 3 -34 -32 9 -19 0 15 37 0 33 -26 34 -45 28 17 -41 27 42 32 42 
-26 0 43 0 17 16 40 25 -44 -11 -35 -22 44 -39 36 4 -1 -30 -28 41 -20 0 -27 24 44 -5 34 0 0 12 14 29 0 0 0 31 -14 0 -45 0 -37 15 27 -44 -23 1 -33 49 -36 29 4 -1 0 -11 0 -49 0 -8 0 -19 0 25 2 -33 0 -34 0 -33 0 6 -16 31 30 -24 -16 15 18 39 24 -8 0 0 31 0 0 0 0 21 -29 0 
-1 0 33 0 -32 -31 -2 32 0 0 4 5 -9 0 0 -36 7 -4 -5 43 -19 -46 0 -8 1 34 29 -48 0 9 -18 48 0 23 -39 32 -39 0 -41 -21 0 5 -40 0 22 27 0 10 0 0 17 -31 -25 18 26 -16 1 0 -33 0 -30 -22 -7 5 0 34 -23 22 -27 -26 0 0 0 -28 -2 9 14 27 44 0 0 -29 -8 -6 -35 37 47 13 40 34 
34 -15 -45 1 -6 14 0 0 -24 6 0 4 0 -16 21 10 0 44 -16 0 0 38 33 -24 0 0 -48 2 0 41 -49 0 32 -48 0 17 0 43 35 -22 -26 4 0 -22 32 0 -21 13 -11 0 27 6 -39 -26 49 38 0 24 -45 -33 0 40 -12 -8 29 0 39 33 -12 -17 0 -15 -29 32 34 -6 25 14 48 -12 0 -23 -40 20 4 -40 47 0 0 6 
-45 -4 -41 42 7 0 2 -7 -37 42 -32 -6 42 0 0 22 5 14 -29 0 0 18 0 40 0 0 0 0 6 -42 -38 0 -44 -46 0 -21 11 10 33 22 0 -41 24 -33 -30 49 0 28 -36 33 -11 -31 24 49 32 -14 0 -29 -9 45 0 0 0 -44 25 49 0 -34 48 0 -3 13 -10 -43 0 -42 0 32 25 -32 -38 -26 -7 0 0 36 0 39 -32 6 
0 -39 -24 25 -12 0 0 -45 37 0 0 -34 0 0 5 36 0 -28 44 -4 8 -46 0 0 -1 12 9 41 -42 27 22 -6 -11 22 -48 37 19 0 33 0 26 -45 -1 0 -11 -9 -29 0 0 -45 47 32 -24 -43 39 0 0 0 12 -43 -42 7 -43 8 0 7 -13 -2 3 15 10 0 3 0 -33 -11 -15 0 -7 40 0 29 0 31 30 33 -36 -31 0 35 
7 -27 0 0 0 3 16 -41 0 10 38 -4 25 0 39 7 -35 14 25 41 12 17 -17 32 0 14 -18 -49 -38 22 48 1 33 0 15 -4 0 31 4 31 22 -30 -46 2 -22 0 22 45 -28 0 47 -5 47 29 26 0 34 37 16 49 21 -18 23 20 0 -28 42 -14 9 0 -24 -45 0 0 43 0 -10 12 42 34 -1 -12 13 36 13 6 -5 -30 44 -18 
-5 47 -13 0 -37 26 -25 -19 -48 0 0 0 0 23 1 0 -30 27 -12 -34 -15 -7 0 -7 24 29 48 0 0 -6 1 -41 0 31 0 36 46 -22 -36 -11 0 0 -37 7 -48 -44 -6 -9 32 0 26 -39 -30 19 26 -26 22 -30 -40 0 42 20 -9 0 -21 0 28 24 22 12 32 -24 -46 0 -13 36 36 15 41 13 25 -7 33 -31 38 38 2 -6 28 -40 
5 2 8 -5 -20 25 0 0 -44 0 12 -33 0 49 -9 0 -42 0 -20 37 11 5 16 25 -48 0 0 32 -44 -11 33 0 23 -16 -46 0 -49 0 -7 44 0 26 -24 -36 32 0 -1 49 -18 -30 19 9 -35 10 48 0 17 -20 0 -29 -38 39 0 34 9 42 18 0 36 29 0 -21 43 0 0 -4 -36 0 15 -35 -18 0 0 0 2 0 8 2 -29 -41 
18 0 0 6 0 19 -32 -3 -29 16 0 0 0 -14 0 0 -29 0 7 13 17 7 0 32 -44 0 23 -48 -46 22 0 31 -16 -15 0 0 20 0 -3 26 0 -28 32 0 39 0 4 0 -7 46 12 0 2 22 -3 -37 9 0 -33 0 0 -37 0 -10 -48 -2 -27 30 -17 -29 0 21 4 -16 27 -27 0 19 0 1 40 0 0 -37 0 4 0 -10 -20 0 
5 35 19 -21 47 -22 34 3 0 0 0 0 -6 0 35 0 0 0 45 30 -9 0 0 0 13 0 -39 0 0 -48 15 0 -46 0 0 -2 0 -41 0 15 -22 0 -17 -28 42 -25 -33 -21 0 17 0 0 30 -4 16 25 0 -35 12 0 34 -25 0 0 26 0 -41 -34 -49 41 28 0 -16 0 28 -22 1 -45 31 0 31 46 20 -38 0 -45 0 -12 -12 21 
-17 -37 -30 20 -6 0 33 13 0 33 -14 0 12 -22 -8 10 0 3 0 -4 0 35 0 0 -22 31 32 17 -21 37 -4 36 0 0 -2 45 -3 0 28 28 0 0 -9 0 0 -9 -5 0 23 0 39 -45 19 -37 0 -6 10 7 0 0 -40 -13 0 -23 -18 -37 -26 -29 -43 0 0 -4 37 -24 -9 13 47 0 -9 44 0 22 38 41 -33 -43 37 -47 0 0 
0 15 0 40 0 0 39 -7 26 0 0 0 -20 49 26 -15 45 12 0 44 -30 0 49 -11 -15 -14 -39 0 11 19 0 46 -49 20 0 -3 -10 22 -14 0 40 0 0 0 -10 18 0 2 0 -30 0 -12 25 -13 0 21 -16 0 0 0 -49 40 -40 22 -36 -13 27 17 -24 35 0 0 15 2 0 -16 0 -42 6 33 2 -26 -11 -3 40 0 0 31 -26 -32 
0 0 0 -25 14 -42 -27 0 -14 -21 48 0 0 0 0 0 12 14 -28 -19 0 10 -7 0 -1 0 0 43 10 0 31 -22 0 0 -41 0 22 0 0 0 -17 45 0 -24 25 0 -8 46 12 0 0 38 -5 24 19 -28 -43 -47 4 26 0 34 22 0 0 0 1 0 6 -13 0 -1 -43 -36 -41 0 -48 0 18 0 -43 0 15 0 -20 15 -3 44 -23 29 
-6 -43 47 -26 9 -10 -22 1 -42 0 -14 -13 -23 14 28 0 -25 19 0 20 13 0 0 2 -38 -45 -41 35 33 33 4 -36 -7 -3 0 28 -14 0 1 -44 46 -12 -27 -45 0 33 28 -3 -33 -36 32 29 -43 0 0 24 43 32 48 -42 10 18 -46 41 0 -25 0 -16 -47 0 0 29 23 0 -31 37 0 -2 -29 28 0 17 -44 0 0 -9 0 35 0 39 
10 37 0 -18 -15 -41 1 0 -33 20 0 0 0 0 -41 38 0 0 47 0 0 0 -19 -11 0 0 -21 -22 22 0 31 -11 44 26 15 28 0 0 -44 41 35 -10 -17 -36 32 -47 31 0 33 24 16 3 -15 32 -20 -3 0 33 2 -24 27 -9 3 -37 5 -48 0 -31 0 -10 -21 -9 13 20 -42 0 11 -38 44 0 30 0 30 0 -21 34 0 -26 -19 0 
0 45 0 -45 0 0 39 -15 42 29 0 -18 0 28 11 29 29 -38 -6 -42 -37 -25 -25 -37 21 -37 0 -26 0 26 22 0 0 0 -22 0 40 -17 46 35 25 0 -39 33 0 33 44 15 0 6 0 47 42 19 -28 0 0 0 0 0 -2 -46 0 20 0 11 10 5 -26 5 35 -46 -20 0 -15 0 31 4 0 36 41 -3 0 -48 47 0 0 -17 16 30 
0 4 -23 0 0 -33 0 48 -12 -33 0 0 -20 6 -25 38 0 0 -46 -35 -32 -43 43 -27 -6 15 5 4 -41 -45 -30 0 26 -28 0 0 0 45 -12 -10 0 0 48 0 0 0 0 -38 -13 32 34 0 0 43 0 0 -4 38 28 -31 33 33 -1 -44 -38 39 -17 0 -34 -13 46 -29 -13 16 0 -25 0 -20 37 10 -22 23 0 -23 -18 -32 -27 -37 0 14 
-33 -28 0 -30 29 -49 -17 -1 10 -19 7 -7 0 36 13 -12 8 -41 -10 21 0 41 0 -14 30 27 -40 0 24 -1 -46 -37 -24 32 -17 -9 0 0 -27 -17 -39 48 -23 -40 13 -5 30 -48 -32 0 -7 0 -21 -48 25 0 -38 -43 0 -14 0 23 -8 0 28 -1 1 28 -17 -18 28 24 -47 8 26 0 -44 0 0 -37 12 -15 -2 -2 -15 27 -46 20 4 0 
43 28 -21 -37 -31 30 4 -40 -5 -4 0 13 -2 -17 38 39 -19 -6 2 0 38 8 35 17 -30 -44 0 -22 -33 0 2 7 -36 0 -28 0 0 -24 -45 -36 33 0 -40 0 -49 0 -8 0 -21 24 39 19 0 -48 -25 0 -48 0 -16 26 -27 -32 28 2 -17 -14 -39 39 -38 0 21 1 0 -27 -48 -41 48 43 -27 -4 0 23 24 -9 -22 -41 25 25 15 44 
-48 -8 0 -43 0 0 -38 8 0 16 -28 0 0 0 -11 0 37 0 -39 42 -3 -18 -12 43 -26 -23 22 32 -30 -11 -22 -48 32 39 42 0 -10 25 0 32 0 0 13 -49 -13 -13 41 37 -2 -13 -47 27 5 0 -43 -8 24 0 -9 22 11 -42 49 31 -30 0 -13 -41 -45 0 45 46 -6 47 -43 14 6 -21 14 9 -15 45 37 23 0 22 38 46 -19 0 
-3 -45 -38 -17 11 25 -24 -15 15 41 -37 -40 -31 0 0 0 -48 -15 -34 0 0 -25 40 0 0 1 27 0 49 -9 0 -44 0 0 -25 -9 18 0 33 -47 33 0 -5 0 -13 0 -23 20 -49 0 -47 -22 0 32 20 19 -38 -22 20 -33 43 -43 -15 46 0 36 -7 45 0 4 23 -16 7 -31 -13 -28 -16 23 0 -8 -15 -38 0 0 0 14 47 0 44 -24 
-23 0 3 -37 48 44 7 0 0 0 0 0 0 8 2 -18 -11 -10 2 39 0 33 31 7 -18 -33 0 -21 0 -29 22 -6 -1 4 -33 -5 0 -8 28 31 44 0 30 -8 41 -23 0 0 33 -4 -47 32 -42 20 -12 -33 29 5 39 32 -15 0 -43 0 0 -23 18 0 -4 0 -27 1 -9 -22 -33 0 -29 46 0 14 -24 0 -30 -25 0 18 0 0 0 -26 
-30 0 11 -27 -45 0 0 49 -6 0 0 0 46 -30 20 -31 8 0 41 -46 -23 -39 -37 -33 32 49 10 13 28 0 45 -9 49 0 -21 0 2 46 -3 0 15 -38 -48 0 37 20 0 -3 0 -35 12 -27 0 -35 -13 10 -20 0 17 24 -5 31 23 -39 -24 37 0 0 -32 0 0 -14 -40 46 29 0 0 0 43 0 -45 0 23 -7 22 47 0 0 -12 43 
-49 32 37 0 0 -37 28 -30 -44 0 6 23 -40 2 12 -43 -35 -16 -19 -5 0 44 0 12 0 -36 0 -11 -36 0 -28 32 -18 -7 0 23 0 12 -33 33 0 -13 -32 -21 -2 -49 33 0 -47 -40 -8 -17 0 18 -28 2 -18 -33 0 0 44 0 -16 24 0 0 -11 -36 -34 0 -14 0 0 27 -2 -5 -30 0 48 -9 0 40 41 -7 15 0 -21 30 7 13 
-44 16 -40 18 -47 12 -24 38 -27 2 -47 -40 -32 0 0 8 -11 -16 25 2 44 0 -43 14 -29 29 0 0 33 -45 0 0 -30 46 17 0 -30 0 -36 24 6 32 0 24 -13 0 -4 -35 -40 11 28 18 11 -18 -33 21 23 33 -49 -16 -42 0 0 -1 29 37 0 -10 20 0 -21 0 16 47 6 33 0 0 0 -29 -21 36 22 -45 -18 -6 -39 41 0 41 
-41 -26 -45 -18 13 0 -21 -28 35 -25 -46 -12 -9 -13 0 41 46 0 -17 45 -39 -47 0 27 46 4 17 27 -11 47 47 26 19 12 0 39 0 0 32 16 0 34 -7 39 -47 -47 -47 12 -8 28 -23 -46 0 -10 -27 -43 -26 0 0 0 43 13 5 -30 0 0 0 -11 -19 24 47 28 0 -12 -25 -32 0 0 -49 48 0 -23 -47 46 27 -26 -39 0 0 -32 
-23 -49 0 0 23 -20 -2 0 -46 23 -30 -26 34 -30 11 -27 0 0 -12 0 7 25 -45 -14 0 -1 -31 6 -31 32 -5 -39 9 0 0 -45 -12 38 29 3 47 0 0 19 27 -22 32 -27 -17 18 -46 0 0 -42 47 -20 0 18 14 -29 -8 0 0 -2 29 0 44 0 -19 -3 0 0 31 -37 30 0 36 17 27 14 0 41 -24 -26 24 -45 -30 -18 -37 -17 
1 29 0 30 0 0 30 8 -44 0 -11 -33 49 -30 -20 0 24 12 34 0 -46 0 0 44 0 0 -25 -39 24 -24 47 -30 -35 2 30 19 25 -5 -43 -15 42 0 -21 0 5 0 -42 0 0 11 0 0 -33 39 26 15 -37 46 -37 -7 0 43 10 -45 34 12 27 0 46 48 -33 39 -32 -44 39 25 -37 -14 -30 44 45 -4 -5 -2 0 39 -14 1 -17 -49 
-27 14 29 0 2 0 -49 0 -39 -45 27 0 45 32 0 42 34 -2 8 20 35 12 46 0 0 -11 18 -26 49 -43 29 19 10 22 -4 -37 -13 24 0 32 19 43 -48 -48 0 32 20 -35 18 -18 -10 -42 39 -43 -38 44 0 -11 0 -47 40 34 0 -42 -17 24 -1 36 48 0 -24 40 25 -18 0 -24 11 0 47 -6 24 0 -42 0 24 0 18 0 -17 29 
0 -24 0 0 -9 -24 5 -10 -2 30 0 0 -47 -43 6 0 4 0 0 -7 19 48 -42 21 -48 0 26 49 32 39 26 26 48 -3 16 0 0 19 0 -20 -28 0 25 -25 -43 20 -12 -13 -28 -33 -27 47 26 -38 -25 -42 30 38 0 46 40 48 -42 9 0 0 25 1 -21 -35 -42 0 -48 -45 -14 -12 0 -49 14 -24 14 44 44 -44 0 0 41 -14 11 -45 
46 -11 0 1 28 0 -46 0 22 -49 29 0 2 20 23 4 43 -21 -47 28 38 0 20 0 -29 -49 -16 38 -14 0 0 -26 0 -37 25 -6 21 -28 24 -3 0 0 0 0 -8 19 -33 10 2 21 -43 -20 15 44 -42 -30 -34 -6 -43 0 24 -30 21 -38 0 -12 0 -24 0 -13 -21 16 10 0 38 11 -49 -2 -49 -28 -43 15 31 0 17 7 19 0 38 -47 
-2 24 4 -38 14 -37 -20 0 -39 -5 18 28 36 -16 -35 0 -43 -29 0 0 0 23 18 0 11 0 1 0 0 0 34 22 17 9 0 10 -16 -43 43 0 0 -4 -38 -48 24 -38 29 -20 -18 23 -26 0 -37 0 30 -34 0 45 0 0 -11 42 0 35 0 46 24 0 -23 46 22 0 0 44 36 13 -49 0 -16 -42 0 0 0 9 41 19 -15 -1 -15 16 
0 0 0 -34 0 19 -30 39 46 0 -18 0 0 25 0 0 -4 -29 0 35 -36 0 -24 -20 -38 -8 0 24 -29 0 37 -30 -20 0 -35 7 0 -47 32 33 0 38 -43 0 0 -22 5 0 -33 33 0 18 46 -11 38 -6 45 -41 0 21 -5 -14 0 31 -27 0 0 47 -14 32 -23 -27 21 0 29 39 18 -14 -14 30 0 -27 0 41 0 0 0 -21 28 15 
-23 0 20 0 0 3 -26 -12 0 0 -32 -8 -35 -7 0 -5 -12 44 0 45 -5 18 -47 -48 -31 0 -33 -45 -9 12 16 -40 0 -33 12 0 0 4 48 2 0 28 0 -16 -9 20 39 17 0 -49 0 14 -37 0 0 -43 0 0 0 38 -35 42 0 0 22 -38 -14 5 -25 -37 18 -17 30 21 -30 -25 -38 -42 -3 12 -23 24 0 0 -42 -25 -29 0 31 28 
30 -42 43 0 33 30 2 31 37 23 25 -2 27 -9 0 32 49 6 -36 0 40 3 34 19 -45 -19 0 -33 45 -43 49 0 -29 0 0 0 0 26 -42 -24 0 -31 -14 26 22 -33 32 24 0 -16 0 -29 -7 -47 46 0 0 21 38 0 -13 26 -1 0 -37 -35 6 7 35 -3 0 -38 0 -3 36 0 32 -22 2 31 0 -1 4 -17 43 0 38 -13 25 26 
-38 -43 -41 41 -31 2 -49 0 -16 0 18 -2 -9 -12 0 43 0 28 0 -45 -35 42 21 -2 0 0 -30 0 0 -42 21 42 -38 0 34 -40 -49 0 10 27 -2 33 0 -27 11 43 -15 -5 44 -42 43 -8 0 40 40 24 -11 -5 -35 -13 33 -49 0 0 0 0 0 18 18 0 0 -10 42 33 -27 2 6 0 -35 -25 -11 -29 -40 -34 17 -46 0 0 -22 37 
47 44 32 -2 0 -41 0 23 -3 37 0 0 20 9 0 0 48 -7 -14 0 0 36 18 0 0 25 -22 40 0 7 -18 20 39 -37 -25 -13 40 34 18 -9 -46 33 23 -32 -42 -43 0 31 0 0 13 0 43 34 48 -30 42 -14 42 26 -49 -28 0 0 0 19 21 36 0 0 -1 -48 -46 -3 44 -49 -42 31 43 0 -25 0 -12 -38 -36 37 0 -1 0 -18 
-48 18 -42 35 25 5 -40 21 1 41 -32 25 4 43 21 -3 -2 27 4 5 34 0 0 0 -23 2 -7 -12 0 -43 23 -9 0 0 0 0 -40 22 -46 3 0 -1 -8 28 49 -15 -43 23 -16 0 5 0 10 0 -42 21 0 0 0 -1 0 0 -2 -45 0 36 -15 44 -19 0 0 -47 -35 -6 -23 -34 -22 39 -33 0 16 34 0 -7 0 0 26 -2 38 12 
0 0 33 -20 38 -7 0 14 0 -17 43 21 -5 0 1 44 -26 41 0 -2 -6 -14 0 -48 -21 -33 5 -8 -44 8 20 0 34 -10 0 -23 22 0 41 -37 20 -44 0 2 31 46 0 -39 24 -1 -30 -2 -45 -42 9 -38 35 31 0 0 0 0 -45 0 0 -35 9 0 43 -22 0 -41 0 33 7 29 40 -42 -30 -33 21 0 -22 16 49 8 38 30 -24 5 
12 -38 0 -27 -13 0 43 -10 38 0 21 9 0 -21 30 -23 -13 0 -10 -40 -9 -24 0 -36 22 0 0 29 25 0 0 -21 9 -48 26 -18 -36 0 0 5 0 -38 28 -17 -30 0 0 -24 0 29 0 29 34 -17 0 0 0 -27 22 -37 0 0 0 0 0 0 0 11 -6 -45 0 -18 26 16 0 -11 -17 47 39 0 43 0 33 -37 -27 -13 -26 45 0 1 
0 -33 -41 0 1 -30 0 -18 -13 0 -23 30 0 14 -3 0 -17 0 7 0 -28 39 0 0 7 -34 34 0 49 7 -28 0 42 -2 0 -37 -13 0 -25 -48 11 39 -1 -14 0 36 -23 37 0 37 0 0 12 24 0 -12 46 0 -38 -35 0 19 36 -35 0 -21 1 0 7 -44 49 -32 -30 -29 2 0 0 37 30 15 -49 -14 14 0 4 0 19 21 -24 0 
0 -6 0 -8 0 -1 0 -35 41 48 4 -21 -48 36 0 0 12 -5 0 0 21 45 0 -40 0 0 -23 39 0 -13 42 28 18 -27 -41 -26 27 1 0 0 10 -17 1 -39 -13 -7 18 0 -11 0 0 44 27 -1 25 0 24 0 -14 6 0 21 -15 9 0 1 28 0 -46 4 3 8 -48 16 -43 -8 2 14 26 0 0 -40 -15 -27 -8 -10 0 15 45 0 
-26 -7 27 4 -48 0 -43 -5 26 28 22 0 -37 2 0 0 -5 16 41 25 4 18 28 14 30 -33 22 33 -34 -2 -14 24 0 30 -34 -29 17 0 -16 -31 5 0 28 39 -41 45 0 0 -36 -10 -11 0 0 36 1 -24 0 47 5 7 18 36 44 0 11 0 0 16 42 0 8 25 -2 27 20 0 -19 38 17 6 3 11 36 0 0 -12 -18 0 -47 3 
0 0 -35 0 0 9 38 46 0 30 -42 -27 0 29 36 20 10 -2 2 4 43 28 0 -16 -23 0 -27 -12 48 3 9 22 36 -17 -49 -43 -24 6 -47 0 -26 -34 -17 -38 -45 0 -4 -32 -34 20 -19 -19 46 48 -21 0 -23 -14 -25 35 18 0 -19 43 -6 7 -46 42 -13 0 0 5 -15 45 7 0 16 -34 15 24 7 -26 0 -21 -45 21 -25 0 -1 -10 
0 0 0 0 17 0 0 -9 9 -37 -27 0 0 0 44 -23 -24 9 -11 44 -48 -27 0 0 0 6 -26 -17 0 15 0 12 29 -29 41 0 35 -13 0 -10 5 -13 -18 0 0 4 0 0 0 0 24 -3 48 0 -35 -13 46 32 -37 -3 0 0 0 -22 -45 -44 4 0 0 -17 0 7 -28 -8 0 0 0 -19 47 -30 0 0 0 43 -13 45 4 0 -12 14 
0 0 0 5 0 0 0 -40 -35 11 -2 30 0 1 -17 -23 0 41 -18 0 -38 39 -31 -11 3 -16 0 0 -3 10 -24 32 0 0 28 0 0 0 0 -21 35 46 28 21 45 23 -27 0 -14 -21 47 0 -33 -24 -42 -21 22 -23 18 0 0 -1 0 0 0 49 3 8 0 0 -33 33 -15 48 42 -7 -4 0 -34 48 13 48 0 -21 2 0 -45 -18 13 -5 
22 29 37 17 -7 0 -27 23 39 0 -21 -7 -10 -12 0 28 20 14 -11 26 25 3 -1 0 -34 31 0 -15 13 0 -45 -24 -21 21 0 -4 0 -1 29 -9 -46 -29 24 1 46 -16 1 -14 0 0 28 0 39 40 0 16 0 -27 -17 -38 -10 -48 -47 -41 -18 -32 8 25 5 7 33 -45 23 -28 0 -6 22 47 -43 0 -13 -18 31 -39 18 -42 1 23 -20 0 
-8 0 33 -47 -42 -15 -39 35 8 28 -30 34 -37 0 -11 10 0 0 11 1 0 29 25 0 -32 30 0 -29 -10 3 0 -46 43 4 -16 37 15 -43 23 13 -20 -13 -47 0 -6 7 -9 -40 0 16 0 31 -32 25 -48 10 0 21 30 0 42 -46 -35 0 26 -30 -48 -2 -15 -28 -15 23 -21 -36 0 29 49 0 -26 9 -39 0 -16 0 17 40 -26 -31 -21 48 
1 -25 24 -7 -23 5 -23 38 0 0 -47 -40 49 47 -12 0 0 0 16 0 30 -2 -22 -15 9 -24 -28 32 -43 0 0 0 0 -16 0 -24 2 -36 0 20 0 16 8 -27 47 -31 -22 46 27 47 -12 -37 -44 -18 -45 0 44 0 21 -3 33 -3 -6 33 16 -29 16 27 45 -8 48 -28 -36 0 16 35 -14 -25 0 1 0 22 -15 0 -11 -45 0 -1 0 23 
27 31 9 -49 -8 22 -30 0 -34 -13 15 7 21 -47 0 -11 0 -2 37 0 -39 25 0 48 -19 -16 -2 34 0 -33 43 -13 0 27 28 -9 0 -41 -31 -42 -15 0 26 -48 -43 -13 -33 29 -2 6 -25 30 39 0 -14 38 36 29 -30 36 -27 44 -23 7 0 2 -43 20 7 0 42 0 0 16 -48 0 -41 -3 15 0 -47 0 23 -38 42 26 -8 -25 0 -10 
43 -40 0 12 0 0 -43 0 5 -43 -47 -37 28 -32 11 16 -22 0 -49 0 -48 -11 -41 -13 0 15 9 -6 -42 -11 0 36 -4 -27 -22 13 -16 0 37 0 0 -25 0 -41 14 -28 0 0 -5 33 -32 0 25 -24 -12 11 13 39 -25 0 2 -49 -34 29 -11 0 -8 0 0 0 -7 -6 29 35 0 0 31 -41 0 -16 -23 0 8 0 0 0 -44 0 -43 -5 
13 -40 -39 -43 3 1 36 0 8 0 43 -3 -33 11 -14 0 49 -4 -6 14 26 48 37 13 15 18 14 25 0 -15 -10 36 -36 0 1 47 0 -48 0 11 31 0 -44 48 6 -16 -29 0 -30 0 0 36 -37 11 0 -49 -49 18 -38 32 6 -42 -22 40 -17 0 2 -19 16 0 -4 22 49 -14 -41 31 -9 4 5 0 43 11 0 0 0 -37 9 16 -33 0 
0 30 0 17 -16 -19 0 0 -6 -20 31 -1 -36 19 0 31 12 8 -12 30 0 -12 0 -49 37 39 27 14 32 0 12 15 0 19 -45 0 -42 0 -2 -38 4 -20 0 43 -21 23 46 0 0 0 0 17 -14 0 -49 -2 0 -14 -42 -22 0 31 39 -42 47 37 14 38 -34 -19 0 47 0 -25 -3 -41 4 49 4 -36 -35 0 -25 43 26 -2 -35 30 0 -19 
0 13 -19 0 20 -38 -44 0 4 0 -24 0 37 0 -40 0 -31 -41 45 39 0 0 -49 -13 0 24 44 48 25 -7 42 41 15 0 31 -9 6 18 -29 44 0 37 0 -27 14 0 0 43 48 0 -49 27 -30 47 14 -49 -16 -14 -3 2 -35 43 -33 -30 39 30 26 17 15 47 -34 -43 -26 0 15 0 5 4 -40 0 25 -2 29 41 46 -10 22 8 -27 0 
-29 -19 18 -2 -19 0 27 -39 0 11 11 43 -41 -29 35 -5 0 45 44 49 10 -15 -49 7 33 -8 0 -12 -32 40 34 13 -35 1 0 44 33 0 28 0 36 10 -37 -4 9 -8 14 0 -9 -29 48 14 44 -6 -24 -28 -42 30 12 31 -25 0 0 -33 0 15 0 6 24 -30 48 0 9 1 0 -16 0 -36 0 0 48 0 0 -47 -26 -20 16 0 0 -31 
-1 0 47 0 0 0 0 -46 4 -40 0 -38 -33 37 0 29 0 28 -21 -19 -18 44 0 0 -26 0 0 0 -38 0 -1 25 -18 40 31 0 2 -43 0 30 41 -22 12 0 -15 -15 -24 -45 0 -21 0 0 45 24 14 -43 0 0 -23 0 -11 -25 16 21 43 -49 0 3 7 0 13 -13 -39 0 -47 -23 43 -35 25 48 0 11 -40 10 37 0 -26 0 -24 0 
18 -21 0 0 0 -1 -10 -42 0 0 -15 18 10 0 0 12 0 -42 -48 -3 -10 35 -49 46 34 0 -29 -23 -26 29 -12 -7 0 0 46 22 -26 0 17 0 -3 23 -15 23 45 -38 0 0 40 36 -23 41 -4 0 44 15 0 -27 24 -1 -29 0 34 0 0 -14 -40 11 -26 0 48 -18 0 22 0 0 11 0 -2 0 11 0 32 16 6 35 0 0 0 39 
0 35 0 -47 -18 43 -23 0 -16 11 38 -27 -27 0 -36 -43 0 -2 37 -47 0 40 0 -35 -45 31 -8 -40 -7 0 13 33 0 0 20 38 -11 15 -44 30 0 0 -2 24 37 0 -30 23 41 22 -47 -24 -5 -42 44 31 0 0 0 4 -40 -12 0 -22 33 14 -15 36 0 0 0 31 -16 -15 23 8 0 -25 29 0 -40 32 48 13 -23 0 0 -26 -48 -22 
0 0 39 19 29 0 24 -4 0 -39 -21 -12 0 -29 -2 31 -12 16 -41 0 -28 21 15 -38 28 0 -6 20 0 31 36 -31 0 -37 -38 41 -3 0 0 0 -48 -23 -2 -9 23 0 -25 -7 -7 -45 46 -26 -2 0 -44 0 9 41 0 -17 -34 -38 -7 16 -37 0 -27 0 -21 43 -21 -39 0 0 -38 0 0 43 41 -47 10 16 13 -10 -38 26 3 31 -37 1 
0 -8 29 0 0 -24 -9 13 26 -36 0 4 0 41 40 -34 -37 11 -2 0 -19 25 -16 5 17 0 -35 4 0 30 13 38 2 0 0 -33 40 -20 0 -21 47 -18 -15 -22 0 0 0 22 15 -18 27 24 0 24 0 17 41 0 -42 43 17 -36 0 49 -27 4 -8 0 -45 -13 2 18 17 -11 42 0 0 26 46 -26 37 6 -23 -38 0 0 -29 0 13 14 
-38 -33 12 34 37 -39 0 -46 34 -14 40 0 -42 32 -3 7 0 15 -3 -22 0 0 -42 3 -41 0 37 -40 36 33 6 38 0 4 -45 -43 0 15 -9 34 0 -32 27 -41 22 14 18 47 0 -6 -26 -45 39 0 0 7 19 0 -25 0 -46 37 0 8 -13 0 -10 -12 21 45 0 -42 40 -45 26 0 -37 -2 -10 -20 0 35 0 26 0 49 -26 0 11 42 
0 38 38 -43 -11 -46 -36 5 -41 0 -27 0 -3 0 18 0 -23 46 47 24 5 -12 -16 -16 27 0 47 47 0 -36 -5 2 8 0 0 37 0 -3 0 0 0 -27 -46 25 38 47 0 0 -21 -39 -39 -30 -14 18 41 19 -15 0 -29 38 0 0 26 38 -26 19 0 -18 -25 4 -45 1 -26 0 -8 -44 9 -35 22 16 -26 0 0 3 -29 -26 -30 -33 -27 -48 
32 47 -49 -43 21 -18 -18 0 -21 25 0 0 -4 -9 -20 -43 -44 18 0 4 0 0 -25 0 42 21 13 0 39 -31 -30 -6 2 -10 -12 -47 31 44 35 -26 -17 -37 20 25 46 0 0 0 30 41 0 -18 1 0 -14 0 -1 -21 0 -13 0 -1 -2 30 45 21 15 0 0 0 -18 23 -31 -1 -25 0 16 30 8 0 0 0 -26 31 0 0 -33 -13 0 32 
20 0 -1 -5 -19 -28 -42 -32 0 0 -16 0 40 0 0 -2 -16 -35 45 0 0 0 0 -16 32 -29 40 0 -32 0 44 28 -29 -20 -12 0 -26 -23 0 -19 16 0 4 15 -19 44 0 -12 7 0 0 -37 -17 -17 11 38 -15 28 31 25 -22 0 38 -24 0 -24 45 -47 -1 -12 13 -20 -21 0 0 -43 -33 0 -27 0 -24 0 -48 -37 13 11 -27 0 -11 0 
0 0 -37 1 -27 0 4 35 34 26 0 -5 20 -46 -20 -31 0 -6 42 -14 0 39 5 0 42 0 34 6 6 35 -18 -40 -41 0 21 0 -32 29 39 0 30 14 0 44 0 -24 -26 43 13 41 -32 -17 -49 29 -45 -47 16 15 28 26 37 -18 12 5 1 0 0 3 -10 14 -5 0 48 23 -10 -5 0 -19 0 -31 0 39 -22 1 14 42 -48 32 0 -44 
