80
-18 -40 1 24 -2 0 -1 -42 23 0 -18 0 0 0 6 -28 44 37 0 -2 0 -39 -48 35 35 0 -17 -32 0 -45 -42 -16 6 0 26 -13 6 23 0 5 0 29 43 -10 27 0 -30 -21 0 -2 -26 34 44 0 0 -15 0 0 -48 0 0 -15 -38 -38 0 -12 48 42 40 -38 -1 -39 -6 47 -35 -24 0 13 -6 0 
20 13 7 -6 -40 5 -9 24 0 0 1 0 -44 33 25 -8 49 0 48 -7 -32 20 -16 0 0 0 45 22 30 0 0 42 -13 27 4 33 0 25 -13 -2 0 25 7 29 -13 12 19 -39 -14 0 30 0 -21 12 38 -44 45 19 -39 0 -22 0 -25 -9 35 0 0 29 23 21 0 25 -8 30 -13 0 24 9 -21 49 
13 0 0 0 0 0 -3 0 0 -17 -4 0 22 11 44 -29 13 0 -27 32 -16 3 27 -1 -14 -8 38 1 -4 18 -5 14 -26 0 -35 -49 8 0 35 0 11 0 -21 0 43 0 0 21 -30 0 -15 0 -30 -17 0 -31 34 -45 39 0 -46 29 0 36 0 0 33 4 -35 -22 -17 -8 -46 8 0 0 10 -24 11 23 
7 0 13 5 -26 0 10 0 8 0 16 0 -22 -35 11 24 31 0 0 -30 -30 -38 -18 -39 0 -3 0 0 16 47 -12 37 -22 19 -3 0 2 48 -6 0 20 0 -16 0 0 -1 -8 0 0 -16 39 0 -21 2 0 -21 -7 -30 0 0 0 0 -8 -22 0 5 25 37 0 39 -20 35 0 -14 8 -17 0 12 -20 0 
-6 0 5 -23 0 -34 0 40 -30 0 43 45 -20 -34 5 -6 38 19 0 37 0 20 0 43 0 0 0 24 18 -28 -32 23 -19 9 0 -5 0 0 14 4 0 0 -41 23 -48 20 0 -35 42 -44 -13 -7 20 -11 37 0 -24 -45 32 0 -7 -30 20 16 7 46 -24 0 45 29 -6 0 0 42 -23 -32 41 -23 0 -26 
-40 0 -26 0 -38 -39 38 25 -19 43 0 -42 47 19 0 -1 31 0 48 31 0 11 4 -34 -4 0 1 -12 8 -8 0 -3 -15 -21 -5 12 -14 0 0 -15 -9 -44 -34 24 -21 0 16 -12 -1 0 0 -48 0 0 -37 0 0 10 36 0 0 29 0 0 44 0 37 -6 -5 42 29 0 0 -26 -35 42 0 0 44 0 
5 0 0 -34 -39 0 -35 8 13 -41 32 -8 -44 -38 -31 0 35 23 33 0 9 29 0 -22 0 -26 0 -19 22 0 -18 46 19 0 -47 4 0 -11 39 -6 0 33 -40 0 -42 -12 -43 3 18 -8 -48 -9 0 31 26 -20 32 0 -43 7 0 -46 -49 0 18 0 41 19 0 4 39 34 0 5 -3 4 12 0 -33 30 
-9 -3 10 0 38 -35 40 -4 37 -7 -14 0 -48 -4 0 -3 -49 0 26 25 13 36 1 15 -17 -16 19 -20 34 0 47 10 0 -29 0 0 -18 0 -3 -39 0 -13 -6 -33 48 -42 21 3 9 0 -47 0 -18 12 0 -22 0 -14 0 0 -6 0 33 -45 -10 14 21 -24 47 -42 16 0 0 -31 0 -5 36 -9 1 6 
24 0 0 40 25 8 -4 0 -43 35 -3 -27 0 -34 -6 -40 38 10 6 -49 36 -39 16 9 0 17 7 48 8 0 0 0 15 3 -42 0 19 -29 46 4 2 0 13 7 -41 20 0 0 2 0 -13 -12 -16 20 -34 0 48 -39 -11 -26 -12 28 40 -8 -30 14 -30 -39 -48 49 0 0 2 30 10 10 38 4 0 30 
0 0 8 -30 -19 13 37 -43 -46 18 0 10 0 32 -10 -48 16 0 16 21 0 31 19 15 47 -9 0 -15 -6 -3 0 4 32 -31 0 20 -6 -42 -42 47 17 -38 -42 -27 -10 -39 0 0 17 0 -8 -32 -14 -49 -2 0 29 -39 30 0 -45 3 -3 -3 20 0 13 43 0 -47 -33 13 0 16 19 0 -41 0 -36 0 
0 -17 0 0 43 -41 -7 35 18 0 0 -44 0 47 -31 -46 10 0 32 -41 -4 -20 45 0 -35 0 28 47 0 -34 -10 5 0 -34 0 38 0 0 47 -40 0 46 38 0 0 36 41 -36 3 -46 8 -17 -6 -42 -29 -1 0 -1 -39 -42 38 -48 17 -23 17 0 0 0 -49 37 38 -15 0 40 -41 -8 0 21 0 -33 
1 -4 16 43 0 32 -14 -3 0 0 -16 41 17 -38 -5 15 -19 -4 -26 -31 -42 20 -16 -20 -27 -25 16 0 4 -30 0 24 27 -25 0 0 17 45 -22 39 -5 -8 0 0 -23 -2 0 -45 0 41 38 -11 0 7 0 0 -45 20 -22 1 20 -36 14 -29 -33 31 -4 16 -23 0 -14 -35 -23 -37 17 -2 -33 0 -34 0 
0 0 0 45 -42 -8 0 -27 10 -44 41 29 -2 7 0 24 -33 -45 -8 35 -38 -34 -14 -16 -23 29 0 -36 0 0 -6 10 29 -32 -12 29 0 11 43 40 -34 40 -2 -31 -16 28 9 -9 -19 3 -10 13 30 17 0 0 -39 -23 46 -31 9 -29 36 -35 -36 21 -22 3 -43 42 0 27 8 44 -31 18 39 -14 -17 -11 
-44 22 -22 -20 47 -44 -48 0 0 0 17 -2 -3 -18 -4 26 49 -1 -1 25 14 -35 36 35 27 1 13 49 4 5 0 0 0 18 42 35 -31 0 1 -1 34 -42 -37 40 0 33 31 44 0 23 -49 -25 -6 -46 49 24 -9 -41 -35 0 -8 0 -44 15 -26 -32 -4 0 -18 39 -24 32 -41 -27 20 12 0 -31 31 0 
33 11 -35 -34 19 -38 -4 -34 32 47 -38 7 -18 -39 0 0 0 -47 0 0 -20 -32 15 0 3 0 7 -9 0 0 12 -19 25 48 14 0 34 40 -12 42 2 14 33 10 10 25 -33 0 -32 46 38 -40 -6 -42 -4 -15 40 0 0 -45 -8 -38 30 36 0 0 0 -10 0 27 17 48 -46 0 22 32 3 4 0 20 
25 44 11 5 0 -31 0 -6 -10 -31 -5 0 -4 0 -19 36 0 0 24 0 43 0 46 26 0 19 -27 0 0 -18 4 0 -22 -35 -8 -4 -30 -30 -7 0 48 0 15 0 30 0 -15 0 17 0 0 31 36 0 48 -25 9 0 0 0 41 0 6 25 25 0 42 0 37 6 42 37 15 -17 0 0 -29 -6 0 23 
-8 -29 24 -6 -1 0 -3 -40 -48 -46 15 24 26 0 36 1 -16 -6 19 21 19 0 0 2 -39 0 -28 47 -14 -11 0 0 -6 -28 20 33 0 44 0 0 26 -22 -34 0 17 25 -3 0 26 -31 -25 26 11 0 20 -39 -14 20 -48 0 0 18 -15 -23 41 -30 -5 -12 -2 -19 -10 34 35 -12 3 -44 -7 10 30 21 
49 13 31 38 31 35 -49 38 16 10 -19 -33 49 0 0 -16 -9 0 -36 24 0 0 19 -14 -18 0 5 -37 -9 -20 27 0 -27 0 38 0 0 45 40 45 -35 -44 0 0 -16 0 15 21 49 43 5 -1 -5 0 0 -31 -34 -41 26 -26 38 0 -24 43 -14 8 39 0 17 -21 -26 16 19 0 -8 0 47 -20 18 -7 
0 0 0 19 0 23 0 10 0 0 -4 -45 -1 -47 0 -6 0 0 0 38 0 0 19 -34 -44 0 0 -20 38 -47 29 36 38 0 0 0 -18 36 36 -1 0 -10 -7 0 0 -49 -39 -12 39 0 0 0 -2 -22 34 -43 32 -7 -23 0 0 -14 0 7 0 -17 -12 0 -21 4 -13 38 0 18 0 34 43 2 33 25 
48 -27 0 0 48 33 26 6 16 32 -26 -8 -1 0 24 19 -36 0 0 4 0 31 0 -32 2 36 -38 8 -20 0 28 46 -36 0 32 -6 -42 11 28 -46 -49 29 0 -46 0 0 0 -43 2 44 7 0 0 0 -34 0 -11 29 -27 39 0 10 0 48 28 0 0 10 0 -15 10 7 0 0 34 -21 -9 -44 -38 20 
-7 32 -30 37 31 0 25 -49 21 -41 -31 35 25 0 0 21 24 38 4 36 -37 0 0 -4 0 0 3 -24 -35 29 19 39 25 -14 18 28 -46 -4 0 0 28 -46 -6 14 43 0 -38 0 25 22 -26 41 0 0 30 -36 0 -39 3 44 8 0 47 0 -10 17 47 25 37 -13 13 13 0 0 -41 17 46 -10 0 7 
-32 -16 -30 0 0 9 13 36 0 -4 -42 -38 14 -20 43 19 0 0 0 -37 47 0 35 1 -14 4 -41 0 -19 -28 0 -5 43 0 0 0 31 0 -31 11 -30 -21 8 0 -30 36 -42 0 0 10 0 0 0 -38 39 -40 -23 3 41 -35 11 -30 0 0 0 -44 40 -7 32 16 10 12 44 35 44 39 -38 -29 0 -11 
20 3 -38 20 11 29 36 -39 31 -20 20 -34 -35 -32 0 0 0 0 31 0 0 0 0 0 0 2 0 -32 44 -8 -5 -20 48 -28 29 -11 -13 -23 49 24 0 -21 42 -42 0 0 0 1 -15 0 0 44 -12 -16 3 -13 -36 -1 -37 0 0 12 -42 48 0 31 0 -14 29 0 0 -29 23 -20 32 -24 0 11 0 23 
-16 27 -18 0 4 0 1 16 19 45 -16 -14 36 15 46 0 19 19 0 0 35 0 -39 -18 0 2 -17 0 0 34 16 43 0 0 0 0 28 -17 -38 26 -33 0 -34 -2 46 -2 -3 0 1 0 -25 -43 28 33 21 -27 0 0 -43 48 -41 44 -30 10 9 0 -23 -18 -9 2 1 0 0 9 -36 0 48 0 25 31 
0 -1 -39 43 -34 -22 15 9 15 0 -20 -16 35 0 26 2 -14 -34 -32 -4 1 0 -18 -26 -5 -21 9 25 46 18 19 -31 -29 -38 39 12 21 -29 49 7 -32 0 0 20 -26 8 -47 7 0 0 42 0 16 -30 -14 -30 28 0 0 35 -10 8 0 0 -11 -29 11 26 -8 0 48 4 0 0 -27 -24 15 -48 34 0 
0 -14 0 0 -4 0 -17 0 47 -35 -27 -23 27 3 0 -39 -18 -44 2 0 -14 0 0 -5 41 -2 40 45 0 -13 0 -10 0 9 -9 0 0 0 -4 -32 -40 0 19 -10 31 0 -14 -31 2 37 -17 -49 -23 43 -5 -36 -14 -5 0 -12 1 -18 19 -42 -37 0 -5 -21 -49 10 24 0 -9 0 45 -6 -44 -11 13 0 
0 -8 -3 0 0 -26 -16 17 -9 0 -25 29 1 0 19 0 0 0 36 0 4 2 2 -21 -2 -20 0 -17 0 -32 -41 42 -5 20 47 32 -37 -44 0 -15 49 0 -44 -43 1 0 15 0 -10 2 0 0 -6 0 10 -7 2 3 0 26 -18 28 32 -1 0 -23 -10 0 -39 -19 0 -6 -27 0 -43 0 0 19 13 -13 
45 38 0 0 1 0 19 7 0 28 16 0 13 7 -27 -28 5 0 -38 3 -41 0 -17 9 40 0 -16 7 -27 -42 -17 0 0 11 36 15 0 0 35 -3 -11 38 -32 49 45 -14 29 0 31 18 -22 0 -7 0 37 7 -46 45 33 36 8 31 35 0 0 -30 35 43 47 0 8 -7 -37 37 -12 -19 0 -37 0 -40 
22 1 0 24 -12 -19 -20 48 -15 47 0 -36 49 -9 0 47 -37 -20 8 -24 0 -32 0 25 45 -17 7 0 20 -9 39 -24 43 46 44 0 -9 14 29 0 -37 0 32 -1 7 -28 18 8 -37 -48 38 0 -15 49 0 11 -33 -3 -19 -7 -20 -2 -15 -32 -31 33 45 -34 -44 -11 18 -25 -23 0 0 13 42 -33 9 -38 
30 -4 16 18 8 22 34 8 -6 0 4 0 4 0 0 -14 -9 38 -20 -35 -19 44 0 46 0 0 -27 20 -39 0 0 5 -32 0 -9 -41 5 5 0 -21 12 -1 47 -24 -35 -46 37 -45 -2 0 -20 0 40 0 0 0 -31 -36 0 0 -42 -29 26 -28 34 0 24 -9 -42 -3 -47 41 21 49 30 0 0 -39 -39 -8 
0 18 47 -28 -8 0 0 0 -3 -34 -30 0 5 0 -18 -11 -20 -47 0 29 -28 -8 34 18 -13 -32 -42 -9 0 -11 -1 0 0 0 23 0 8 44 0 30 -21 30 43 0 0 -44 -42 0 13 -17 36 38 0 14 -6 -11 -26 0 20 47 -35 -17 -19 0 0 0 10 -18 31 0 6 0 0 0 0 21 -14 0 0 43 
0 -5 -12 -32 0 -18 47 0 0 -10 0 -6 0 12 4 0 27 29 28 19 0 -5 16 19 0 -41 -17 39 0 -1 0 -10 30 0 15 0 -24 35 6 0 0 -23 -24 -23 33 -16 30 0 41 43 0 -13 38 0 -12 0 -34 -20 38 18 -22 0 44 15 -31 20 33 -20 40 -30 -48 -22 0 44 12 0 -23 0 0 49 
42 14 37 23 -3 46 10 0 4 5 24 10 0 -19 0 0 0 36 46 39 -5 -20 43 -31 -10 42 0 -24 5 0 -10 -19 -11 41 0 -46 -48 0 17 0 0 6 24 0 -36 -44 0 0 -9 -10 -41 8 36 40 0 -30 0 0 0 0 0 -8 -5 -1 0 1 11 -49 0 0 32 38 43 8 -26 0 -5 -3 -42 33 
-13 -26 -22 -19 -15 19 0 15 32 0 27 29 0 25 -22 -6 -27 38 -36 25 43 48 0 -29 0 -5 0 43 -32 0 30 -11 0 24 43 0 -34 6 0 -36 27 -44 -41 0 0 0 -46 -6 26 -13 -19 39 0 -32 0 0 -32 35 20 33 -39 0 31 0 15 -20 -2 0 13 -3 -47 26 0 0 -26 7 9 3 12 0 
27 0 19 9 -21 0 -29 3 -31 -34 -25 -32 18 48 -35 -28 0 0 0 -14 0 -28 0 -38 9 20 11 46 0 0 0 41 24 13 15 2 -22 0 0 -49 -9 39 -41 -44 41 0 0 47 49 23 6 -14 -34 13 45 41 0 -46 -43 44 0 0 0 23 -40 24 0 -31 31 -45 43 -38 0 0 -31 -3 0 -19 -43 32 
4 -35 -3 0 -5 -47 0 -42 0 0 0 -12 42 14 -8 20 38 0 32 18 0 29 0 39 -9 47 36 44 -9 23 15 0 43 15 -16 43 49 0 35 19 -23 -2 21 -16 0 -18 0 -1 0 -7 7 40 -16 0 0 0 36 5 46 45 -47 0 10 0 -4 -20 -49 0 6 30 -4 0 28 -27 25 9 48 17 0 3 
33 -49 0 -5 12 4 0 0 20 38 0 29 35 0 -4 33 0 0 -6 28 0 -11 0 12 0 32 15 0 -41 0 0 -46 0 2 43 32 -18 -49 0 -32 28 -33 10 0 -26 21 -32 7 0 0 -19 0 6 0 -33 45 43 5 22 -24 45 0 10 -32 -32 0 0 1 29 0 13 36 0 0 -10 17 28 0 -14 31 
0 8 2 0 -14 0 -18 19 -6 0 17 0 -31 34 -30 0 0 -18 -42 -46 31 -13 28 21 0 -37 0 -9 5 8 -24 -48 -34 -22 49 -18 32 -14 38 38 32 -42 -11 41 -48 35 0 -22 0 40 9 0 33 15 -32 46 41 0 40 -27 -19 0 -21 -4 -21 0 0 -16 0 46 -48 0 0 -40 2 -25 -31 3 0 -29 
25 0 48 0 0 -11 0 -29 -42 0 45 11 0 40 -30 44 45 36 11 -4 0 -23 -17 -29 0 -44 0 14 5 44 35 0 6 0 0 -49 -14 -5 -31 0 38 -19 -21 0 -26 41 -44 -45 14 -10 49 -38 0 -22 31 -9 -3 0 -14 23 0 0 -3 0 38 0 0 -49 9 -14 -11 0 0 0 -49 2 -5 -43 0 -38 
-13 35 -6 14 0 39 -3 46 -42 47 -22 43 1 -12 -7 0 40 36 28 0 -31 49 -38 49 -4 0 35 29 0 0 6 17 0 0 35 0 38 -31 0 0 14 27 34 2 -40 0 0 -22 12 0 -18 0 28 -32 -14 0 -40 33 36 0 -27 -41 46 -2 -27 -29 17 -10 -45 31 0 -22 15 12 16 -43 -24 0 13 1 
-2 0 0 4 -15 -6 -39 4 47 -40 39 40 -1 42 0 0 45 -1 -46 0 11 24 26 7 -32 -15 -3 0 -21 30 0 0 -36 -49 19 -32 38 0 0 0 -29 -23 -14 0 0 39 7 3 0 -28 -43 -44 36 -23 34 0 0 29 35 23 14 0 14 43 20 -31 -13 -30 0 -48 8 21 0 37 25 -10 0 0 0 29 
0 11 20 0 -9 0 0 2 17 0 -5 -34 34 2 48 26 -35 0 -49 28 -30 0 -33 -32 -40 49 -11 -37 12 -21 0 0 27 -9 -23 28 32 38 14 -29 12 8 0 10 -39 0 -36 23 22 0 1 28 20 -40 -21 -48 0 9 12 -46 0 17 11 35 24 20 0 0 -47 29 36 0 -44 -21 23 -1 0 23 -42 -12 
25 0 0 0 -44 33 -13 0 -38 46 -8 40 -42 14 0 -22 -44 -10 29 -46 -21 -21 0 0 0 0 38 0 -1 30 -23 6 -44 39 -2 -33 -42 -19 27 -23 8 0 -33 -4 0 -5 0 0 -26 43 0 0 0 42 0 -26 -5 39 -45 -18 14 0 29 0 -12 6 0 40 41 -26 -45 -12 25 2 0 1 0 17 31 20 
7 -21 -16 -41 -34 -40 -6 13 -42 38 0 -2 -37 33 15 -34 0 -7 0 -6 8 42 -34 0 19 -44 -32 32 47 43 -24 24 -41 -41 21 10 -11 -21 34 -14 0 -33 17 4 -37 39 -10 -22 25 36 0 0 7 26 30 0 -14 0 -45 -8 44 19 -36 -49 0 -22 -4 -4 40 -35 46 0 11 -18 27 -45 19 0 0 -1 
29 0 0 23 24 0 -33 7 -27 0 0 -31 40 10 0 0 0 0 -46 14 0 -42 -2 20 -10 -43 49 -1 -24 0 -23 0 0 -44 -16 0 41 0 2 0 10 -4 4 -13 -24 5 43 24 3 14 -20 40 -11 -48 0 0 0 23 28 44 30 44 0 -7 0 -45 46 -9 0 48 0 -15 -49 44 -47 -46 43 -39 0 20 
-13 43 0 -48 -21 -42 48 -41 -10 0 -23 -16 0 10 30 17 -16 0 0 43 -30 0 46 -26 31 1 45 7 -35 0 33 -36 0 41 0 -26 -48 -26 -40 0 -39 0 -37 -24 32 23 38 -39 -35 0 -24 -20 0 -15 0 -12 -14 13 0 -10 2 -37 -22 0 0 0 -25 39 -3 17 32 -37 37 10 0 49 -2 0 0 32 
12 0 -1 20 0 -12 -42 20 -39 36 -2 28 33 25 0 25 0 -49 0 0 36 0 -2 8 0 0 -14 -28 -46 -44 -16 -44 0 0 -18 21 35 41 0 39 0 -5 39 5 23 -17 29 0 24 -11 -49 -11 -35 -36 -44 0 31 -3 -45 0 0 -36 3 0 0 -12 40 -20 -33 16 -22 17 -38 -22 4 1 -33 2 -18 0 
19 0 -8 0 16 -43 21 0 0 41 0 9 31 -33 -15 -3 15 -39 0 -38 -42 0 -3 -47 -14 15 29 18 37 -42 30 0 -46 0 0 -32 0 -44 0 7 -36 0 -10 43 38 29 22 0 0 14 0 -1 0 25 21 -30 0 0 -19 -39 -1 2 18 0 39 -15 45 28 45 -16 5 0 0 31 -26 0 -39 -2 -30 31 
-39 21 0 -35 -12 3 3 0 0 -36 -45 -9 44 0 0 0 21 -12 -43 0 0 1 0 7 -31 0 0 8 -45 0 0 0 -6 47 -1 7 -22 -45 -22 3 23 0 -22 24 -39 0 0 0 -35 1 0 0 0 14 26 7 -48 0 0 -6 46 -31 -34 40 -6 -35 0 17 0 0 0 24 -38 15 -27 -43 40 -3 -6 10 
-14 -30 0 42 -1 18 9 2 17 3 0 -19 0 -32 17 26 49 39 2 25 0 -15 1 0 2 -10 31 -37 -2 13 41 -9 26 49 0 0 0 14 12 0 22 -26 25 3 -35 24 0 -35 17 -49 -26 -34 21 0 0 41 12 0 3 0 7 24 25 0 -22 42 0 19 0 47 5 11 0 0 32 35 -4 -26 -20 13 
0 0 -16 -44 0 -8 0 0 0 -46 41 3 23 46 0 -31 43 0 44 22 10 0 0 0 37 2 18 -48 0 -17 43 -10 -13 23 -7 0 40 -10 0 -28 0 43 36 14 0 -11 14 1 -49 -45 12 17 -19 29 -14 -23 -38 41 -8 -25 0 -12 0 0 -44 -8 34 -19 0 10 4 -14 39 -28 40 -34 -45 -29 0 11 
30 -15 39 -13 0 -48 -47 -13 -8 8 38 -10 -49 38 0 -25 5 0 7 -26 0 0 -25 42 -17 0 -22 38 -20 36 0 -41 -19 6 7 -19 9 49 -18 -43 1 0 0 -20 -24 -49 0 0 -26 12 0 -38 -46 -9 19 -44 -3 -13 8 -49 -10 35 -13 -6 39 -2 0 0 -14 6 7 -26 0 2 7 18 9 -10 16 0 
0 0 0 -7 -48 -9 0 -12 -32 -17 -11 13 -25 -40 31 26 -1 0 0 41 0 44 -43 0 -49 0 0 0 0 38 -13 8 39 -14 40 0 0 -38 0 -44 28 0 0 40 -20 -11 -1 0 -34 17 -38 41 22 -16 28 32 39 0 47 -34 -26 0 0 0 -13 35 0 0 0 -32 -17 -8 18 0 0 44 24 19 3 0 
-21 -30 -21 20 0 0 -18 -16 -14 -6 0 30 -6 -6 36 11 -5 -2 0 0 0 -12 28 16 -23 -6 -7 -15 40 0 38 36 0 -34 -16 6 33 0 28 36 20 0 7 -11 0 -35 0 0 21 -19 -46 22 -36 -28 7 21 -39 15 11 35 -7 0 47 -36 0 0 22 -23 12 30 21 7 0 9 -21 0 31 45 21 -17 
12 -17 2 -11 0 31 12 20 -49 -42 7 17 -46 -42 0 0 0 -22 0 0 -38 -16 33 -30 43 0 0 49 0 14 0 40 -32 13 0 0 15 -22 -32 -23 -40 42 26 -48 -15 -36 25 14 0 29 -9 -16 -28 -3 8 -22 24 -33 4 38 0 12 -35 0 0 -30 -12 -17 -29 2 27 0 -45 25 18 49 -29 41 -8 37 
38 0 0 37 -37 26 0 -34 -2 -29 0 0 49 -4 48 20 0 34 -34 30 39 3 21 -14 -5 10 37 0 0 -6 -12 0 0 45 0 -33 -32 31 -14 34 -21 0 30 0 0 -44 21 26 0 -14 19 28 7 8 0 28 -35 0 35 -46 43 0 0 8 49 0 0 33 -39 0 11 -36 18 -33 22 0 49 0 -9 9 
-44 -31 -21 0 0 -20 -22 0 0 -1 0 0 24 -15 -25 -39 -31 -43 0 -36 -40 -13 -27 -30 -36 -7 7 11 0 -11 0 -30 0 41 0 45 46 -9 0 0 -48 -26 0 0 -12 0 -30 7 41 -23 -44 32 21 -22 28 0 8 -48 -21 5 -17 8 7 -7 18 -27 -29 -45 0 46 0 -47 28 15 -11 43 7 0 0 27 
45 34 -7 -24 0 32 0 48 29 0 -45 -39 -9 40 9 -14 -34 32 -11 0 -23 -36 0 28 -14 2 -46 -33 -31 -26 -34 0 -32 0 36 43 41 -3 -40 0 0 -5 -14 0 -14 31 0 -48 12 -38 -3 39 -39 24 -35 8 -24 -22 0 -24 -46 -28 -17 -15 -33 31 10 0 0 0 0 17 -43 42 -20 -40 5 -41 -22 0 
19 -45 -30 -45 10 0 -14 -39 -39 -1 20 -23 -41 0 0 20 -41 -7 29 -39 3 -1 0 0 -5 3 45 -3 -36 0 -20 0 35 -46 5 5 0 0 33 29 9 39 0 23 13 -3 0 0 0 41 -13 0 15 -33 0 -48 -22 35 30 49 45 37 9 0 -38 -42 42 9 44 26 26 21 -10 0 -20 -8 0 -31 -48 2 
-39 39 0 32 36 -43 0 -11 30 -39 -22 46 -35 0 0 -48 26 -23 -27 3 41 -37 -43 0 0 0 33 -19 0 20 38 0 20 -43 46 22 40 -14 36 35 12 -45 -45 28 0 -45 -19 0 3 -8 8 47 11 4 35 -21 0 30 10 0 32 -46 0 -22 32 0 -15 15 17 0 -32 -24 -7 35 22 37 21 36 3 -20 
0 0 0 0 0 7 0 -26 0 -42 1 -31 0 -45 0 0 -26 0 39 44 -35 0 48 35 -12 26 36 -7 0 47 18 0 33 44 45 -24 -27 23 0 23 -46 -18 -8 44 -10 0 -39 -6 0 -25 -49 -34 35 38 -46 5 -24 49 0 -49 29 40 -2 -12 -46 0 -34 0 -7 9 -8 40 -46 11 12 -36 -49 35 -8 -35 
-22 -46 0 -7 0 0 -6 -12 -45 38 20 9 -8 -8 41 0 38 0 0 8 11 0 -41 -10 1 -18 8 -20 -42 -35 -22 0 -39 0 -47 45 -19 0 -27 14 0 14 44 30 2 0 -1 46 7 0 -10 -26 -7 0 43 -17 -46 45 32 29 -34 -34 0 0 -8 -46 0 -49 -37 -39 9 32 -35 0 0 0 0 -19 0 -14 
0 29 0 -30 29 -46 0 28 3 -48 -36 -29 0 -38 0 18 0 -14 10 0 -30 12 44 8 -18 28 31 -2 -29 -17 0 -8 0 0 0 0 0 0 -41 0 17 0 19 44 -37 -36 2 -31 24 -12 35 0 0 12 0 8 -28 37 -46 40 -34 0 45 -44 0 0 -5 0 0 0 0 -23 25 -41 45 12 30 35 -31 37 
-25 0 -8 20 0 -49 33 40 -3 17 14 36 -44 30 6 -15 -24 0 0 47 0 -42 -30 0 19 32 35 -15 26 -19 44 -5 31 0 10 10 -21 -3 46 14 11 29 -36 0 -22 3 18 -34 25 0 -13 0 47 -35 0 7 -17 9 0 -2 0 45 0 6 -32 0 0 36 27 0 -12 0 49 0 0 -32 0 0 0 38 
-9 36 -22 16 0 0 -45 -8 -3 -23 -29 -35 15 36 25 -23 43 7 48 0 0 48 10 0 -42 -1 0 -32 -28 0 15 -1 0 23 0 -32 -4 0 -2 43 35 0 -49 -7 0 0 0 40 0 0 -6 0 -36 0 8 -7 -15 0 -22 -12 0 -44 6 44 -26 0 13 0 -41 29 -31 14 21 0 37 34 20 35 37 0 
35 0 0 7 44 18 -10 -30 20 17 -33 -36 -26 0 25 41 -14 0 28 -10 0 0 9 -11 -37 0 0 -31 34 0 -31 0 15 -40 -4 -32 -21 38 -27 20 24 -12 0 0 0 0 39 -6 -22 -44 39 -13 0 0 49 18 -33 -38 32 -46 -8 0 -32 -26 -10 20 -44 -19 -24 0 0 43 25 31 -11 0 0 48 20 -14 
0 0 5 46 0 0 14 14 0 0 31 21 -32 0 0 -30 8 -17 0 17 -44 31 0 -29 0 -23 -30 33 0 0 20 1 -20 24 -20 0 0 0 -29 -31 20 6 -22 -45 0 -12 -15 -35 42 -8 -2 35 0 -30 0 -27 31 -42 0 0 -46 0 0 0 20 0 -29 0 -49 44 0 -46 5 0 18 18 38 5 -42 -6 
0 33 25 -24 37 41 21 -30 13 0 -4 -22 -4 0 42 -5 39 -12 0 47 40 0 -23 11 -5 -10 35 45 24 10 33 11 -2 0 -49 0 0 0 17 -13 0 0 -4 46 -25 40 45 0 0 34 0 0 22 -12 0 -29 10 42 -15 -34 0 -5 0 13 -44 -29 30 6 -4 -12 14 -43 0 -44 0 0 -32 -21 0 -34 
29 4 37 0 -6 19 -24 -39 43 0 16 3 0 -10 0 -12 0 0 10 25 -7 -14 -18 26 -21 0 43 -34 -9 -18 -20 -49 0 -31 0 1 -16 -49 -10 -30 0 40 -4 -9 39 -20 28 17 19 -19 0 0 -23 -17 33 -45 0 9 15 0 -49 0 36 0 -19 0 6 -43 49 -11 26 -21 32 -38 0 36 40 -24 -19 0 
23 -35 0 45 -5 0 47 -48 0 -49 -23 -43 -18 0 37 -2 17 -21 0 37 32 29 -9 -8 -49 -39 47 -44 -42 31 40 0 13 31 6 29 0 9 -45 0 -47 41 40 0 -3 -33 45 0 0 0 -14 0 12 -29 -39 0 0 44 17 -7 -37 0 27 -41 -24 -49 -4 49 0 0 0 0 47 34 0 16 6 26 22 30 
21 -22 39 29 42 4 -42 49 -47 37 0 42 39 27 6 -19 -21 4 -15 -13 16 0 2 0 10 -19 0 -11 -3 0 -30 0 -3 -45 30 0 46 -14 31 -48 29 -26 -35 48 17 16 -16 0 47 10 6 -32 30 2 0 46 0 26 0 9 -39 0 0 29 0 44 -12 -11 0 -37 -46 -15 12 49 -33 0 0 3 0 -39 
0 -17 -20 -6 29 39 16 0 -33 38 -14 0 -24 17 42 -10 -26 -13 10 13 10 0 1 48 24 0 8 18 -47 6 -48 32 -47 43 -4 13 -48 -11 0 8 36 -45 46 0 32 -22 5 0 5 4 7 -17 21 27 11 0 0 26 -32 -8 9 0 -12 -31 0 0 14 26 0 -46 0 47 -17 -46 36 -23 -42 0 43 -29 
25 -8 35 0 0 34 0 0 13 -15 -35 27 32 48 37 34 16 38 7 13 12 -29 0 4 0 -6 -7 -25 41 0 -22 38 26 -38 0 36 0 0 -22 21 0 -12 0 -15 -37 17 0 24 11 -14 -26 -8 7 0 -36 -47 17 21 -24 40 32 -23 0 14 43 -46 -43 -21 0 -15 47 -33 0 6 -35 0 0 -7 -45 18 
-8 -46 0 0 0 0 0 2 0 0 -23 8 -41 -46 15 35 19 0 0 0 44 23 0 0 -9 -27 -37 -23 21 0 0 43 0 0 28 0 0 0 15 0 -44 25 11 -49 37 -38 0 -38 0 39 0 18 0 -45 18 28 -43 -10 -7 -46 -35 25 49 21 25 5 0 32 47 12 -17 0 10 46 33 22 -2 -37 11 30 
30 8 -14 42 -26 5 -31 30 16 40 -37 44 -27 0 -17 -12 0 18 0 0 35 -20 9 0 0 0 37 0 49 0 44 8 0 0 -27 0 -40 0 12 37 -21 2 -18 44 10 -22 31 15 0 -28 2 0 9 25 -33 15 42 0 35 11 0 -41 0 0 31 0 -44 -38 34 49 -46 6 46 -34 0 35 48 44 0 48 
-13 0 8 -23 -35 -3 0 10 19 -41 17 -31 20 22 0 3 -8 0 34 -41 44 32 -36 -27 45 -43 -12 0 30 0 12 -26 -26 -31 25 -10 2 -49 16 25 23 0 27 -47 0 4 -26 -27 32 40 7 0 -21 18 22 -11 -20 -20 22 12 0 45 0 37 -11 18 0 0 0 -33 36 -35 33 0 12 -23 25 0 -20 0 
0 0 -17 -32 42 4 -5 10 0 -8 -2 18 12 32 0 -44 0 34 -21 17 39 -24 0 -24 -6 0 -19 13 0 21 0 0 7 -3 9 17 -25 2 -43 -10 -1 1 -45 -46 49 1 0 -43 35 -34 18 44 0 49 0 43 -40 -8 37 -36 0 12 -32 34 0 18 0 36 16 0 -23 0 22 35 -23 -21 48 32 -45 0 
24 10 0 41 0 12 36 38 -41 0 -33 39 0 3 -29 -7 47 43 -9 46 -38 0 48 15 -44 0 0 42 0 -14 -23 -5 9 0 48 28 -31 -5 -24 0 0 0 19 43 -2 -33 -39 40 -4 -45 9 24 31 -29 49 7 5 0 21 -49 0 30 0 20 0 38 -32 40 6 0 -42 0 -2 48 25 48 34 0 26 -49 
9 -24 12 -23 0 0 -9 4 0 21 0 -14 -31 4 -6 10 -20 2 -44 -10 -29 11 0 -48 -11 19 -37 -33 -39 0 0 -3 3 -19 17 0 3 -43 0 0 23 17 0 -39 0 2 -2 -3 -26 -29 -10 19 45 41 0 0 -41 -31 36 35 -19 35 0 35 48 5 -21 -24 26 3 0 -7 -37 44 0 32 0 0 40 11 
-21 11 -20 0 44 -33 1 0 -36 0 -34 -17 31 0 0 30 18 33 -38 0 0 0 25 34 13 13 0 9 -39 0 0 -42 12 -43 0 -14 0 0 13 0 -42 31 0 0 0 -18 -30 -6 -20 0 16 3 21 -8 -9 0 -22 -48 3 -8 0 -31 0 37 20 -42 0 -19 22 0 43 -45 11 0 -20 -45 26 40 -22 -36 
49 23 0 -26 0 30 6 30 0 -33 0 -11 0 20 23 21 -7 25 20 7 -11 23 31 0 0 -13 -40 -38 -8 43 49 33 0 32 3 31 -29 -38 1 29 -12 20 -1 20 32 0 31 10 13 11 0 0 -17 37 9 27 0 2 -20 -35 -14 37 38 0 -14 -6 -34 0 30 -39 -29 18 30 48 0 0 -49 11 -36 12 
