70
0 -15 0 42 -12 9 0 0 22 -18 -32 23 0 -2 19 -6 29 0 -34 24 13 -30 0 20 -5 0 0 0 -46 0 -24 45 0 14 37 28 0 -1 -32 18 26 0 -45 28 -47 -42 0 -30 -15 19 -31 0 0 0 -9 -6 -36 33 28 0 -3 18 -40 0 -18 1 -29 0 41 0 
0 14 43 -15 0 0 -37 -7 -8 0 -35 28 0 0 0 0 0 -13 6 0 0 38 -17 43 -40 25 5 36 0 14 -5 11 49 18 11 -1 28 36 22 16 24 0 0 49 18 -31 0 -44 -49 0 0 -23 40 0 0 40 26 0 -45 -18 48 -9 42 1 21 -49 39 17 27 8 
14 22 31 42 0 25 0 -40 13 24 -31 32 4 -23 0 -10 -34 0 -17 0 -4 -44 6 -42 39 8 8 3 -48 17 29 38 -40 -13 -42 -2 -38 -36 21 28 48 44 -43 28 0 -47 -1 39 -27 -49 -29 -27 21 -17 45 29 0 41 32 0 17 -31 25 -27 0 24 0 0 -8 0 
43 31 46 16 0 -46 -20 0 -43 -12 5 12 19 5 33 38 34 -6 -37 -17 -33 23 -33 0 0 0 0 0 38 0 0 -7 0 0 49 -19 44 -31 0 42 -15 -24 -1 -37 30 -31 0 31 0 38 21 0 29 0 4 -7 -44 -27 10 -13 11 41 -14 43 -32 0 0 43 43 -43 
-15 42 16 13 0 0 -38 32 0 35 -3 -28 0 0 17 -5 30 0 -33 -23 -5 3 45 -20 13 0 -15 0 0 18 32 -21 0 27 0 -22 13 30 0 -22 32 4 -48 0 0 -12 0 -48 22 0 0 -7 0 -26 1 -33 -28 -20 34 -26 -2 -9 16 -39 9 -14 -26 -23 0 22 
0 0 0 0 0 4 -13 31 0 33 0 -15 0 22 0 0 34 15 45 47 4 -37 21 -10 -35 0 40 0 16 25 -25 0 0 43 0 0 -10 25 37 22 7 -26 -1 28 0 10 -40 -2 -27 -16 -41 0 34 5 0 0 8 0 -5 0 0 25 0 27 -43 -34 -35 11 41 0 
0 25 -46 0 4 49 0 0 0 1 13 37 -28 37 0 -20 -11 -11 -12 0 0 -14 4 -29 38 20 10 15 0 0 -39 -2 -40 -31 35 -27 -48 -5 6 -23 0 27 -31 23 0 25 24 -39 -38 33 0 -4 0 -16 -12 0 18 24 16 -37 0 -12 -47 41 24 -35 -30 -48 24 41 
-37 0 -20 -38 -13 0 0 26 -40 0 0 -43 20 13 20 -29 43 -24 36 0 -10 0 -13 0 49 -39 30 -49 0 -11 -37 -23 -42 24 -13 0 0 -5 -49 0 0 -37 0 37 -10 4 -29 42 0 -43 -28 0 37 -39 -26 36 -42 21 0 0 4 -33 -12 -9 8 -45 0 -19 -26 -40 
-7 -40 0 32 31 0 26 -22 0 -16 0 33 49 18 -42 -13 0 -2 -28 21 -38 -40 26 25 45 39 0 0 -25 39 46 -44 -19 42 29 0 -45 -41 26 1 0 9 39 0 23 23 -1 -4 2 -41 -34 -19 -28 19 -23 -39 38 30 0 0 13 -10 -42 0 -22 -16 47 36 -27 0 
-8 13 -43 0 0 0 -40 0 0 3 -7 -4 34 -34 -13 -10 35 0 0 0 -49 -34 0 -25 30 16 0 9 0 -33 47 0 0 36 0 0 25 0 20 15 -34 3 0 0 32 -10 -46 46 0 0 -16 -37 -2 0 29 -43 0 -8 20 0 0 0 0 -37 40 0 -39 0 -13 0 
0 24 -12 35 33 1 0 -16 3 25 1 0 0 -18 -33 -35 0 0 7 -40 0 -7 0 -31 21 0 34 17 0 -24 -40 49 -40 -29 -22 43 0 25 -10 7 -33 0 0 0 0 -28 -20 20 -10 17 42 -3 0 18 10 9 0 0 23 0 0 -46 0 12 -47 34 -42 -38 0 49 
-35 -31 5 -3 0 13 0 0 -7 1 0 -11 21 0 0 2 7 25 -8 10 23 -48 0 -13 36 0 0 27 31 41 8 1 -17 32 0 0 -32 0 0 -19 -38 -18 -42 4 -43 21 20 0 47 -11 30 -20 0 42 22 -8 8 45 37 0 -2 46 40 0 6 48 32 26 -20 0 
28 32 12 -28 -15 37 -43 33 -4 0 -11 -14 23 15 3 4 10 8 -41 -19 40 -47 -31 0 -6 0 -24 -27 19 33 -6 -16 0 17 8 0 36 -37 -17 0 40 -24 -2 1 0 47 34 -13 0 -30 0 0 24 19 2 -32 27 -40 -10 -47 28 0 0 -13 -16 0 9 34 -38 39 
0 4 19 0 0 -28 20 49 34 0 21 23 -25 0 0 12 14 3 19 -5 42 0 -45 0 0 -7 8 10 38 46 30 -7 -45 0 -18 -35 -43 -3 13 1 0 -41 -45 -4 8 0 45 0 -14 -24 38 -34 -45 16 0 47 34 0 32 -48 5 0 -13 8 11 -5 0 10 -38 0 
0 -23 5 0 22 37 13 18 -34 -18 0 15 0 25 0 -42 -10 14 5 -42 46 8 46 -44 0 0 0 0 -5 19 -44 29 0 44 0 8 5 30 -7 28 0 3 -22 2 40 36 46 1 0 -10 19 0 -6 0 0 0 0 -18 0 -14 22 -29 30 -28 28 36 25 -39 8 -5 
0 0 33 17 0 0 20 -42 -13 -33 0 3 0 0 -39 46 -43 0 0 0 37 -14 4 14 -19 10 -6 49 0 0 -11 12 0 0 -33 -37 -3 24 -34 0 -26 32 11 -41 -10 0 17 -8 -3 -17 0 30 14 23 42 -25 13 30 -41 0 0 0 11 0 -2 0 0 38 42 0 
0 -10 38 -5 0 -20 -29 -13 -10 -35 2 4 12 -42 46 0 -35 6 13 -4 10 -32 -36 -4 -46 32 43 19 0 7 -13 0 0 -27 -30 31 20 -6 0 24 44 22 47 -19 0 0 20 5 29 42 -6 8 3 7 -26 21 26 26 -28 -26 -4 -8 8 30 0 -22 44 22 -48 26 
0 -34 34 30 34 -11 43 0 35 0 7 10 14 -10 -43 -35 -2 8 18 0 20 14 39 0 -15 0 35 14 0 0 -33 33 16 -37 0 -37 43 -10 20 -17 0 17 0 0 43 0 -7 30 17 13 0 0 10 0 13 39 49 0 4 0 -42 37 -6 48 4 9 -26 12 7 11 
-13 0 -6 0 15 -11 -24 -2 0 0 25 8 3 14 0 6 8 27 -21 0 0 10 37 27 -24 4 39 0 25 27 30 40 0 23 38 -49 -25 1 -32 -9 -36 -17 9 9 0 -7 8 33 36 -18 27 -16 33 0 17 -38 -47 -7 0 0 2 -31 11 48 -21 0 0 -29 -36 -13 
6 -17 -37 -33 45 -12 36 -28 0 7 -8 -41 19 5 0 13 18 -21 9 0 0 -29 10 0 -35 3 -15 3 42 5 31 -8 0 -17 0 20 -1 10 42 0 -2 4 41 10 38 -22 -44 -46 -6 0 3 5 -21 -11 39 -36 26 0 0 0 22 7 -45 0 47 -41 0 -44 33 9 
0 0 -17 -23 47 0 0 21 0 -40 10 -19 -5 -42 0 -4 0 0 0 0 40 30 -21 0 -19 -12 17 -12 -45 4 0 38 0 0 0 -8 0 0 0 -28 0 35 5 35 -31 -49 0 0 27 0 0 0 0 0 0 0 0 19 5 12 47 -30 29 -18 -27 -44 0 1 23 0 
0 -4 -33 -5 4 0 -10 -38 -49 0 23 40 42 46 37 10 20 0 0 40 25 34 -49 -24 0 0 -22 0 -24 0 0 0 -47 0 30 7 41 -43 17 4 22 -46 42 -39 0 -14 -21 -15 8 25 0 -31 -40 0 0 -41 32 45 0 23 -38 -46 -23 -4 -7 5 -48 -31 -26 -41 
38 -44 23 3 -37 -14 0 -40 -34 -7 -48 -47 0 8 -14 -32 14 10 -29 30 34 22 10 0 0 -40 0 -42 -39 46 -20 11 -38 0 -19 -29 -49 16 0 29 -25 22 47 0 -18 0 37 16 21 0 -16 -27 -26 22 -38 0 26 26 0 20 0 12 32 35 0 18 43 0 0 -28 
-17 6 -33 45 21 4 -13 26 0 0 0 -31 -45 46 4 -36 39 37 10 -21 -49 10 -4 1 -47 43 0 48 48 -48 26 -28 -8 0 0 -1 0 0 12 40 0 0 -21 0 39 0 0 -1 2 0 -22 39 4 -16 -34 0 -1 -42 0 0 7 11 -2 46 -43 -12 3 4 -44 29 
43 -42 0 -20 -10 -29 0 25 -25 -31 -13 0 0 -44 14 -4 0 27 0 0 -24 0 1 0 -8 -22 -24 -21 0 46 49 -38 0 46 40 46 14 2 -30 40 36 37 0 -21 20 10 0 0 -19 33 24 38 20 32 32 0 0 -20 -32 41 0 3 26 0 3 26 8 0 23 38 
-40 39 0 13 -35 38 49 45 30 21 36 -6 0 0 -19 -46 -15 -24 -35 -19 0 0 -47 -8 0 15 8 0 -33 -9 11 -45 31 -46 8 0 -4 11 41 -25 36 -48 45 -29 25 35 -30 40 -13 -10 0 0 -7 -9 -35 41 -23 47 -24 -15 49 -6 1 47 38 8 -3 -35 -48 -6 
25 8 0 0 0 20 -39 39 16 0 0 0 -7 0 10 32 0 4 3 -12 0 -40 43 -22 15 24 -3 0 -27 -26 14 22 -27 -14 15 -21 -45 -1 20 -40 -38 0 20 0 0 0 16 31 0 49 0 -40 0 25 -15 0 -18 -41 0 23 20 0 -7 -40 30 -34 -20 -33 -29 20 
5 8 0 -15 40 10 30 0 0 34 0 -24 8 0 -6 43 35 39 -15 17 -22 0 0 -24 8 -3 -43 0 44 0 -38 -37 -41 21 17 -19 39 21 -30 -26 -30 -25 3 -15 47 -14 0 36 7 0 0 11 42 15 0 30 -45 -42 8 -16 -42 27 0 42 41 18 0 0 0 -45 
36 3 0 0 0 15 -49 0 9 17 27 -27 10 0 49 19 14 0 3 -12 0 -42 48 -21 0 0 0 0 -28 0 14 -5 29 -11 -19 6 -17 -35 -22 0 18 -11 -40 43 -38 -24 -33 0 -27 1 3 22 35 -27 -20 8 35 0 29 -9 0 19 0 28 0 25 -3 25 -34 0 
0 -48 38 0 16 0 0 -25 0 0 31 19 38 -5 0 0 0 25 42 -45 -24 -39 48 0 -33 -27 44 -28 -9 -40 0 -7 28 10 4 -11 19 0 4 -35 40 0 -23 32 -40 0 0 13 27 0 47 4 -39 0 0 29 -29 -44 38 -3 13 25 14 14 -48 -4 33 -45 49 0 
14 17 0 18 25 0 -11 39 -33 -24 41 33 46 19 0 7 0 27 5 4 0 46 -48 46 -9 -26 0 0 -40 28 0 -46 0 29 0 -29 0 0 0 46 33 -27 37 27 -23 -25 0 0 43 -42 -45 -31 -15 49 12 -14 0 42 -36 -29 -21 0 22 49 -21 15 -5 -38 0 -2 
-5 29 0 32 -25 -39 -37 46 47 -40 8 -6 30 -44 -11 -13 -33 30 31 0 0 -20 26 49 11 14 -38 14 0 0 -24 0 0 -22 -43 -45 14 34 -17 17 36 41 21 46 -5 -33 -49 5 0 -38 0 0 -39 0 37 10 0 20 0 -31 26 8 -45 0 -17 9 -19 23 6 8 
11 38 -7 -21 0 -2 -23 -44 0 49 1 -16 -7 29 12 0 33 40 -8 38 0 11 -28 -38 -45 22 -37 -5 -7 -46 0 -41 -18 28 -23 -15 -3 24 -33 0 0 -46 -28 0 36 -8 0 -29 0 37 -44 18 -18 23 0 -1 9 -44 11 -3 0 0 0 -39 -7 27 3 -42 40 15 
49 -40 0 0 0 -40 -42 -19 0 -40 -17 0 -45 0 0 0 16 0 0 0 -47 -38 -8 0 31 -27 -41 29 28 0 0 -18 0 -34 -39 34 0 0 0 -44 32 0 0 -31 0 -20 45 -20 36 49 -34 0 -41 0 31 -40 -41 -7 -18 0 -11 10 0 -44 -33 0 0 -38 28 19 
18 -13 0 27 43 -31 24 42 36 -29 32 17 0 44 0 -27 -37 23 -17 0 0 0 0 46 -46 -14 21 -11 10 29 -22 28 -34 -28 47 -34 0 -10 18 -19 46 -10 -6 10 -14 -42 31 0 0 0 0 6 0 -27 -36 27 37 0 23 0 13 -46 -28 5 0 -41 -16 4 -49 -5 
11 -42 49 0 0 35 -13 29 0 -22 0 8 -18 0 -33 -30 0 38 0 0 30 -19 0 40 8 15 17 -19 4 0 -43 -23 -39 47 -26 -39 37 0 8 -22 15 -33 -38 39 44 -21 12 0 1 12 -36 -3 36 -26 15 10 -31 -43 45 0 -18 6 0 -15 33 0 7 0 0 0 
-1 -2 -19 -22 0 -27 0 0 0 43 0 0 -35 8 -37 31 -37 -49 20 -8 7 -29 -1 46 0 -21 -19 6 -11 -29 -45 -15 34 -34 -39 -14 0 -10 49 34 -46 0 -5 40 0 0 -47 -9 25 45 19 15 16 -27 37 0 15 -13 22 49 -44 0 -15 0 -17 5 -47 0 34 0 
28 -38 44 13 -10 -48 0 -45 25 0 -32 36 -43 5 -3 20 43 -25 -1 0 41 -49 0 14 -4 -45 39 -17 19 0 14 -3 0 0 37 0 0 -45 -44 -27 -2 0 -9 0 0 -30 36 27 35 9 -4 1 41 0 20 0 -7 0 0 0 -29 46 0 0 27 -31 -35 -28 -26 -12 
36 -36 -31 30 25 -5 -5 -41 0 25 0 -37 -3 30 24 -6 -10 1 10 0 -43 16 0 2 11 -1 21 -35 0 0 34 24 0 -10 0 -10 -45 35 -25 42 0 0 0 3 16 -36 -29 40 30 -28 19 42 9 -7 9 -38 0 -38 31 13 41 13 5 0 34 -36 9 -18 7 38 
22 21 0 0 37 6 -49 26 20 -10 0 -17 13 -7 -34 0 20 -32 42 0 17 0 12 -30 41 20 -30 -22 4 0 -17 -33 0 18 8 49 -44 -25 0 -43 24 0 43 0 -32 0 -41 0 6 0 -37 46 0 -21 0 -20 0 36 45 0 0 -22 -24 47 0 0 -30 -15 -5 0 
16 28 42 -22 22 -23 0 1 15 7 -19 0 1 28 0 24 -17 -9 0 -28 4 29 40 40 -25 -40 -26 0 -35 46 17 0 -44 -19 -22 34 -27 42 -43 17 0 0 -31 40 17 -5 0 0 0 48 0 31 -38 38 -24 7 -47 0 -11 0 -9 -7 -4 20 28 0 -42 -38 -9 0 
24 48 -15 32 7 0 0 0 -34 -33 -38 40 0 0 -26 44 0 -36 -2 0 22 -25 0 36 36 -38 -30 18 40 33 36 0 32 46 15 -46 -2 0 24 0 -20 -43 28 -10 34 0 -46 18 15 -21 24 -45 -40 -18 -31 -17 -3 27 -46 3 -23 21 36 0 0 28 -26 -36 44 -19 
0 44 -24 4 -26 27 -37 9 3 0 -18 -24 -41 3 32 22 17 -17 4 35 -46 22 0 37 -48 0 -25 -11 0 -27 41 -46 0 -10 -33 0 0 0 0 0 -43 -12 0 0 6 27 -15 -46 -11 0 0 0 29 0 0 4 18 47 0 0 -43 10 0 -34 46 5 18 -12 36 -45 
0 -43 -1 -48 -1 -31 0 39 0 0 -42 -2 -45 -22 11 47 0 9 41 5 42 47 -21 0 45 20 3 -40 -23 37 21 -28 0 -6 -38 -5 -9 0 43 -31 28 0 -11 0 -13 -17 0 -23 -2 23 28 0 20 0 0 0 43 25 0 10 0 23 -20 24 -46 0 0 -49 23 0 
49 28 -37 0 28 23 37 0 0 0 4 1 -4 2 -41 -19 0 9 10 35 -39 0 0 -21 -29 0 -15 43 32 27 46 0 -31 10 39 40 0 3 0 40 -10 0 0 15 0 0 0 -18 -8 49 0 -35 33 0 37 38 0 36 -31 -43 0 0 17 28 0 -40 47 0 24 0 
18 0 30 0 0 0 -10 23 32 0 -43 0 8 40 -10 0 43 0 38 -31 0 -18 39 20 25 0 47 -38 -40 -23 -5 36 0 -14 44 0 0 16 -32 17 34 6 -13 0 8 34 18 0 30 0 2 31 -23 -22 0 0 0 0 0 0 42 0 13 -20 45 0 27 0 -37 0 
-31 -47 -31 -12 10 25 4 23 -10 -28 21 47 0 36 0 0 0 -7 -22 -49 -14 0 0 10 35 0 -14 -24 0 -25 -33 -8 -20 -42 -21 0 -30 -36 0 -5 0 27 -17 0 34 27 -36 -19 -14 -42 -20 -30 -42 34 0 0 22 -41 -35 0 22 45 0 0 -46 0 -7 -5 0 -34 
0 -1 0 0 -40 24 -29 -1 -46 -20 20 34 45 46 17 20 -7 8 -44 0 -21 37 0 0 -30 16 0 -33 0 0 -49 0 45 31 12 -47 36 -29 -41 0 -46 -15 0 0 18 -36 -37 36 37 10 0 -29 34 -19 48 11 0 -45 25 8 0 41 18 -41 -12 26 0 -15 26 0 
-44 39 31 -48 -2 -39 42 -4 46 20 0 -13 0 1 -8 5 30 33 -46 0 -15 16 -1 0 40 31 36 0 13 0 5 -29 -20 0 0 -9 27 40 0 0 18 -46 -23 -18 0 -19 36 -40 11 -19 39 -18 0 0 0 17 0 13 22 0 39 -32 0 -14 0 -42 12 12 0 -10 
-49 -27 0 22 -27 -38 0 2 0 -10 47 0 -14 0 -3 29 17 36 -6 27 8 21 2 -19 -13 0 7 -27 27 43 0 0 36 0 1 25 35 30 6 0 15 -11 -2 -8 30 -14 37 11 0 -13 35 26 0 23 -40 23 -41 41 31 41 4 0 -43 -25 -1 0 0 35 40 0 
0 -49 38 0 -16 33 -43 -41 0 17 -11 -30 -24 -10 -17 42 13 -18 0 0 25 0 0 33 -10 49 0 1 0 -42 -38 37 49 0 12 45 9 -28 0 48 -21 0 23 49 0 -42 10 -19 -13 0 0 -26 0 -23 43 -44 0 0 -6 49 -15 24 24 -9 -35 17 43 37 14 0 
0 -29 21 0 -41 0 -28 -34 -16 42 30 0 38 19 0 -6 0 27 3 0 0 -16 -22 24 0 0 0 3 47 -45 0 -44 -34 0 -36 19 -4 19 -37 0 24 0 28 0 2 -20 0 39 35 0 35 -2 -26 2 -11 0 0 -43 39 -29 -15 -24 27 0 0 -26 -30 0 -13 -40 
-23 -27 0 -7 0 -4 0 -19 -37 -3 -20 0 -34 0 30 8 0 -16 5 0 -31 -27 39 38 0 -40 11 22 4 -31 0 18 0 6 -3 15 1 42 46 31 -45 0 0 -35 31 -30 -29 -18 26 -26 -2 -15 0 10 25 0 -12 0 -48 27 -7 1 -44 0 0 -36 48 25 -28 -9 
40 21 29 0 34 0 37 -28 -2 0 0 24 -45 -6 14 3 10 33 -21 0 -40 -26 4 20 -7 0 42 35 -39 -15 -39 -18 -41 0 36 16 41 9 0 -38 -40 29 20 33 -23 -42 34 0 0 0 -26 0 7 0 0 -40 -43 0 36 -36 0 0 2 -30 -40 -49 32 42 46 35 
0 -17 0 -26 5 -16 -39 19 0 18 42 19 16 0 23 7 0 0 -11 0 0 22 -16 32 -9 25 15 -27 0 49 0 23 0 -27 -26 -27 0 -7 -21 38 -18 0 0 0 -22 34 -19 0 23 -23 2 10 0 -23 23 -27 -38 3 -26 -30 25 17 47 -22 -17 22 -13 25 2 23 
0 45 4 1 0 -12 -26 -23 29 10 22 2 0 0 42 -26 13 17 39 0 0 -38 -34 32 -35 -15 0 -20 0 12 37 0 31 -36 15 37 20 9 0 -24 -31 0 0 37 0 0 48 0 -40 43 -11 25 0 23 -37 -11 0 -46 20 -39 -13 26 0 29 2 7 -39 -36 34 -4 
40 29 -7 -33 0 0 36 -39 -43 9 -8 -32 47 0 -25 21 39 -38 -36 0 -41 0 0 0 41 0 30 8 29 -14 10 -1 -40 27 10 0 0 -38 -20 7 -17 4 0 38 0 0 11 17 23 -44 0 0 -40 -27 -11 44 7 36 -40 46 28 0 38 0 44 21 14 48 21 29 
26 0 -44 -28 8 18 -42 38 0 0 8 27 34 0 13 26 49 -47 26 0 32 26 -1 0 -23 -18 -45 35 -29 0 0 9 -41 37 -31 15 -7 0 0 -47 -3 18 43 0 0 22 0 0 -41 0 0 -12 -43 -38 0 7 15 0 -29 46 31 25 48 0 39 0 0 -39 0 -32 
0 41 -27 -20 0 24 21 30 -8 0 45 -40 0 -18 30 26 0 -7 0 19 45 26 -42 -20 47 -41 -42 0 -44 42 20 -44 -7 0 -43 -13 0 -38 36 0 27 47 25 36 0 -41 -45 13 41 0 -43 0 0 3 -46 36 0 42 -48 0 -41 -17 17 -34 46 34 -1 -35 -27 0 
-45 32 10 34 -5 16 0 0 20 23 37 -10 32 0 -41 -28 4 0 0 5 0 0 0 -32 -24 0 8 29 38 -36 0 11 -18 23 45 22 0 31 45 -11 -46 0 0 -31 0 -35 25 22 31 -6 39 -48 36 -26 20 -40 -29 -48 46 -39 8 0 27 17 12 8 -2 0 -3 -27 
-18 0 -13 -26 0 -37 0 0 0 0 0 -47 -48 -14 0 -26 0 0 0 12 23 20 0 41 -15 23 -16 -9 -3 -29 -31 -3 0 0 0 49 0 13 0 0 3 0 10 -43 0 0 8 0 41 49 -29 27 -36 -30 -39 46 46 0 -39 -45 0 -46 -32 18 -12 0 -19 14 0 0 
48 17 11 -2 0 0 4 13 0 0 -2 28 5 22 0 -4 -42 2 22 47 -38 0 7 0 49 20 -42 0 13 -21 26 0 -11 13 -18 -44 -29 41 0 -9 -23 -43 0 0 42 22 0 39 4 -15 -15 -7 0 25 -13 28 31 -41 8 0 -10 -25 -29 -42 0 -17 4 4 13 -25 
-9 -31 41 -9 25 -12 -33 -10 0 -46 46 0 0 -29 0 -8 37 -31 7 -30 -46 12 11 3 -6 0 27 19 25 0 8 0 10 -46 6 0 46 13 -22 -7 21 10 23 0 0 45 41 -32 0 24 -24 1 0 17 26 0 25 -17 0 -46 -25 18 -28 0 -2 -12 0 0 0 -30 
42 25 -14 16 0 -47 -12 -42 0 0 40 0 -13 30 11 8 -6 11 -45 29 -23 32 -2 26 1 -7 0 0 14 22 -45 0 0 -28 0 -15 0 5 -24 -4 36 0 -20 17 13 0 18 0 -43 24 27 -44 2 47 0 38 48 17 27 -32 -29 -28 0 0 -45 0 -6 -33 -2 0 
1 -27 43 -39 27 41 -9 0 -37 12 0 -13 8 -28 0 30 48 48 0 -18 -4 35 46 0 47 -40 42 28 14 49 0 -39 -44 5 -15 0 0 0 47 20 0 -34 24 28 -20 0 -41 -14 -25 -9 0 0 -30 -22 29 0 0 -34 17 18 -42 0 0 16 18 0 32 -32 -18 7 
21 0 -32 9 -43 24 8 -22 40 -47 6 -16 11 28 -2 0 4 -21 47 -27 -7 0 -43 3 38 30 41 0 -48 -21 -17 -7 -33 0 33 -17 27 34 0 28 0 46 -46 0 45 -46 -12 0 -1 -35 0 0 -40 -17 2 44 39 46 12 -12 0 -2 -45 18 49 0 -5 -38 46 -10 
-49 24 0 -14 -34 -35 -45 -16 0 34 48 0 -5 36 0 -22 9 0 -41 -44 5 18 -12 26 8 -34 18 25 -4 15 9 27 0 -41 0 5 -31 -36 0 0 28 5 0 -40 0 0 26 -42 0 17 -26 -36 -49 22 7 21 0 34 8 0 -17 -12 0 0 0 -16 1 -33 0 -28 
39 0 0 -26 -35 -30 0 47 -39 -42 32 9 0 25 0 44 -26 0 0 0 -48 43 3 8 -3 -20 0 -3 33 -5 -19 3 0 -16 7 -47 -35 9 -30 -42 -26 18 0 47 27 -7 0 12 0 43 -30 48 32 -13 -39 14 0 -1 -2 -19 4 0 -6 32 -5 1 39 47 -2 0 
17 0 43 -23 11 -48 -19 36 0 -38 26 34 10 -39 38 22 12 -29 -44 1 -31 0 4 0 -35 -33 0 25 -45 -38 23 -42 -38 4 0 0 -28 -18 -15 -38 -36 -12 -49 0 0 -5 -15 12 35 37 0 25 42 25 -36 48 -39 -35 0 14 4 0 -33 -32 -38 -33 47 0 34 5 
27 -8 43 0 41 24 -26 -27 -13 0 -20 -38 -38 8 42 -48 7 -36 33 23 -26 0 -44 23 -48 -29 0 -34 49 0 6 40 28 -49 0 34 -26 7 -5 -9 44 36 23 24 -37 0 26 0 40 14 -13 -28 46 2 34 21 0 -27 -3 0 13 0 -2 -18 46 0 -2 34 0 0 
8 0 -43 22 0 41 -40 0 0 49 0 39 0 -5 0 26 11 -13 9 0 -41 -28 29 38 -6 20 -45 0 0 -2 8 15 19 -5 0 0 -12 38 0 0 -19 -45 0 0 0 -34 0 -10 0 0 -40 -9 35 23 -4 29 -32 0 -27 0 -25 -30 0 7 -10 -28 0 5 0 29 
