100
0 40 22 0 0 24 -2 0 -1 -42 23 0 0 0 4 0 6 -28 44 37 0 0 22 -39 -48 0 -36 -41 -17 -32 0 -45 -42 -16 0 27 26 0 -47 0 48 0 0 5 0 29 0 0 0 -10 27 0 0 31 0 0 0 -2 0 0 0 34 0 0 -20 0 0 0 0 0 -48 0 0 -15 0 0 0 -38 0 0 18 11 15 18 0 0 -1 -39 -6 47 0 -1 0 -21 0 -7 0 0 20 13 
7 -6 -40 5 0 0 0 -44 1 0 -44 33 25 0 0 0 0 -41 0 20 0 0 -32 20 0 0 0 0 0 0 45 22 30 0 0 42 -13 27 4 33 0 25 -13 0 43 25 7 0 0 7 0 12 19 -39 0 0 0 0 0 0 0 0 -21 12 38 -44 0 -12 0 -37 29 0 -31 -13 0 0 0 -40 0 29 0 0 0 21 0 0 -12 0 -2 0 -13 0 0 0 0 9 -21 49 0 0 
-6 0 0 0 0 0 -23 -17 0 0 0 0 22 0 0 0 0 8 0 28 35 -12 0 -37 6 0 0 -23 -49 0 35 12 42 0 -4 18 -5 0 0 1 -27 0 39 24 39 0 0 0 0 0 -8 -41 43 0 0 0 -31 0 0 0 -15 0 0 37 -18 0 -27 0 27 0 39 0 -46 29 0 36 0 0 33 4 0 0 0 -22 0 0 0 0 0 49 0 0 22 0 10 -24 11 23 13 5 
-40 0 -26 0 10 0 8 0 16 0 0 0 0 0 -11 0 -12 0 0 -12 0 -30 -30 -38 -18 -39 0 -3 0 0 16 0 0 0 0 42 -24 0 4 3 -17 0 -38 0 0 41 20 0 -16 0 0 -1 0 44 47 0 2 -40 -21 2 0 -21 -7 -30 0 0 0 0 0 47 0 0 0 5 25 37 0 39 -20 0 -37 -14 8 -17 0 0 11 0 15 -43 -34 0 40 0 0 -32 -22 -10 15 26 
5 0 0 -14 40 35 -18 37 0 0 38 43 0 0 0 24 18 -28 -32 23 -19 9 0 0 -30 11 14 4 0 0 -41 0 -36 0 34 -36 -29 0 0 0 23 -40 -44 40 -39 0 0 0 -24 -45 32 0 -7 -30 0 0 0 16 7 0 32 27 6 -22 0 -49 35 42 -23 0 0 0 41 0 0 0 0 -26 0 0 33 -4 0 0 -44 0 24 0 0 -42 0 -37 -18 -1 31 0 48 31 0 11 
0 0 10 40 0 0 0 -34 -4 0 0 0 -13 0 8 0 0 -39 -38 -47 -23 -45 0 0 -14 0 0 0 -30 -38 0 0 -34 0 7 0 0 0 16 -12 0 0 0 0 0 0 0 0 0 0 -37 0 0 0 0 0 36 0 0 29 0 0 44 0 0 -16 16 0 2 -28 -38 -26 -35 42 0 0 44 0 0 -35 0 44 0 11 -4 17 43 0 0 0 7 -3 -36 -27 0 0 0 0 0 0 
0 0 0 35 0 0 -5 -22 0 -26 0 -19 0 30 -18 46 19 0 -47 4 0 0 -37 0 17 -44 0 33 0 0 -42 -12 -43 0 -14 43 42 0 0 -9 0 31 26 -20 0 33 -43 0 0 0 0 -46 -49 0 18 0 0 0 -46 8 14 0 0 34 0 5 -3 0 3 21 -33 30 40 -4 37 -7 0 0 0 0 -48 0 0 38 0 -11 -43 0 0 25 0 -26 0 2 0 15 0 0 0 -16 
0 -23 8 -18 0 -5 19 -20 34 0 0 0 0 10 0 -29 0 0 -18 0 -3 -39 0 -13 -6 -33 48 -42 0 0 -32 0 0 0 0 0 -47 0 -18 12 0 0 0 0 0 0 33 0 -6 0 33 0 -7 0 0 14 21 0 22 0 0 -42 16 0 0 -31 0 -5 36 0 -48 0 0 0 0 0 0 -43 35 0 0 11 -44 15 0 -33 44 0 0 19 0 13 0 36 -39 16 9 0 17 7 
-44 -17 0 37 -34 -22 -20 48 0 7 0 0 15 3 0 0 0 0 19 -29 0 5 0 0 2 0 0 0 0 0 0 0 0 -7 34 0 0 34 0 0 0 -12 -16 20 -34 0 48 -39 -11 -26 0 28 26 29 0 0 -30 14 -30 0 -5 0 0 49 0 0 2 30 0 10 0 0 0 6 35 30 -46 18 0 0 44 32 0 40 0 0 16 0 16 21 0 0 0 0 19 0 0 -34 0 0 
1 0 16 0 -4 0 34 0 0 0 0 -15 -6 -3 0 4 0 44 0 0 0 20 0 0 43 0 -42 47 17 -38 -42 0 0 0 -10 -39 0 0 0 -1 -8 -32 0 17 -7 0 29 -39 30 0 -45 0 0 3 -37 2 3 0 30 11 -2 -33 -22 16 0 0 0 0 -41 0 0 14 0 0 -44 0 0 -37 0 0 0 44 0 36 25 0 0 -4 -20 45 0 -35 0 28 47 0 -34 -10 5 0 
0 0 0 0 0 -26 0 7 0 0 11 38 0 0 47 0 49 0 0 0 38 0 0 36 0 0 0 -36 0 -49 0 4 0 -17 0 0 -31 0 0 -21 0 0 0 -1 0 -44 43 44 41 0 -17 0 17 0 0 0 -49 37 38 -15 0 0 10 -2 33 21 0 0 0 1 0 0 0 0 0 -38 -5 15 -19 -4 0 0 -37 37 0 20 -16 -20 -27 0 -28 48 0 0 1 0 0 0 0 0 
-44 0 0 38 0 0 0 0 0 11 27 0 -49 0 17 45 -22 0 0 19 0 -8 0 0 0 0 45 26 0 0 0 41 38 0 0 -17 0 7 0 0 0 0 0 20 -22 1 0 41 0 0 0 0 1 3 0 31 -4 16 -23 0 0 0 -17 19 -9 10 0 -2 0 -13 -34 0 29 0 0 2 -39 0 0 -33 0 -19 0 0 35 -38 -34 -14 0 18 0 0 29 0 -36 0 0 -6 10 29 
33 0 0 43 0 -19 0 0 -15 38 0 -32 -12 29 0 11 43 40 -34 40 0 0 37 0 -16 28 0 0 -33 -23 0 3 -10 0 0 -24 -14 0 0 0 0 -45 0 0 46 -31 9 -29 0 0 0 -35 -36 0 -23 0 16 -29 28 0 -40 32 38 0 -2 0 0 0 0 -39 -21 0 0 -48 27 0 22 0 49 -1 0 -23 0 -8 0 0 -18 23 0 -14 -2 -34 0 49 0 0 0 5 0 0 
25 22 0 0 -13 0 0 15 -6 0 -49 -12 0 0 0 0 0 0 0 35 -31 0 0 0 -31 8 0 0 0 0 -37 40 0 0 0 0 31 44 0 23 0 0 0 -25 0 0 0 -46 0 0 0 0 0 0 -9 0 0 -27 0 0 -8 0 0 24 -25 18 0 0 0 23 0 0 -18 39 -24 0 0 0 -41 0 0 -12 -30 -33 -6 0 0 0 0 0 0 0 0 0 -47 0 0 -20 -32 0 
0 0 0 0 0 30 10 3 -3 0 0 29 0 0 42 0 0 0 7 -9 0 0 0 30 0 -4 0 0 19 0 15 0 32 0 -12 42 0 0 16 0 33 10 10 0 -5 0 -14 0 0 46 0 39 6 0 -11 -49 13 40 -31 0 0 0 0 49 10 0 -44 0 0 0 0 -10 0 27 17 0 30 0 0 0 22 0 27 -24 25 20 -19 36 0 0 0 0 0 0 0 0 0 0 46 26 
0 0 -11 0 8 -18 0 0 0 47 17 0 0 42 0 0 -12 0 47 0 0 0 4 0 0 19 -43 23 0 0 0 0 0 0 24 -1 48 0 15 0 0 18 0 0 0 0 0 0 17 0 0 31 36 0 48 0 -26 0 0 0 0 0 41 0 6 25 25 0 0 0 0 0 0 40 -10 0 15 0 -28 0 0 -22 30 0 0 0 0 0 0 0 0 0 -6 19 21 0 -40 0 0 0 
0 0 0 24 0 46 -29 0 4 0 45 11 0 0 0 -33 15 40 0 3 0 -11 0 0 0 5 38 0 0 0 0 -16 28 0 0 0 -7 -23 34 -29 -35 0 0 0 0 0 -11 -29 0 26 11 0 0 0 0 -39 -14 0 15 0 -48 18 -15 0 -45 -9 8 0 0 -12 0 14 -13 13 0 0 0 0 0 -12 0 0 -43 -1 -14 0 30 21 -9 0 -36 0 47 0 19 -14 0 43 0 0 
0 0 -12 18 0 19 0 0 0 49 -22 43 0 0 -12 15 -7 -45 -49 -16 -16 0 6 0 -7 45 0 46 0 0 -35 0 0 48 0 0 -5 -34 0 0 0 -10 -7 0 0 0 -44 -29 0 -31 -34 -41 26 -26 0 1 0 0 0 43 0 31 0 -48 0 0 17 0 0 0 0 46 18 0 0 0 -8 0 47 -20 18 -7 0 0 38 0 0 0 -32 0 0 -44 0 0 0 9 14 0 34 22 
-41 8 0 -28 -39 0 0 0 44 0 0 40 0 0 0 40 -45 38 -21 0 -18 36 36 0 -20 0 0 0 -7 0 0 -49 -39 0 25 -43 0 0 -2 0 22 10 0 -12 0 -7 -23 0 0 -14 0 7 0 -17 -12 0 -21 0 0 0 -13 38 0 0 9 34 0 0 0 2 0 -39 0 0 0 4 0 0 0 0 0 -32 0 33 0 0 -38 8 0 1 0 0 0 0 0 -39 0 0 32 -6 
0 0 0 -32 -38 -47 -18 19 0 0 0 -34 0 7 47 0 -49 -21 0 0 42 0 0 23 0 0 0 0 0 29 0 -46 0 0 0 -43 0 14 14 0 0 0 0 0 -34 0 -11 0 -45 -36 0 10 0 48 28 0 0 10 0 -15 10 7 0 0 34 -21 0 -35 25 0 -22 -18 35 0 0 0 -4 0 0 3 0 8 -43 -18 0 -20 40 0 0 0 22 -26 -27 25 33 28 -46 -6 0 39 
20 28 -12 23 -47 4 0 -29 0 0 19 40 35 -9 0 3 -16 0 0 -14 -38 0 25 0 2 0 -4 0 0 0 30 -36 0 -39 3 0 47 23 47 0 0 0 -16 -38 0 0 0 0 37 -13 13 13 0 0 -41 0 0 42 0 -10 0 7 47 0 35 1 -14 4 -41 0 -19 -28 0 0 0 22 0 0 0 0 31 0 -31 11 0 0 0 0 0 -10 41 30 4 1 0 10 0 0 0 0 
0 35 0 -19 -23 0 -3 0 0 38 0 0 -31 0 0 0 -16 -18 42 -38 0 -38 39 0 0 -25 32 0 0 -30 -34 -24 49 0 0 0 21 10 0 23 28 0 0 12 44 0 -47 0 0 0 0 0 0 0 -25 28 0 0 0 0 0 0 2 0 -32 0 36 0 0 -5 -20 48 0 18 0 0 -11 0 0 0 -23 49 24 0 -21 42 -42 0 0 0 1 -15 0 0 44 0 0 0 -16 3 
0 -12 -30 9 -45 0 -39 5 20 0 -8 0 0 0 0 -11 0 36 0 0 -38 -13 0 45 -45 -37 0 12 -42 48 0 31 0 0 0 0 29 0 0 -29 23 -20 32 -24 0 0 0 0 0 23 -39 -18 0 0 0 -7 15 0 28 20 -39 0 0 0 28 0 -30 0 0 0 16 0 0 0 0 0 0 -2 0 47 3 0 0 0 1 0 -25 0 0 -2 -4 0 21 0 -36 0 -43 48 -41 44 
-32 0 -30 0 0 -37 0 0 0 0 0 37 0 0 4 0 6 36 0 25 39 0 0 26 28 0 0 0 -23 0 0 -43 26 0 0 0 0 0 0 0 0 9 0 0 0 0 48 0 25 31 -26 0 -7 0 0 9 25 46 18 19 -31 -29 -38 39 12 21 -29 0 -43 -13 0 0 0 0 20 -26 0 13 -25 0 -11 42 0 16 0 0 0 -14 -30 28 0 0 35 -10 8 0 0 0 -37 -37 
20 -37 -38 0 0 0 -13 0 0 36 0 0 0 30 0 0 0 0 23 0 0 45 26 -37 0 0 -8 0 0 1 37 0 0 0 0 -24 15 -48 0 0 0 0 41 0 48 49 -3 -13 0 -10 0 9 -9 0 0 0 0 28 0 0 -40 0 0 -20 35 -18 0 18 -7 0 44 0 0 0 33 23 26 0 0 -43 0 0 0 28 0 -22 0 0 0 0 0 -18 0 0 -9 0 -37 0 0 0 
0 6 -18 -30 -14 17 -6 2 43 0 0 -16 -31 0 0 0 -7 -20 0 2 0 -45 28 0 0 45 0 10 24 0 0 0 -47 0 0 0 0 -15 27 0 13 0 -20 0 0 -5 -32 0 -2 0 -39 0 0 0 -12 26 -37 8 -15 49 0 -44 -43 1 0 0 0 -46 0 28 39 0 18 0 37 -41 0 28 -43 8 4 0 0 0 0 33 0 0 -23 0 0 0 0 -39 -19 0 -6 0 -12 -43 
0 0 -39 11 0 -44 -33 0 0 0 0 28 8 -4 19 5 45 0 0 0 -25 -37 0 0 45 0 0 19 13 0 0 0 -16 7 0 -23 0 0 0 -7 0 11 36 0 0 0 0 0 35 -3 0 -3 0 0 -32 0 -17 0 0 -14 29 0 31 0 23 2 -7 0 37 0 0 0 -46 45 33 0 8 0 0 -22 -5 -30 0 0 0 0 0 -8 5 39 -27 -35 -18 0 -29 42 45 -5 13 0 
0 0 0 14 0 0 48 0 -42 0 45 0 0 0 -43 38 0 0 0 -4 32 0 0 -8 0 0 0 21 0 39 -24 0 -38 0 0 44 0 -9 0 0 0 29 0 -37 0 32 0 -26 -21 0 0 18 0 37 -13 30 0 0 0 0 0 0 49 0 11 -33 -3 0 0 17 0 -20 0 0 0 0 0 -23 49 0 33 45 0 29 0 13 0 18 -25 0 -48 0 13 42 0 0 0 9 -38 -39 
0 -23 -3 4 0 33 -42 0 47 -36 26 0 0 0 23 0 46 0 0 0 0 12 0 0 10 19 21 0 0 5 -32 0 0 0 0 -41 0 -26 0 0 0 -21 12 -1 47 0 5 0 0 -46 37 -45 -2 0 0 44 0 0 -33 0 -31 -36 0 0 -42 0 -33 20 0 0 0 39 24 0 0 -39 0 0 -39 -35 0 6 0 0 -15 0 32 -39 -39 -8 -11 -1 0 0 0 23 0 0 0 2 
0 -49 0 0 -30 0 0 0 17 0 0 -33 0 19 0 0 0 -7 0 0 0 -42 -23 0 24 13 0 0 -18 0 0 -21 30 43 0 0 0 0 0 15 0 0 0 13 0 -30 2 25 14 -6 0 0 0 0 35 20 47 -35 -17 0 0 0 0 0 0 10 0 0 0 31 0 6 0 0 0 0 21 -14 0 0 43 0 -10 0 44 15 0 -24 35 6 0 0 -23 0 14 -26 0 0 -16 30 
0 0 0 0 -38 0 0 0 -38 -49 0 -23 0 0 0 0 0 0 29 0 -30 48 0 1 0 0 39 5 0 0 41 43 0 -13 38 0 0 0 -9 37 0 0 38 0 8 49 44 15 -31 0 0 0 49 10 0 0 40 0 0 28 0 0 12 0 -23 0 0 49 -19 0 0 0 41 0 -46 0 29 0 0 8 6 0 0 -8 0 -45 8 -2 -45 11 0 0 8 36 40 0 -30 0 0 0 
45 35 16 -41 0 -42 -32 0 -42 0 0 0 -37 15 0 0 -35 0 0 30 -34 0 0 37 0 0 -24 -32 0 41 0 0 -8 -5 -1 0 1 0 -27 -5 0 32 0 0 0 43 8 -26 0 -5 -3 0 33 0 0 0 0 0 0 43 0 0 0 0 6 0 0 0 26 0 -44 -41 0 0 0 -46 -6 0 0 0 -13 0 -17 0 -22 44 0 -32 35 20 0 -39 0 39 -46 0 -24 0 9 24 
22 12 0 0 0 -12 0 0 0 4 41 3 40 0 0 -16 0 -49 -46 -36 -24 31 -43 0 0 0 0 0 -21 43 0 0 0 -3 0 -15 0 8 -26 7 9 0 0 0 0 0 0 0 0 0 0 0 2 -22 0 0 -49 0 0 0 39 -41 -44 41 0 0 0 0 -26 0 23 6 -14 -34 13 0 0 -34 0 0 0 0 0 -43 44 0 0 0 23 0 2 15 -31 31 0 0 0 43 -38 0 
30 42 0 -36 -34 -43 0 0 0 0 38 -10 0 32 0 28 0 -39 0 0 49 0 26 0 -47 -16 -38 0 30 0 -8 0 0 -31 -3 0 0 0 45 0 32 -16 43 49 0 0 0 -24 0 -23 -2 0 -24 17 41 0 -8 -6 0 -30 -6 0 0 0 27 0 0 36 5 46 45 -47 0 0 47 0 38 19 0 6 30 -4 0 28 -27 25 9 0 0 0 0 -12 0 0 0 32 0 0 13 0 
0 0 0 0 0 0 0 -7 0 -17 0 0 0 0 0 0 48 0 0 -39 0 0 0 0 0 7 0 0 43 -13 -5 -3 -31 0 -32 28 -33 10 0 0 12 0 0 -32 7 0 0 -19 0 6 0 -33 0 0 28 40 -26 -41 -16 -7 0 0 -32 -32 0 0 1 0 0 0 0 13 0 32 0 -10 17 28 0 0 13 -31 45 3 0 0 38 32 -42 -11 41 -48 0 0 40 0 0 0 40 0 
0 -4 0 34 7 -14 0 34 -10 0 0 0 0 -12 24 0 0 25 0 3 0 0 0 0 0 0 0 0 0 38 -1 0 -3 -32 -9 33 0 0 0 0 8 0 0 0 0 0 41 0 0 -19 0 0 0 0 0 20 0 0 0 0 -16 0 46 -48 0 0 -40 0 0 0 -25 0 0 0 0 0 -29 0 -44 0 -11 1 0 0 -21 0 0 12 -43 48 -9 25 38 0 0 -38 21 -8 0 43 
42 18 42 -36 0 43 0 0 -39 0 -17 -24 0 42 -1 0 0 -43 -43 0 0 0 0 -24 0 -23 44 -41 0 0 0 -15 0 28 33 -22 0 -44 0 0 0 -21 0 41 42 0 0 0 -49 9 0 5 -19 0 0 -49 2 -5 -43 0 -38 0 0 0 23 0 0 34 0 35 0 0 0 0 41 0 0 12 0 0 0 0 0 0 0 9 0 -14 0 -40 0 -2 0 -9 0 0 -41 46 -2 0 
-13 -5 -24 -29 0 42 -47 0 0 -31 0 -14 31 0 48 -7 -5 0 0 47 21 29 0 15 0 0 0 0 0 0 1 0 0 -33 0 0 0 21 0 17 0 36 0 34 -43 0 0 15 12 16 -43 0 0 0 0 0 -28 -43 -29 0 -21 0 0 0 0 39 7 3 0 -28 -43 -44 36 -23 34 0 0 0 0 0 35 23 14 0 0 0 0 43 0 21 0 19 47 23 0 -46 -20 36 -37 -49 
27 0 0 0 0 0 0 34 0 0 7 0 44 0 0 -23 -34 0 14 23 10 0 0 -48 -15 0 -9 -26 0 0 0 8 0 10 0 -44 21 19 0 0 29 12 0 20 10 -39 0 -36 0 -32 6 1 28 0 37 0 -43 5 0 0 9 12 0 0 0 0 0 -27 0 36 0 24 20 0 0 0 -45 -6 0 36 0 -44 0 -29 0 0 -1 0 0 -6 32 27 0 -23 0 0 0 -5 0 0 
4 0 4 0 16 0 -18 0 0 0 0 0 0 16 15 34 0 -2 14 47 0 0 0 0 27 0 0 0 0 -9 -27 -26 45 0 0 0 0 0 0 0 0 43 0 0 0 0 42 -26 -5 39 -45 -18 14 0 29 0 -12 6 0 0 39 0 0 0 0 -13 29 0 25 2 0 0 -47 17 31 20 0 -38 3 -32 -33 19 0 0 25 36 0 0 0 0 0 0 0 26 0 30 0 0 9 -19 
33 1 3 0 -12 -9 12 0 -1 -21 0 0 23 0 0 -29 0 0 0 0 23 -29 0 0 0 -7 0 0 15 37 -5 7 0 0 0 0 17 0 0 43 19 0 -47 0 -49 0 0 0 0 0 47 16 0 0 0 -47 40 0 0 9 0 0 0 0 0 0 0 19 0 0 0 0 35 0 -24 5 43 24 3 0 0 0 0 45 0 0 -11 -48 0 0 0 0 0 0 0 41 15 21 35 0 
0 -27 -17 23 0 0 0 0 -8 0 0 0 0 33 0 -35 0 22 0 0 28 23 0 0 13 0 0 0 0 0 0 9 32 12 8 0 0 29 0 19 -46 -45 0 32 0 0 0 0 0 0 38 0 -22 0 0 44 -47 -46 0 0 -33 -42 16 0 0 0 0 0 38 -39 0 -16 -24 -20 0 0 0 0 0 0 0 0 -14 13 0 0 0 0 2 0 0 11 23 0 0 0 24 -35 10 4 
25 0 0 -40 0 31 0 -12 -32 0 0 -45 0 10 18 0 -10 10 0 0 0 -20 9 0 0 11 29 -21 0 0 32 0 -16 0 0 -21 36 12 43 0 -45 39 -40 -10 0 0 49 -2 0 0 32 -17 29 0 24 -11 0 -48 -27 0 0 -36 0 0 29 0 45 0 0 -4 0 -36 3 0 0 -12 0 0 0 0 -33 16 0 0 -12 0 -38 -22 4 1 -33 2 -18 0 22 0 0 14 0 -1 
-13 39 -38 -44 0 26 0 -16 0 0 0 0 0 10 0 0 -7 0 0 -16 0 32 0 41 -20 36 0 12 0 38 0 0 43 0 0 0 0 0 0 -47 0 -40 0 0 0 -30 31 0 0 0 -19 -39 -1 2 18 0 39 -15 45 0 23 -3 0 -18 25 31 0 29 -39 0 0 23 0 0 -38 0 -44 0 -3 0 0 0 0 0 27 0 49 -2 -25 0 -14 25 0 -34 40 0 0 0 -35 0 
0 24 0 40 0 -20 0 20 17 -1 20 0 -25 0 0 0 0 -12 0 -38 12 -24 0 0 0 0 -37 -1 13 0 0 0 49 -32 0 41 34 20 0 0 32 -10 0 17 0 0 0 0 0 0 0 0 -38 0 0 -35 13 8 0 -3 0 0 0 0 43 0 -11 0 -26 -34 0 -46 0 0 0 -32 38 -44 0 0 30 0 0 0 0 0 -22 42 0 19 0 47 5 11 0 0 0 11 -7 0 
43 39 0 -39 0 0 0 -34 -7 0 -22 46 0 -5 0 0 0 0 -34 0 44 0 0 48 0 0 0 47 0 8 0 0 0 7 0 42 -43 10 0 -49 0 0 0 0 0 -26 0 47 0 15 0 12 17 0 -14 -47 0 33 0 0 0 -10 0 -8 -25 0 -12 0 0 -44 -8 34 -19 0 0 18 0 43 22 29 0 40 -34 0 0 7 0 0 11 0 0 11 0 41 -32 0 -44 0 -8 -41 
25 0 41 0 0 33 0 0 0 -44 1 -31 0 0 0 0 0 -7 0 0 0 0 0 49 -5 0 32 0 -30 49 43 0 0 0 0 0 0 -39 0 0 0 0 -30 0 -26 49 -19 39 0 3 0 0 0 -40 -1 -4 -14 0 0 -28 27 39 25 -40 0 4 -9 0 16 0 41 22 -16 0 0 0 32 0 0 0 0 0 -8 17 28 0 0 -13 0 -46 0 0 0 0 0 0 -34 34 0 -24 
7 0 20 0 0 -43 33 48 29 43 0 9 0 -14 0 -11 -44 -23 -11 0 -47 0 48 -3 -32 0 0 5 2 44 8 0 0 0 41 0 0 0 42 0 0 49 31 0 0 -19 44 0 0 -16 0 3 0 0 21 0 16 0 21 -39 0 0 0 11 0 0 0 -7 0 0 0 0 -36 0 0 0 0 -7 0 12 0 3 -14 0 9 -21 0 0 -30 0 0 21 0 -11 -2 34 0 12 -23 0 
0 0 0 0 0 0 0 -39 -39 44 41 -29 -46 0 0 -29 -29 0 0 0 0 0 0 -13 0 0 -26 0 25 15 -26 0 -24 -19 0 0 15 -36 -26 0 0 -2 0 0 47 39 0 0 33 0 0 0 12 -35 0 0 -30 -12 0 0 15 8 0 27 0 0 0 0 25 18 49 0 -8 0 0 0 0 0 0 0 0 0 28 -35 0 0 0 9 0 0 -37 0 8 49 0 0 0 -48 -40 11 
0 0 -16 -24 0 0 -6 -11 30 41 0 0 0 0 17 0 0 0 -45 37 0 0 25 0 -2 35 -21 0 14 -31 0 0 0 0 0 -49 12 0 -5 0 0 0 0 0 0 0 0 33 -36 0 0 0 0 -12 39 0 -8 0 -33 0 9 0 8 -48 0 -4 -21 0 0 8 7 -7 18 0 -16 -24 0 0 0 46 0 -47 0 0 30 0 -11 43 0 0 -45 0 0 0 0 -22 0 -24 -46 0 
7 0 0 -45 0 0 0 -26 0 0 0 0 0 46 0 26 -31 -14 -36 -13 0 23 31 -10 0 -3 0 -46 -6 0 -5 0 -23 6 -19 9 16 -32 39 0 0 0 0 0 15 3 -16 0 0 0 -7 5 0 -33 0 0 -32 17 0 0 17 -43 42 0 29 20 0 0 0 0 -3 0 0 0 -4 0 0 49 45 0 -37 -16 0 0 -7 0 0 0 -22 6 0 26 0 31 -14 0 -7 28 0 0 
0 -8 0 32 -37 0 33 0 -45 -17 0 0 0 0 0 11 -34 0 0 13 0 -39 -26 0 -39 0 0 37 0 0 -3 0 -2 0 0 0 -43 6 -45 47 38 32 -19 0 0 0 0 0 0 -7 0 -31 -48 0 0 0 26 4 -25 0 0 0 15 32 0 0 32 38 0 0 0 17 21 -49 -36 0 -32 -16 -2 0 3 0 47 0 0 0 -6 0 0 0 1 0 0 0 11 -34 0 -7 9 0 
12 -41 -1 0 0 -46 0 28 0 0 0 -35 0 39 31 0 -41 7 10 13 0 -18 0 9 0 -3 18 -45 0 0 0 0 0 -33 0 5 0 1 -18 16 0 -17 -39 0 12 0 3 0 0 5 -31 0 48 29 22 -24 -39 0 -49 35 -8 -35 -34 0 37 0 -8 0 10 0 0 0 0 0 0 -39 0 0 26 0 -35 0 0 0 0 -19 0 -14 0 45 -44 0 0 0 0 41 0 0 -23 25 
19 43 0 -7 0 -49 -7 26 0 17 1 -36 0 6 36 0 26 0 0 0 0 0 -7 -9 0 0 0 -2 0 49 33 2 -24 0 0 -19 0 28 14 0 -22 29 -1 -38 17 0 0 12 0 0 -48 48 -41 45 12 30 0 -42 0 30 0 0 6 0 3 0 36 27 0 0 1 0 0 -29 0 0 -32 0 0 0 38 0 0 -15 20 -21 0 0 0 0 28 -21 38 4 -30 -38 0 0 20 35 
-39 0 44 -30 0 0 0 29 3 0 3 0 0 0 0 0 -26 -17 48 0 0 0 0 0 0 0 37 0 0 10 0 -22 17 0 0 0 0 0 0 0 0 0 2 0 0 -40 0 -35 -12 -33 0 29 45 37 0 -10 20 0 0 5 0 -24 0 0 43 25 31 0 0 0 0 0 48 0 24 22 -29 0 0 -24 24 -46 5 0 18 0 0 -14 0 5 -42 -6 30 6 0 0 0 0 0 -18 
0 0 47 0 0 18 0 0 -37 0 0 -23 -9 -11 48 0 0 -12 28 -41 -25 0 0 0 -12 -32 -13 0 35 0 0 0 41 28 0 0 0 37 29 0 0 24 18 0 -14 -1 21 0 39 0 0 22 12 0 -7 0 0 0 0 0 0 0 0 0 13 0 0 -34 0 -47 -31 0 28 0 -21 32 -38 0 0 0 44 -7 0 0 0 0 0 0 0 0 0 47 34 0 16 6 26 0 37 13 
0 0 0 0 0 0 14 0 2 0 31 0 0 -49 0 -39 1 0 0 0 28 -7 9 0 26 0 30 44 20 0 0 0 0 40 20 -49 0 0 0 -47 44 -11 0 -35 -47 -4 0 0 0 0 0 -24 30 -10 0 0 -17 29 40 0 0 -32 -48 0 3 0 0 0 0 -8 47 0 -25 40 0 0 -23 -42 0 0 -24 -9 -17 0 32 0 0 0 0 0 -2 0 -38 -8 0 46 0 0 0 22 
0 -31 2 0 36 0 21 -30 3 -49 -4 16 0 13 -26 -14 0 -21 0 0 0 15 25 0 -37 -17 0 0 47 40 0 -49 -8 -26 0 2 -28 -43 -12 40 -47 0 39 13 0 -14 16 -30 -8 -32 26 -39 0 20 0 -17 -2 0 0 26 38 -41 0 0 0 0 34 -12 -15 29 0 0 -23 25 0 0 0 -9 -26 11 9 0 0 0 0 12 26 -49 0 0 48 0 0 -22 -36 0 42 0 0 23 
0 0 -40 16 0 0 0 14 0 37 16 -29 -27 40 0 0 0 0 10 42 0 0 46 28 8 0 0 0 -35 0 0 0 -6 -41 0 -5 -43 5 6 0 -46 -48 -15 8 33 0 0 -12 0 17 4 0 -42 0 0 29 0 0 -44 1 -11 0 44 -30 0 -34 -46 -20 0 -14 0 0 0 0 0 0 0 0 0 -10 42 34 33 0 0 14 -38 -49 0 4 47 0 -16 -11 0 0 37 0 6 14 
0 0 -21 7 0 -46 22 -30 30 38 -23 28 0 -31 0 15 0 0 0 0 0 28 18 0 -15 0 0 -33 -17 0 0 0 0 -16 0 -43 -29 0 0 0 0 -27 45 0 0 0 21 0 -33 0 -25 -49 0 0 0 40 0 -44 0 -43 -8 -45 0 -5 2 -25 8 48 17 17 0 0 0 21 -16 -18 0 0 -16 -14 0 0 -19 0 -11 38 0 8 17 0 0 0 0 -17 0 2 -23 42 -31 0 
0 0 2 0 29 8 0 0 11 -15 0 0 0 0 0 0 43 0 -15 -10 0 20 19 0 49 -14 0 0 0 28 43 0 -30 -7 0 0 0 0 0 9 0 0 0 -3 0 -28 -39 0 0 0 0 35 30 5 0 0 26 1 -43 24 0 10 0 0 0 -41 -33 42 18 -47 -24 -12 -38 38 0 -2 0 0 0 0 0 6 0 41 0 1 48 0 0 0 0 0 -3 -40 -49 37 -45 0 0 26 
0 -15 0 32 0 14 0 -5 -2 0 0 -40 -8 0 0 -48 0 -13 10 0 0 -39 -31 -40 0 29 0 -31 0 0 0 39 -6 0 -16 -38 -21 9 39 0 -33 0 23 0 0 27 0 15 9 17 0 -8 0 0 0 0 38 -11 -8 0 0 -33 0 0 0 -3 48 0 0 -15 -12 37 0 10 0 0 0 0 0 -3 -27 0 -45 9 0 44 21 0 -33 0 41 0 0 33 13 47 0 13 0 -2 
0 0 -21 27 0 0 -42 0 -33 0 0 32 0 0 0 18 31 38 7 7 0 0 -29 0 -44 0 0 -36 0 0 0 -41 0 0 0 0 0 12 0 0 -42 -36 -3 0 -10 39 0 8 0 -43 0 -35 0 -24 0 -32 -41 0 -45 10 -33 -40 0 0 0 -33 0 -40 0 6 0 -13 0 0 0 0 27 -29 22 0 0 6 0 0 14 -46 0 0 27 41 -21 0 11 -35 27 5 -7 0 0 0 
-21 0 -7 6 44 0 16 0 -22 10 -17 38 0 0 41 -15 0 0 0 47 2 0 -38 0 -43 31 49 0 0 12 0 -44 0 -32 46 0 0 0 0 0 16 0 0 0 0 25 0 0 8 42 15 -34 6 0 0 -48 0 44 0 0 0 0 0 -4 4 -7 0 0 15 0 38 16 0 0 10 42 43 0 6 -32 0 -4 0 0 27 31 20 0 0 -28 25 0 -3 0 0 -47 1 -8 3 0 
12 37 -30 -22 0 34 0 49 16 -2 19 0 24 49 0 0 -48 0 0 0 0 0 39 -20 1 0 0 0 0 0 0 41 0 -32 -48 0 0 0 0 0 0 0 -18 0 -8 -40 11 27 -48 0 32 0 0 0 0 0 0 -30 -5 0 0 0 -4 0 0 0 -9 0 0 -3 16 37 0 -25 -26 0 38 0 24 -42 42 0 0 16 0 10 1 35 26 0 0 -19 0 32 44 0 0 0 0 0 
38 -18 0 0 0 0 0 0 0 33 -9 -2 -25 10 6 -45 0 9 34 35 -32 28 12 35 0 23 11 -42 0 -23 6 0 27 0 0 23 0 0 0 0 0 29 25 43 -25 0 0 0 0 29 0 37 3 43 13 3 0 0 2 0 0 0 4 0 -31 -15 0 -28 -20 0 0 -13 0 0 48 -42 38 1 0 -33 -35 0 0 0 0 -31 -44 0 6 -39 0 -24 0 0 0 -3 0 0 0 -11 
-44 0 0 -49 -16 5 -31 0 0 21 10 0 18 0 25 -9 0 34 -21 1 0 0 21 -18 0 2 -33 0 10 0 0 0 0 0 0 0 39 0 -13 0 0 0 31 0 0 4 0 0 -4 20 0 0 0 25 0 0 0 -34 -25 -41 -3 -33 -7 0 -15 0 0 0 0 -49 0 -27 0 49 0 0 0 20 0 0 -15 0 0 0 29 0 0 0 -19 -26 22 -4 0 -17 -39 0 35 -45 25 0 
0 -27 0 35 16 -3 0 2 0 0 0 0 0 -44 25 8 17 0 0 -14 36 -30 -29 0 0 -7 -3 -33 0 0 0 0 0 1 -40 0 7 0 29 0 0 45 0 -11 -12 -9 0 0 -21 0 32 -8 36 31 0 0 34 -46 8 -33 48 0 0 -9 0 0 11 0 0 0 0 0 0 0 -33 0 -43 -17 17 -44 0 0 9 0 4 43 -30 13 0 0 -39 -16 25 1 -11 -25 -21 25 -39 0 
-12 0 0 42 0 0 -5 30 0 0 -2 0 0 0 0 0 0 0 -35 4 0 0 0 18 -46 0 0 20 0 49 0 0 36 0 0 34 3 -27 0 19 0 0 29 0 0 0 -7 0 0 0 38 0 27 0 -34 0 -12 -20 48 42 0 -40 0 0 -28 0 0 12 0 0 30 0 0 0 -41 0 0 0 0 0 18 25 -20 11 0 -39 -28 -20 -49 0 -32 25 0 0 -8 28 0 -33 0 7 
0 27 0 -23 2 3 36 0 -41 0 0 0 0 0 0 0 0 0 25 -41 0 0 -43 -7 0 37 0 0 0 -19 26 -26 5 0 0 0 0 0 25 0 38 0 -39 -26 0 16 0 25 0 0 0 10 0 0 0 0 -15 0 17 18 0 0 15 0 -20 0 0 0 28 0 0 0 47 0 0 10 0 0 0 0 0 0 0 0 -39 0 -8 0 -33 18 0 -2 -13 -33 -49 0 0 0 -48 0 
-37 0 47 0 -28 21 0 10 0 1 -13 -39 23 0 0 -12 0 2 0 0 -5 0 -13 0 28 0 17 0 31 0 0 0 46 0 0 35 -28 36 2 0 -39 -4 0 -34 -44 0 0 18 8 0 0 0 0 0 -47 -8 29 -14 17 -47 -15 6 0 -3 0 -49 0 0 0 0 0 -15 48 0 -9 13 26 0 0 0 0 -44 4 6 45 -23 42 -1 -15 0 -29 0 18 -26 0 0 0 0 38 0 
29 39 0 0 -38 -33 -48 0 0 0 -34 -21 0 0 0 0 0 0 -22 -19 -20 16 0 44 39 0 0 0 0 0 -44 23 45 0 -25 0 -43 0 0 0 0 0 0 0 -8 41 0 49 7 -3 0 0 1 0 -31 47 0 0 0 -24 -12 0 38 16 0 0 0 30 0 0 0 -12 17 -2 32 11 -48 -29 0 0 -43 0 0 10 0 -15 30 0 0 26 40 -38 0 0 -43 0 0 -14 0 0 
0 0 0 0 -26 30 0 0 14 0 0 0 0 -10 0 14 46 -39 -18 -28 48 0 0 0 0 0 -20 39 6 0 -41 6 -47 13 0 0 -44 24 0 0 -16 -36 23 -46 34 22 0 0 -7 0 17 0 0 0 0 0 0 0 0 -12 37 -13 16 37 -13 -27 0 0 0 -15 -12 -14 0 46 0 0 41 0 -10 0 9 -46 0 0 0 12 39 0 -8 0 0 31 -1 -12 0 26 22 -20 -32 0 
-31 -46 0 41 -35 40 0 0 0 0 29 0 -18 0 0 -13 18 0 35 0 0 0 0 0 18 -46 0 24 0 41 0 -14 0 0 0 0 36 20 -47 35 -24 3 0 0 -19 -16 -36 -8 18 0 21 0 0 48 28 -25 -23 0 0 -38 0 0 0 0 0 0 0 0 47 48 17 0 -48 0 25 0 0 0 -40 1 0 -20 -2 41 0 3 28 -46 0 0 0 -47 -41 -46 0 37 37 -8 0 46 
-13 29 5 0 42 -4 0 6 0 0 0 -48 39 27 40 13 0 0 0 0 18 0 0 0 0 45 0 0 0 0 0 -34 0 32 0 0 -23 0 17 0 -20 0 0 0 0 0 0 0 0 0 -49 0 -29 0 0 40 25 0 21 38 10 0 0 -25 0 49 0 0 0 0 -2 46 0 0 29 0 0 0 38 -16 0 -35 0 0 0 26 0 0 32 31 -23 0 -7 0 0 44 0 0 0 -35 
0 0 25 0 0 37 0 35 -44 0 0 27 -24 17 -10 0 0 0 0 0 0 0 20 33 37 33 0 0 0 -46 0 13 47 0 0 41 34 0 31 -24 0 0 -38 0 0 0 0 0 -16 -4 -36 0 0 24 -21 0 0 0 -16 0 0 0 10 -26 48 0 -33 -41 0 -9 32 0 25 29 -26 -2 -38 0 -39 0 8 0 -12 0 -46 0 0 29 42 36 0 0 0 0 -28 -14 -40 3 2 0 
0 36 37 0 0 -7 0 30 0 -38 2 0 0 0 0 0 0 4 0 22 0 0 -26 23 -41 0 0 -39 0 0 -46 0 0 -10 0 0 0 0 20 5 0 -12 0 -32 18 0 0 0 -24 0 0 -39 0 22 32 0 0 0 -18 -2 0 0 42 0 -42 0 0 0 10 13 11 0 0 0 -2 0 18 -18 13 -31 0 -1 0 0 45 0 -39 -33 -7 0 0 33 40 -47 -42 0 0 0 0 13 
0 0 0 0 44 0 0 -46 0 -5 -39 22 0 30 15 0 -8 0 -4 0 -11 0 0 26 0 8 0 0 21 29 -6 0 38 17 -29 0 0 -45 0 43 0 0 -44 38 0 32 0 0 0 0 -32 0 -32 -29 -38 -23 0 0 0 0 0 27 43 38 38 0 -43 0 0 26 -48 41 0 0 -38 18 20 0 0 19 -33 49 -12 0 -16 0 0 4 8 0 0 0 29 19 0 10 9 0 -31 0 
-40 0 39 -26 0 0 -43 18 -37 15 0 0 0 0 0 0 0 0 0 0 0 -2 13 0 28 0 -23 0 -14 0 0 -34 19 28 0 12 0 -6 -38 24 0 0 0 -44 43 0 -7 0 0 49 -16 0 0 0 0 -42 -9 0 0 0 0 -29 0 0 1 20 -17 0 0 0 -29 0 0 0 0 -18 0 -27 -1 0 0 20 -47 0 0 22 0 -45 0 0 0 -30 0 28 0 0 0 0 0 40 
0 33 -20 0 0 0 35 0 0 -19 0 49 -41 0 -28 0 47 0 0 0 0 0 -25 0 -43 0 49 -39 0 0 0 0 0 0 -44 0 0 0 3 3 0 0 -3 0 22 0 0 0 0 45 -2 26 0 0 0 0 -26 0 -16 0 0 22 6 24 0 0 17 0 0 0 0 -10 -40 38 -39 13 0 -1 0 -41 0 23 -21 6 4 35 0 0 0 1 -22 -16 -10 0 47 -18 0 -4 0 -34 
29 4 0 0 -35 0 0 0 0 -4 -33 -1 0 0 0 -12 -20 0 3 0 0 47 0 -43 8 -22 0 -35 0 8 0 0 6 0 0 0 0 36 -32 0 0 0 0 0 29 0 12 0 46 0 0 0 0 -24 0 0 11 -10 -14 0 -3 0 -32 -42 -33 0 -44 0 0 0 0 0 1 -16 0 -31 19 0 -41 0 0 9 -1 0 0 26 0 0 48 -18 45 27 46 0 49 0 23 0 0 28 
0 0 -37 33 0 -48 0 44 0 0 0 0 0 22 0 0 18 0 0 31 -23 3 -11 0 4 -5 33 0 43 6 -13 0 30 13 -11 0 35 0 -33 0 0 -33 0 30 0 0 0 0 0 -37 3 -35 38 24 44 -24 9 42 0 0 -27 0 0 42 -35 -15 0 18 0 0 -43 9 0 0 8 0 -33 0 0 0 0 -31 47 0 -45 0 0 32 -18 -25 0 0 0 -29 -9 4 0 31 0 -43 
0 0 -14 -4 44 0 11 32 44 0 -19 -23 -12 0 -22 0 -7 -32 8 0 49 0 42 0 0 -30 45 6 0 0 0 0 -4 -31 1 0 23 -44 19 0 0 16 0 0 40 0 3 0 -47 -16 0 0 0 -46 -7 -9 0 34 0 6 0 6 -4 0 0 0 0 25 0 -44 0 -46 -20 -35 0 -1 49 20 23 9 -31 0 0 0 -10 0 0 40 0 0 -14 18 -26 0 0 19 -34 0 0 1 
0 0 8 0 0 0 -44 0 0 -37 0 0 -30 27 30 -43 0 0 -43 -31 24 0 0 0 0 0 0 0 -10 0 -17 0 0 45 0 0 14 0 0 0 -14 0 0 0 -34 -8 -14 28 0 0 47 0 0 5 0 -17 0 33 -19 0 -45 0 0 0 0 0 9 -20 0 4 0 0 -2 0 -12 0 -12 -47 -21 -1 47 0 0 7 0 -19 0 31 -49 0 0 0 0 5 10 0 9 0 0 0 
21 -22 -17 0 11 38 15 40 36 37 0 -8 -33 -24 0 -1 0 33 -18 11 0 0 16 28 0 0 29 0 0 -8 0 -43 28 3 0 0 0 -29 0 45 13 0 0 0 0 17 0 -35 0 0 0 0 -15 0 0 0 0 0 0 41 9 0 0 16 0 0 0 11 0 6 10 0 41 0 0 0 0 0 6 0 0 0 7 0 0 0 -11 0 0 0 19 0 29 39 -18 0 -23 39 -3 -17 
0 0 0 -44 -4 0 0 0 25 0 35 0 -6 25 0 -14 38 0 0 0 -21 1 0 0 0 0 0 -15 44 0 -22 44 -27 0 -21 0 0 0 25 0 0 -12 27 0 0 28 9 0 30 -7 0 0 20 18 0 32 0 0 -11 0 0 14 27 0 0 29 4 0 -39 45 0 0 0 0 -46 45 -16 0 4 0 -45 -10 0 0 0 3 0 15 -35 0 0 24 0 -23 12 0 0 0 0 30 
0 0 0 0 17 -11 -33 0 0 20 -38 0 0 20 0 0 0 0 -20 0 42 0 0 -22 33 0 13 0 15 -45 44 0 25 0 0 9 0 0 36 0 0 0 0 0 7 0 -21 0 0 0 0 -19 -21 0 0 0 12 14 38 1 44 -46 31 10 -31 0 43 -39 0 -23 -15 12 3 26 0 0 0 22 35 26 0 0 -19 0 3 0 0 44 -44 0 -4 -12 48 -21 35 -45 0 0 0 0 
-12 0 11 24 43 -43 44 16 0 -16 -34 -18 0 -19 0 30 0 -38 40 0 -42 -25 0 0 0 0 0 32 0 8 0 0 9 38 0 0 0 -1 0 -11 0 -38 49 -22 0 0 0 0 -11 0 -6 0 0 0 0 0 26 -38 0 48 21 0 20 1 -44 0 -30 -28 -8 42 30 39 28 0 0 -39 0 0 0 0 0 0 0 -11 0 0 32 33 0 19 -20 -46 -19 0 6 0 25 20 0 0 
0 0 0 0 0 0 0 0 -4 -20 -14 23 0 36 0 21 0 8 0 0 0 0 -14 0 0 -8 18 -39 -24 -2 -32 0 0 32 12 -14 43 0 0 -48 0 -22 -2 42 0 -13 0 9 43 0 0 -14 0 -14 0 0 -49 -49 8 0 0 0 0 35 0 0 13 -20 0 -1 0 0 -46 0 29 -33 4 -45 0 0 32 40 31 0 15 44 33 45 0 0 0 0 -24 0 0 0 0 0 14 0 
-2 0 15 0 0 0 0 16 -20 -27 0 0 0 0 0 -9 -32 0 0 0 0 0 -30 0 -23 5 -25 -39 35 -45 35 23 0 -42 -43 0 0 0 0 0 2 4 -25 0 11 0 -30 0 0 -22 0 0 0 0 0 0 0 0 17 0 -33 27 0 26 6 -19 0 -49 -33 -15 0 -8 0 32 42 -7 8 0 0 48 -18 0 -49 0 -35 -44 0 0 -39 15 0 0 0 6 0 -37 0 1 0 23 
0 49 -43 -42 0 25 19 21 45 0 18 -14 0 0 0 0 0 1 0 -10 0 -2 28 0 0 39 0 -8 6 11 20 0 0 -11 48 -40 21 -6 0 0 0 1 0 19 0 -46 0 0 0 6 0 45 0 5 0 0 0 4 0 0 0 41 -28 0 -39 -26 0 0 18 0 26 0 0 31 36 0 0 0 1 -18 -25 0 0 0 0 0 19 0 15 23 0 0 0 44 0 0 0 0 -27 0 
-13 0 -34 0 7 0 0 0 0 -28 0 -2 0 0 0 -36 0 0 22 41 1 -4 0 0 0 -27 -48 -11 0 0 0 2 0 41 -9 0 0 32 0 0 0 -33 -14 0 0 0 0 -37 -45 0 1 -44 28 -42 0 -2 48 47 0 0 41 -21 25 0 0 22 -39 -32 0 -29 40 0 0 -23 0 0 0 0 -22 45 0 -14 0 19 0 -4 -20 0 0 0 -25 12 29 42 -3 0 -34 0 30 -29 
0 0 0 -37 -3 -26 13 0 -35 48 0 -34 0 0 0 0 -44 0 -26 30 -15 0 0 -18 0 -35 0 -1 0 0 -39 15 -12 -48 25 -2 19 27 0 0 11 2 25 47 11 0 21 0 0 26 0 0 -21 -6 47 0 0 0 0 0 0 0 0 -19 -24 -4 -16 25 -2 0 -38 31 -47 0 0 33 0 -30 -16 27 0 18 0 0 24 -12 -46 0 0 0 12 0 0 42 -17 0 26 -30 -39 -20 
0 22 40 -18 -36 0 0 0 0 0 29 0 0 0 -6 47 0 0 -27 4 0 21 35 0 0 -18 13 0 -23 8 0 -31 0 0 38 0 47 0 0 0 23 -18 0 5 0 0 0 8 0 0 0 0 38 30 34 -38 0 -16 0 -3 0 11 -3 0 0 0 25 0 -13 18 0 -1 -41 -7 0 40 29 0 -10 46 0 -26 0 29 0 48 -19 -24 0 0 29 0 4 -34 0 -12 15 0 21 35 
0 0 0 -1 -27 2 36 0 28 0 0 49 0 0 19 0 0 0 25 1 0 0 -10 0 -39 0 42 0 0 36 39 31 0 0 0 -9 23 -23 26 0 0 0 -34 11 41 0 -11 49 0 31 0 0 4 6 0 -8 -22 -11 -17 -40 33 -35 0 32 0 -17 1 0 -33 -26 0 -12 -46 0 0 -47 19 28 0 0 -29 0 5 39 -23 -21 0 0 6 44 42 42 -34 23 -32 0 48 38 -19 0 
0 10 0 31 0 0 -39 19 47 1 -36 0 -47 0 21 19 0 0 33 0 44 -36 8 -9 -19 -29 0 0 14 40 -46 0 0 40 0 0 0 0 0 0 0 22 40 0 -32 0 -2 0 0 -14 11 0 -30 0 16 0 -36 0 0 -49 13 27 0 44 0 -39 -11 -8 -49 0 -43 0 0 0 -28 -42 0 0 47 49 -9 0 10 -18 12 35 6 0 0 0 -3 -17 0 -32 -37 -11 -28 17 35 -17 
9 -24 -32 0 0 15 16 0 0 0 0 0 0 0 0 -14 9 -39 28 10 0 0 0 0 0 42 0 23 -26 0 0 0 32 0 -38 0 -46 0 30 41 0 0 0 0 0 0 34 0 -22 0 -34 41 -38 0 6 46 0 0 2 37 47 5 -47 0 -3 0 -25 28 0 0 0 26 37 44 -14 0 10 0 -18 0 4 19 0 0 0 -45 0 0 -37 0 0 0 -12 0 -11 -6 -4 0 0 27 
-21 11 -22 48 0 0 9 0 -34 0 0 0 0 0 -40 0 14 0 -46 0 0 -43 0 -37 -6 45 0 0 0 -30 -24 0 0 0 21 -41 -20 0 0 15 24 0 0 0 -44 -34 0 0 0 -7 0 0 0 0 26 0 42 37 -23 -45 0 -7 1 0 0 35 -21 0 0 0 0 22 37 0 -40 0 9 0 0 23 0 -34 9 -23 0 0 25 0 0 0 -34 26 15 48 -28 -4 12 -12 0 15 
49 23 -10 31 0 0 0 -34 -10 0 -6 5 -20 0 0 43 0 0 -6 0 0 48 0 0 0 -5 9 0 0 0 0 43 0 0 -8 46 36 -5 0 21 -35 14 0 11 0 34 12 -48 -24 28 -7 0 0 0 0 0 0 0 42 0 13 0 -8 0 0 -45 25 -33 0 0 -14 -20 -8 0 3 0 0 0 -4 0 31 0 0 39 0 0 20 0 1 0 0 -30 0 38 17 0 -12 -11 0 -43 
0 13 15 0 0 0 17 0 5 0 10 0 -32 46 0 0 34 32 0 0 -16 -41 -37 0 -12 13 -38 0 -16 0 9 -38 13 40 0 -2 -37 0 9 35 10 0 -35 -7 -8 0 -23 -40 -46 0 9 -23 20 0 37 0 0 6 -31 0 0 0 3 0 0 25 -39 0 -48 38 0 -32 0 0 2 0 -31 0 0 0 0 0 0 -3 0 0 0 14 0 -27 30 -39 21 -19 35 0 0 0 -12 18 
0 5 26 11 0 -16 7 0 0 0 29 0 0 26 0 0 22 -6 39 0 3 44 -37 0 -43 0 -39 2 30 0 24 0 0 0 43 0 -49 0 -19 0 4 -1 0 0 -41 -24 0 11 0 0 0 25 35 -18 13 22 23 14 0 26 -2 0 0 0 -11 0 0 7 0 0 0 0 46 -35 0 13 0 40 -34 28 -43 1 0 -17 30 0 0 0 23 0 -29 -20 35 0 -17 27 15 -43 18 0 
