125
-27 50 5 50 -42 12 -25 23 11 -8 -47 -50 -18 45 -40 -4 22 43 10 24 -8 -27 -49 -28 23 27 23 -2 25 8 -49 29 -41 46 40 -15 -8 31 6 30 -27 -42 49 9 38 -48 -12 -22 16 -36 4 -49 -2 12 -47 -13 24 -36 32 15 -41 35 39 -45 -47 3 5 4 47 -36 23 -15 -47 -35 22 43 2 -35 -49 -6 24 3 -38 27 -9 28 36 50 6 -14 43 -17 31 17 15 -34 -22 23 -31 11 34 36 50 21 -27 -26 33 32 -2 42 36 5 16 -49 8 -20 -37 27 47 -6 33 43 -22 -47 -4 
22 -20 -16 38 0 -47 19 0 0 0 -23 3 0 31 8 -44 0 44 48 30 -3 0 0 0 28 22 0 0 0 0 -38 -18 -14 11 0 -18 0 -21 -20 37 -36 -11 0 -22 47 0 5 0 22 0 31 0 -40 15 0 0 -43 -27 -2 0 0 47 3 37 0 -9 3 -18 50 0 -30 0 49 -45 0 -33 0 -6 0 11 38 18 0 6 -1 0 -8 32 50 11 0 -30 -28 0 29 -6 -34 -50 0 0 9 0 -23 29 0 0 50 4 0 -27 0 0 24 -25 0 -12 0 42 -8 42 0 -36 -13 0 -20 
-20 -41 4 17 0 38 0 -21 -9 -36 0 0 0 37 0 13 0 0 48 0 -28 0 0 0 12 0 0 -48 -27 -14 -20 0 20 1 -26 0 -37 0 50 0 40 0 0 0 0 0 0 43 44 0 0 -32 0 -50 -46 13 0 33 0 0 -31 7 0 0 0 -19 0 13 24 0 0 0 0 -19 0 24 9 4 24 0 -25 0 0 0 0 0 0 1 -11 0 19 1 34 0 49 0 19 34 43 21 0 -23 47 -23 6 -1 0 0 48 0 5 0 0 -49 0 0 0 22 7 0 0 27 8 0 0 
-16 4 19 6 19 -8 25 -49 0 0 47 41 -48 0 0 26 0 0 0 0 0 0 0 0 4 2 0 0 42 29 0 33 31 36 0 0 -17 -44 0 0 0 0 0 0 47 -32 -34 44 0 0 0 0 -8 0 -31 0 0 5 0 -37 24 0 0 -14 0 8 -13 22 0 30 0 8 0 -2 0 0 -22 0 11 42 17 49 0 0 -39 0 43 17 0 0 -50 0 -22 -12 0 0 0 0 0 -38 -24 0 34 17 0 0 6 -44 0 0 0 -3 -1 0 6 0 31 0 -49 0 0 0 0 0 -43 
38 17 6 -30 0 0 0 0 -45 -34 0 0 -48 0 -1 -24 0 0 0 0 42 0 0 0 46 36 0 0 0 49 0 0 4 0 46 0 11 0 43 3 0 19 0 26 13 0 0 0 0 0 0 45 -20 20 14 -45 47 0 -50 -29 0 0 -42 50 -44 6 0 -33 0 -50 0 0 0 0 50 0 -40 -32 9 19 -29 12 0 0 12 -29 0 8 0 13 0 -12 0 0 -3 42 -15 -7 0 -20 0 0 22 0 0 0 0 0 0 -22 42 39 13 0 0 0 0 -39 0 0 0 -35 0 0 0 
0 0 19 0 0 0 0 -24 0 0 0 43 36 -44 0 0 -1 0 0 -25 0 0 -15 21 0 0 0 17 0 7 -37 -25 36 0 0 0 0 33 0 0 33 -37 0 0 0 0 0 0 -8 -9 18 0 0 -44 0 0 0 -15 24 -23 0 -41 0 42 0 1 0 -6 -29 50 -14 0 0 -21 -8 43 0 0 0 0 7 2 0 -30 0 -4 -4 -8 43 36 0 0 -22 -15 0 -34 0 -18 0 0 2 -48 19 25 0 0 0 -36 -31 38 0 -46 0 -27 7 0 6 0 -25 -39 0 30 0 26 0 
-47 38 -8 0 0 0 29 -45 0 25 45 0 0 -46 0 14 0 5 0 0 -39 0 -34 45 0 0 0 0 34 29 12 0 0 -3 50 0 0 0 9 37 -14 -17 0 0 -45 8 0 23 44 0 49 0 0 20 0 -10 -30 0 -2 38 -9 0 -48 44 39 -35 31 42 0 0 0 0 -15 0 8 14 4 40 26 0 0 28 0 0 43 28 0 0 5 0 -2 -44 0 -43 23 34 0 -44 0 -10 -45 0 0 0 0 -6 -42 37 0 -44 50 0 0 0 0 -26 -22 26 0 24 -2 28 -36 0 0 
19 0 25 0 0 29 -5 0 0 0 8 0 0 -28 -49 0 0 0 9 0 0 0 0 -24 0 13 -41 42 43 3 -4 -37 9 0 2 -43 35 10 -20 0 43 43 0 0 -4 0 40 0 0 0 41 0 -3 -31 26 17 0 0 35 -32 42 -14 0 0 0 0 0 -15 -27 19 0 0 -4 42 0 -32 37 0 -8 0 -14 0 -47 15 0 18 -33 0 31 -37 -28 -37 -47 34 -41 -37 -10 0 0 -29 0 8 0 0 0 0 0 -33 4 0 -23 0 0 0 9 0 6 0 0 12 -30 0 0 -35 17 
0 -21 -49 0 -24 -45 0 9 0 0 -27 -37 0 0 -1 0 0 -1 0 0 0 15 -13 -7 -35 -50 -5 0 0 0 33 0 0 0 7 -15 -49 0 -26 18 -1 0 -43 -6 0 -42 45 -24 6 7 0 -21 21 12 -13 5 0 0 0 0 0 0 7 8 0 15 3 -13 41 0 17 -30 -44 0 48 -11 0 5 24 0 0 0 0 0 18 33 0 0 -31 0 0 -12 0 21 -19 0 -10 -6 -14 0 -16 0 45 0 0 -39 32 -32 0 0 -24 -17 0 0 0 0 0 -45 0 45 -39 5 -15 -27 6 
0 -9 0 -45 0 0 0 0 0 0 0 0 -22 0 0 -44 0 0 0 0 -25 0 0 14 12 0 48 -2 -38 5 -16 0 43 0 13 0 0 0 0 0 39 0 -49 -28 -11 0 0 -25 0 0 0 0 35 0 -9 49 9 15 0 0 0 0 0 0 0 0 0 8 0 0 -43 -35 41 0 0 30 0 -38 0 23 -15 -46 0 0 -49 0 0 13 0 0 -27 0 -9 47 0 -2 0 -29 0 -13 0 0 0 0 0 0 0 8 7 -18 48 50 28 -6 0 -33 0 3 15 -48 0 -40 22 0 0 
0 -36 0 -34 0 25 0 0 0 0 0 0 0 -43 0 0 47 9 0 0 0 0 0 0 0 2 48 0 0 26 0 36 11 14 0 4 0 0 0 38 -20 0 0 0 19 27 -30 30 0 35 -28 0 0 13 -18 0 -31 0 1 -48 -41 30 0 -50 0 0 -5 -24 -34 -26 0 0 0 0 0 -42 0 27 49 -18 0 48 -35 -25 0 0 0 0 38 50 0 -34 0 0 0 0 -11 -38 0 30 0 0 26 0 29 -27 0 0 -14 0 11 0 0 0 0 41 -6 13 0 0 0 -15 0 0 -25 
-23 0 47 0 0 45 8 -27 0 0 12 26 0 0 49 0 -38 31 0 0 12 0 0 0 0 0 0 0 -30 0 -3 19 0 0 0 0 0 39 48 35 0 0 35 41 0 0 0 0 0 0 35 1 0 17 47 -36 0 -17 -22 0 -38 0 0 34 -39 0 0 0 0 0 -2 0 0 10 10 0 0 0 0 0 0 25 0 0 0 16 0 0 0 0 23 0 -40 -11 0 -18 -47 0 0 0 31 37 0 -33 6 0 -41 0 25 5 9 -17 -47 0 0 0 0 40 0 32 45 -43 0 0 -34 
3 0 41 0 43 0 0 -37 0 0 26 0 0 0 0 0 1 40 0 0 -40 27 -6 0 0 -26 0 0 -10 37 13 1 -49 -7 21 38 0 0 0 0 -39 0 0 0 32 0 0 28 0 -47 44 27 -32 3 0 0 -24 -38 -22 0 0 0 -39 -40 0 -30 -14 0 0 0 0 -33 24 -1 -20 0 -25 0 -27 0 0 -25 0 0 0 -28 0 0 0 -47 0 42 0 -14 18 -40 -26 7 0 0 33 13 0 0 24 0 31 0 0 9 -19 1 0 0 0 25 0 0 -30 0 0 2 37 37 0 
0 0 -48 -48 36 0 0 0 -22 0 0 0 30 -25 5 0 45 0 17 0 0 0 0 35 0 44 0 0 23 36 0 47 44 0 0 -23 -27 -28 0 -35 0 0 -15 0 -45 -42 0 0 42 43 12 0 49 -49 0 0 0 -27 2 -3 0 0 -18 0 -8 0 0 -32 38 -20 0 0 -33 41 0 -25 -28 2 -10 0 -36 -20 -45 40 -15 -24 8 14 0 -47 0 49 -30 -19 -13 0 0 -24 0 0 0 4 -50 50 0 -2 -32 12 0 0 -4 0 -33 0 -12 0 35 21 0 -21 0 0 0 42 2 
31 37 0 0 -44 -46 -28 0 0 -43 0 0 -25 0 0 -27 0 29 -12 -16 -35 -25 0 33 0 0 0 0 15 0 29 -40 28 0 3 5 -8 0 0 0 0 0 -25 38 44 0 3 0 0 -13 0 -30 -22 -32 0 27 -47 0 0 0 -28 0 0 0 0 0 34 19 0 0 0 0 -35 -2 -29 0 -8 0 20 3 0 49 0 0 7 33 0 0 19 0 4 28 -28 0 19 41 0 0 0 -21 -24 -20 0 0 0 11 -27 42 -25 0 0 0 0 0 0 0 0 0 0 0 -38 47 0 0 -50 
8 0 0 -1 0 0 -49 -1 0 0 49 0 5 0 0 0 -33 0 -10 -12 0 0 -25 0 -25 0 -49 6 0 26 16 -49 -16 0 -13 17 0 -37 -2 0 0 -24 0 0 0 -42 0 0 0 0 0 -30 0 0 26 46 -17 -28 0 38 -19 0 0 -13 0 0 0 11 18 0 -2 0 0 0 0 0 23 24 0 0 0 0 -29 0 0 0 0 45 13 0 -22 0 23 0 0 40 21 0 0 0 -41 0 -47 -8 0 42 -44 0 27 0 0 0 16 0 0 0 13 0 0 0 18 0 -41 15 0 
-44 13 26 -24 0 14 0 0 -44 0 0 0 0 -27 0 0 -37 -8 12 49 0 30 25 -43 -38 0 -1 0 10 0 -7 0 22 0 23 -41 -3 35 17 0 12 48 0 -16 45 17 0 49 0 49 -4 10 0 0 0 0 31 18 9 0 -20 0 -42 0 -11 0 0 32 -17 -40 15 -26 0 0 -6 49 -1 0 -5 0 0 0 0 -10 0 0 -14 37 0 0 1 -1 17 33 -32 0 26 -42 -3 0 0 -1 47 -45 2 25 -22 0 0 -25 0 0 30 0 22 0 42 21 0 0 0 50 0 -1 -19 
0 0 0 0 -1 0 0 0 0 47 -38 1 45 0 -33 -37 0 0 48 31 0 29 -45 -44 0 -42 0 36 0 0 0 0 0 0 -5 0 28 0 21 0 0 16 -4 -6 0 40 -7 44 0 4 3 0 -19 0 2 0 -14 -32 -35 0 0 0 5 0 3 0 0 17 19 42 -12 25 23 0 0 -20 18 0 -8 50 -12 0 -9 44 8 -8 0 0 -5 -39 0 11 0 0 -27 0 0 0 24 0 0 0 -38 0 0 0 -19 0 -47 -50 1 -26 20 0 0 49 0 41 0 -39 0 -23 -24 37 23 
44 0 0 0 0 5 0 -1 0 9 31 40 0 29 0 -8 0 0 0 0 25 0 0 -39 -24 -19 -4 25 0 -50 0 0 0 50 0 -12 0 0 0 0 -44 -29 -48 -34 -3 0 35 0 0 0 -38 46 10 49 0 0 0 0 23 44 -17 -48 0 35 26 0 44 -20 -2 -40 0 39 0 0 0 0 0 -37 0 0 9 -3 -38 -35 0 0 0 0 19 0 0 22 0 -30 37 -17 32 46 0 -10 -3 0 0 32 9 -29 17 0 0 0 11 0 0 15 0 0 -48 0 0 0 -16 0 -45 -47 0 
48 48 0 0 0 0 9 0 0 0 0 0 17 -12 -10 12 48 0 -7 0 2 -36 30 26 0 11 -49 28 0 0 0 0 19 -30 0 0 -1 10 0 0 0 0 0 19 0 0 0 -29 4 -3 0 0 0 0 -49 43 36 0 0 14 0 0 0 0 0 0 0 14 29 -15 -30 3 -42 21 16 -4 -50 0 0 0 0 0 0 0 6 12 44 0 -5 15 -32 -27 34 0 -34 0 0 0 0 0 -17 3 30 0 0 29 -1 0 45 -34 0 -18 0 -45 42 0 0 10 -31 0 16 -2 38 0 0 
30 0 0 0 -25 0 0 0 0 0 0 0 0 -16 -12 49 31 0 0 0 0 0 -48 25 49 32 0 31 23 0 0 0 -8 -40 -23 0 46 0 0 -7 27 -11 0 0 -49 0 22 0 0 27 0 0 0 25 30 0 0 0 -9 0 0 -12 13 0 49 15 0 0 -22 8 20 12 -10 0 -39 0 13 33 45 0 0 0 0 -43 0 0 23 0 31 0 -48 -48 0 -1 11 -8 -37 0 -44 -2 4 0 0 21 0 0 0 -17 0 -32 0 0 0 0 0 0 44 -4 34 17 0 3 0 -34 -13 
-3 -28 0 42 0 -39 0 0 -25 0 12 -40 0 -35 0 0 0 25 2 0 -18 0 0 -5 3 20 49 -29 0 0 35 0 -15 0 -8 38 0 0 26 50 9 0 30 0 -49 25 13 31 0 0 0 0 0 0 0 0 -29 0 0 0 0 0 15 43 0 0 0 0 0 0 0 -29 26 0 18 -3 34 0 5 0 -50 0 0 0 0 0 0 0 0 -15 0 -40 6 31 -26 9 0 -39 0 0 34 0 0 28 21 0 0 0 0 -27 0 40 -32 38 0 0 0 40 29 0 0 -10 0 -46 -40 
0 0 0 0 0 0 0 15 0 0 0 27 0 -25 0 30 29 0 -36 0 0 0 0 -3 41 7 -16 0 29 0 7 0 13 -22 -21 0 0 25 0 50 -12 6 -19 13 0 -19 15 -21 48 17 30 3 43 -1 0 0 0 21 29 -5 -27 0 0 0 -47 0 0 26 0 24 0 0 30 0 0 0 0 7 0 0 -32 12 27 0 -7 0 16 0 0 0 0 22 0 -34 0 0 18 0 -42 0 0 0 -41 -10 -14 0 -12 35 -15 4 30 43 42 0 32 0 0 -32 0 25 -26 0 -11 -26 18 
0 0 0 0 -15 -34 0 -13 0 0 0 -6 0 0 -25 25 -45 0 30 -48 0 0 25 0 -7 -45 0 24 34 0 0 15 0 21 0 0 0 0 0 0 -26 0 0 2 0 0 -21 0 -17 3 0 0 0 -11 26 0 -2 0 0 0 39 33 0 0 -15 0 0 0 0 0 36 0 0 -13 36 0 -14 9 0 0 0 0 0 -43 0 0 0 0 0 0 42 -49 -13 50 0 35 0 47 0 -1 10 0 0 0 -17 0 0 -46 0 0 -46 -31 0 -29 1 -34 0 50 0 0 0 0 0 -43 -28 
0 0 0 0 21 45 -24 -7 14 0 0 0 35 33 0 -43 -44 -39 26 25 -5 -3 0 41 0 17 0 0 -11 0 0 -18 0 0 0 3 40 0 -33 -43 -20 20 0 0 28 0 0 0 0 0 0 0 -20 -4 0 0 0 -26 0 0 26 13 0 20 0 0 0 0 0 0 0 34 0 0 36 34 5 -28 0 36 0 0 0 -39 14 0 22 -50 32 12 0 44 0 -43 -39 0 -24 0 0 0 -29 0 0 0 -48 -12 0 0 -7 42 0 39 0 -3 -6 0 0 1 8 -6 0 11 3 31 0 
28 12 4 46 0 0 0 -35 12 0 0 0 0 0 -25 -38 0 -24 0 49 3 41 -7 0 0 2 -38 -29 -42 27 35 -9 0 -31 17 6 -27 26 -18 -38 0 0 0 0 -26 0 0 0 0 29 -24 -40 0 3 0 11 47 0 0 0 -47 0 38 32 0 -17 0 0 -25 25 0 0 -41 -4 -42 0 -39 0 0 4 18 0 27 0 -40 0 0 -47 0 0 0 0 0 -9 -26 2 0 -11 -32 -26 0 0 0 -37 0 35 0 0 0 0 -2 16 0 8 0 -5 0 -16 0 1 32 42 0 0 -48 
22 0 2 36 0 0 13 -50 0 2 0 -26 44 0 0 0 -42 -19 11 32 20 7 -45 17 2 7 0 -36 0 0 20 -9 -35 0 28 0 0 -17 0 0 0 0 0 -25 -31 27 0 0 0 0 4 27 13 6 0 42 -40 19 0 0 0 0 0 -34 0 0 0 -36 0 0 0 0 39 0 0 0 -32 0 0 -38 31 10 0 -12 0 0 -8 0 9 0 32 -34 0 -38 0 12 25 6 0 30 0 0 0 49 0 0 31 13 -28 0 -6 -49 37 -25 0 0 0 -15 0 0 44 0 27 36 0 
0 0 0 0 0 0 -41 -5 48 48 0 0 0 0 -49 -1 0 -4 -49 0 49 -16 0 0 -38 0 0 -48 3 0 0 0 0 30 -42 17 0 0 0 50 0 0 0 -46 37 0 44 50 -12 0 -3 0 33 8 0 -22 31 -34 0 -27 0 12 0 0 22 0 0 21 0 0 0 0 12 48 -49 0 -47 0 0 44 -33 -25 0 -9 27 0 0 -2 0 0 44 44 0 32 18 -6 0 34 28 0 13 -4 0 -40 3 0 -15 0 27 0 -46 0 24 0 8 0 25 0 0 0 0 0 0 0 21 
0 -48 0 0 17 0 42 0 -2 0 0 0 0 0 6 0 36 25 28 31 -29 0 24 0 -29 -36 -48 18 -37 20 0 49 0 3 30 28 37 0 0 0 18 11 0 -1 19 -2 0 -21 -21 -3 0 0 24 0 0 -5 15 0 0 0 -18 0 0 0 49 0 19 -11 -6 1 -47 0 -41 0 -41 39 0 -37 0 15 0 0 6 0 0 12 0 46 0 -28 17 0 0 -42 -15 0 0 1 47 0 0 -27 0 -45 19 43 49 -20 -8 0 0 -31 21 13 0 0 -43 47 44 0 0 -8 42 36 43 
0 -27 42 0 0 34 43 0 -38 0 -30 -10 23 15 0 10 0 0 0 23 0 29 34 -11 -42 0 3 -37 -43 28 0 0 -4 15 27 39 0 0 -40 -11 0 0 21 -22 -49 0 0 49 0 0 0 0 -2 16 0 0 -34 0 16 0 0 23 -19 38 0 0 0 44 11 -1 0 0 0 0 -33 -14 0 -18 -47 3 0 -35 43 40 7 -37 0 -44 0 0 0 -10 6 -7 0 18 0 0 20 -24 0 24 0 18 -27 0 -22 46 0 0 -37 0 0 -4 0 0 -49 -32 -12 0 -49 -47 0 0 -50 
0 -14 29 49 7 29 3 0 5 26 0 37 36 0 26 0 0 -50 0 0 0 0 0 0 27 0 0 20 28 0 0 36 0 -27 -29 0 0 0 -13 6 -33 0 11 0 0 0 33 24 0 0 0 13 0 50 0 0 0 0 0 0 -42 0 -21 0 0 0 -50 33 21 -36 0 7 18 0 0 -22 -44 0 0 -21 0 0 0 44 0 -19 0 0 0 -43 0 0 0 0 -4 0 0 0 0 0 -40 23 5 -4 0 15 -36 0 31 -31 0 0 0 -20 0 -23 0 -14 0 0 14 43 0 -39 0 
-38 -20 0 0 -37 12 -4 33 -16 0 -3 13 0 29 16 -7 0 0 0 0 35 7 0 0 35 20 0 0 0 0 49 0 -16 -12 -10 0 0 0 32 0 35 0 0 -23 0 36 13 0 -14 0 0 -48 -34 45 0 0 0 0 0 0 0 -42 11 27 0 4 18 0 33 8 0 0 0 45 48 4 31 0 0 21 0 -24 0 0 0 0 1 0 0 0 0 0 4 0 0 0 30 0 0 0 0 0 27 0 0 -5 0 -40 8 -17 12 0 0 28 -21 0 0 23 0 -13 -5 40 34 0 0 
-18 0 33 0 -25 0 -37 0 0 36 19 1 47 -40 -49 0 0 0 0 0 0 0 15 -18 -9 -9 0 49 0 36 0 30 35 48 16 -29 10 0 0 -8 0 24 0 0 0 40 0 0 0 19 0 0 0 0 0 -5 37 -36 12 -16 0 0 -25 17 -28 38 0 39 -15 -34 6 0 0 -46 37 -13 -40 -29 -40 0 44 0 0 -40 18 0 0 0 0 -12 -28 0 0 0 21 0 -43 0 5 -26 18 0 -39 -32 0 0 0 0 0 -41 0 -46 -41 0 0 0 -17 -14 0 -20 0 -19 0 0 0 
-14 20 31 4 36 0 9 0 43 11 0 -49 44 28 -16 22 0 0 19 -8 -15 13 0 0 0 -35 0 0 -4 0 -16 35 0 28 -35 -18 0 -38 0 41 0 27 -42 20 -48 -42 0 42 0 0 0 -7 0 0 0 0 0 4 -18 -19 1 -47 -19 -39 -12 0 0 30 31 0 15 26 -43 -30 0 0 18 -33 0 22 -45 0 0 14 0 0 0 12 0 0 0 0 14 39 0 0 -32 -38 0 0 16 0 0 -44 2 -39 -14 0 0 -43 0 0 -31 -34 0 8 0 -24 0 0 22 0 0 27 -16 
11 1 36 0 0 -3 0 0 0 14 0 -7 0 0 0 0 0 50 -30 -40 0 -22 21 0 -31 0 30 3 15 -27 -12 48 28 0 -39 20 -37 0 -42 32 28 0 3 13 0 0 26 0 0 31 0 0 -5 0 0 0 -27 0 0 0 0 0 -1 0 1 32 -43 10 38 0 38 0 0 0 0 -26 -41 0 0 -40 0 25 -12 0 -1 -3 35 0 -9 47 0 44 28 -15 -32 -9 0 0 50 -5 38 0 33 -44 37 0 0 17 -6 16 29 0 0 0 22 0 0 0 -13 -11 23 0 0 -42 15 
0 -26 0 46 0 50 2 7 13 0 0 21 0 3 -13 23 -5 0 0 -23 -8 -21 0 0 17 28 -42 30 27 -29 -10 16 -35 -39 0 0 0 -38 -4 19 0 -23 30 -22 0 0 0 0 0 0 0 0 0 0 -42 0 26 0 -1 0 -49 28 0 0 0 -47 0 19 0 0 -21 0 0 34 -40 -43 -46 24 0 26 3 -12 4 0 0 0 0 11 0 0 0 -32 -2 21 0 -35 0 -17 14 11 -5 1 -41 0 -50 0 0 2 -20 -22 29 20 0 0 0 2 0 -48 -24 -18 0 40 0 -6 2 
-18 0 0 0 0 0 -43 -15 0 4 0 38 -23 5 17 -41 0 -12 0 0 38 0 0 3 6 0 17 28 39 0 0 -29 -18 20 0 27 0 0 -48 48 0 0 0 44 0 -33 0 0 27 -29 18 -33 0 26 0 -1 0 0 0 -1 0 -18 0 9 -16 47 -23 6 0 34 0 0 16 25 0 0 0 0 0 31 -2 39 0 0 0 50 -19 0 22 0 -46 0 -17 0 0 -21 0 45 -34 -4 0 0 0 0 18 0 -10 0 34 21 -10 -14 0 18 0 -25 0 24 0 0 0 0 -6 0 0 
0 -37 -17 11 0 0 35 -49 0 0 0 0 -27 -8 0 -3 28 0 -1 46 0 0 0 40 -27 0 0 37 0 0 0 10 0 -37 0 0 0 -30 0 -32 9 0 36 0 0 0 -37 10 16 27 -37 -25 0 0 0 0 0 37 -31 0 -24 -46 48 -33 3 -44 -41 34 0 -6 0 0 0 0 0 -9 27 32 37 -42 0 0 -46 0 7 0 0 16 -12 0 38 0 0 0 0 0 -1 -3 -21 0 -10 0 0 0 0 41 0 0 0 0 -34 0 0 37 27 0 44 0 44 -14 -2 0 0 0 -24 
-21 0 -44 0 33 0 10 0 0 0 39 0 -28 0 -37 35 0 0 10 0 0 25 0 0 26 -17 0 0 0 0 0 0 -38 0 -38 0 -30 0 0 0 0 5 0 0 0 -19 -33 13 0 50 16 33 0 3 0 -47 -9 -45 34 -47 0 0 4 -20 0 0 -34 29 0 0 0 12 42 13 0 -20 1 32 0 0 0 -48 0 0 -16 41 49 -10 -13 0 23 -13 0 10 -17 -29 0 0 0 39 -42 -5 15 0 0 0 0 -5 40 0 0 0 -13 0 0 0 0 0 0 26 0 -24 0 20 0 
-20 50 0 43 0 9 -20 -26 0 0 48 0 0 0 -2 17 21 0 0 0 26 0 0 -33 -18 0 0 0 -40 -13 32 0 0 -42 -4 -48 0 0 35 0 4 0 0 44 0 11 28 32 23 41 -16 0 0 -11 0 -2 0 6 0 0 -50 0 47 -11 0 0 32 -19 26 -38 41 0 -12 0 14 40 -31 0 0 21 38 48 -21 15 0 0 -41 0 42 0 17 0 -34 0 0 15 0 0 -8 -2 0 7 0 0 -14 43 0 0 15 0 0 -3 0 9 0 26 45 21 9 -13 0 -40 -34 0 -40 
37 0 0 3 0 37 0 18 0 38 35 0 -35 0 0 0 0 0 0 -7 50 50 0 -43 -38 0 50 0 -11 6 0 -8 41 32 19 48 -32 0 0 -50 11 0 -45 0 6 0 -26 -46 4 -6 -27 0 0 40 38 13 0 0 0 0 0 -40 0 0 0 0 0 0 27 0 0 0 0 -7 0 0 -36 0 0 0 0 0 37 14 0 -40 -2 35 0 0 49 19 0 0 0 0 0 0 8 -27 0 0 -8 46 0 0 0 0 45 -27 0 6 32 0 -27 9 8 37 0 47 0 -6 17 17 0 
-36 40 0 0 33 -14 43 -1 39 -20 0 -39 0 0 0 12 0 -44 0 27 9 -12 -26 -20 0 0 0 18 0 -33 35 0 0 28 0 0 9 0 4 11 0 0 -19 -23 0 0 0 -35 0 0 0 -32 -10 23 20 -25 -40 -23 -24 39 -35 0 -6 0 12 -7 0 0 0 0 0 0 -5 0 0 -41 0 27 0 0 34 0 0 0 0 -29 -25 49 -33 0 -40 0 15 -21 -45 0 1 -37 47 0 0 -6 -49 -13 -34 4 42 0 0 44 11 0 9 0 -20 0 -49 0 0 0 0 0 0 -1 -20 
-11 0 0 19 -37 -17 43 0 0 0 0 0 0 0 -24 48 16 -29 0 -11 0 6 0 20 0 0 0 11 0 0 0 24 27 0 -23 0 0 5 0 0 0 -23 -21 0 0 0 0 46 42 0 0 0 0 0 0 -39 0 -11 0 43 0 0 3 0 -42 8 21 0 0 -27 0 0 0 -36 -19 -23 45 0 0 0 -17 -4 19 1 -27 1 0 0 30 0 0 18 -41 -12 0 0 0 -34 0 0 -40 0 0 0 -46 0 0 16 12 0 -48 0 -26 -37 0 30 16 -5 0 0 -29 8 0 47 0 
0 0 0 0 0 0 0 -43 -49 0 35 0 -15 -25 0 0 -4 -48 0 0 30 -19 0 0 0 0 0 0 21 11 0 0 -42 3 30 0 36 0 0 -45 -19 -21 46 -6 0 0 0 15 0 1 2 4 0 0 0 -48 37 1 -1 -43 23 0 0 -27 -43 0 -45 0 44 47 0 0 3 -27 -27 -36 0 0 0 -43 -26 34 0 8 -17 -6 0 -20 0 0 0 5 36 0 0 0 34 0 0 1 23 42 0 0 0 0 7 0 0 2 19 19 25 3 0 -43 0 0 0 45 14 -14 -23 0 0 
-22 0 0 26 0 0 0 -6 -28 0 41 0 0 38 0 -16 -6 -34 19 0 0 13 2 0 0 -25 -46 -1 -22 0 -23 0 20 13 -22 44 0 0 44 0 -23 0 -6 45 0 0 0 0 27 0 0 0 -10 -36 -23 0 0 43 0 -15 0 -47 -31 0 0 0 -26 0 -50 0 -18 34 0 -35 -7 44 11 0 -7 0 0 -47 0 0 29 6 0 -29 -39 -2 4 0 -10 12 0 4 0 -19 0 31 -31 -18 0 0 27 0 0 3 -14 37 0 -29 -27 12 0 27 0 42 43 28 0 38 -22 0 28 
47 0 47 13 0 -45 -4 0 -11 19 0 32 -45 44 0 45 0 -3 0 -49 -49 0 0 28 -26 -31 37 19 -49 0 0 0 -48 0 0 0 0 0 0 6 0 0 0 0 0 47 45 -30 6 -31 0 -33 -8 -50 0 0 0 0 16 0 0 -28 0 0 0 0 0 -34 1 0 -44 27 0 42 0 21 0 0 0 31 0 0 0 34 0 34 27 0 0 41 0 -15 -39 0 34 0 0 0 2 -46 11 0 29 0 0 1 0 0 14 -29 38 0 0 -48 34 0 0 0 0 0 -3 24 48 0 0 
0 0 -32 0 0 8 0 -42 0 27 0 0 -42 0 -42 17 40 0 0 0 25 -19 0 0 0 27 0 -2 0 0 36 40 -42 0 0 -33 0 -19 11 0 0 0 0 0 47 40 30 -46 8 -35 -22 -36 16 0 0 -48 20 0 -31 -7 -27 19 0 -25 29 0 0 0 0 -45 -15 9 0 7 0 0 0 -6 -37 0 -13 30 -34 0 20 -27 0 0 0 0 29 0 -34 -3 37 -26 33 9 0 22 0 32 21 13 36 -3 0 -23 0 0 0 0 3 -13 0 0 0 25 0 0 0 20 -27 0 -26 
5 0 -34 0 0 0 40 45 0 -30 0 0 0 3 0 0 -7 35 0 22 13 15 -21 0 0 0 44 0 0 33 13 0 0 26 0 0 -37 -33 28 -26 0 0 0 0 45 30 0 0 15 6 0 0 12 0 0 -5 30 8 0 0 44 0 0 0 42 -18 21 0 -21 -30 0 0 0 0 0 0 -14 38 -39 21 31 9 0 -8 20 0 -11 0 -40 0 0 0 0 -43 27 6 18 0 26 0 21 0 0 0 0 41 0 17 -38 0 0 -38 -27 27 0 0 42 0 0 14 -24 0 0 0 0 
0 43 44 0 0 23 0 -24 -25 30 0 28 0 0 0 49 44 0 -29 0 31 -21 0 0 0 0 50 -21 49 24 0 0 42 0 0 0 10 13 32 -46 -35 46 15 0 -30 -46 0 0 0 0 -25 -28 0 0 0 0 0 37 14 0 0 -20 0 -40 38 -21 0 -3 30 0 0 37 0 25 23 24 12 41 0 17 0 50 0 42 6 -48 0 -28 0 40 9 0 24 0 0 0 -49 0 -11 0 17 0 0 43 0 0 0 48 13 0 0 0 -45 0 35 38 3 0 14 11 0 4 50 0 33 
22 44 0 0 -8 44 0 6 0 0 0 0 42 0 0 0 0 0 4 0 0 48 -17 0 0 0 -12 -21 0 0 -14 0 0 0 0 27 16 0 23 4 0 42 0 27 6 8 15 0 0 -43 37 18 -50 0 48 12 -18 -40 0 -48 0 0 46 27 -13 0 -14 0 -1 0 0 0 0 40 0 50 0 -15 0 0 0 17 26 11 0 6 0 0 14 -41 0 -26 0 -38 0 1 44 34 0 0 -37 -36 0 14 0 -28 -19 38 0 0 22 0 0 0 38 0 0 29 -31 0 28 38 -44 0 0 
0 0 0 0 -9 0 0 7 0 35 0 -47 43 -13 0 49 4 0 -3 27 0 17 3 0 29 0 0 -3 0 0 0 19 0 31 0 -29 27 50 41 -6 0 0 1 0 -31 -35 6 0 -43 10 6 -9 -18 0 0 0 -14 -10 0 0 -33 0 0 0 -41 0 0 0 0 -19 20 -8 -24 8 0 48 7 0 46 1 0 -34 0 -19 -25 -36 0 0 19 -26 0 0 -46 0 0 0 -18 0 17 -34 0 0 49 0 0 0 -49 0 0 0 -20 0 4 0 39 32 0 0 0 0 0 -48 46 0 -4 
31 0 0 0 18 49 41 0 0 -28 35 44 12 0 0 -4 3 -38 0 0 0 30 0 0 -24 4 -3 0 0 0 0 0 0 0 0 18 -37 16 -16 -27 0 0 2 0 0 -22 0 -25 37 6 0 -12 10 -13 16 1 0 -41 0 0 0 0 0 30 16 0 39 0 0 -8 0 -14 -27 -14 -35 0 34 0 20 15 0 0 0 0 0 25 0 0 -15 -4 0 0 10 18 -15 0 18 0 0 5 0 0 0 0 0 48 0 -42 44 -26 -14 8 0 0 35 0 20 0 21 25 4 -48 0 -37 27 
0 -32 0 45 0 0 0 -21 0 0 1 27 0 -30 -30 10 0 46 0 0 0 3 0 0 -40 27 0 0 0 13 -48 0 -7 0 0 -33 -25 33 0 0 -32 0 4 0 -33 -36 0 -28 18 -9 -12 -3 0 0 0 0 16 -18 -19 0 -20 0 36 0 38 -31 0 4 -33 12 37 7 0 10 -4 0 0 0 0 14 0 0 39 0 -26 0 9 21 -22 6 -47 -47 0 -33 35 21 0 0 -24 0 0 0 50 45 0 -21 -4 6 7 -21 20 0 10 0 0 0 0 23 0 15 0 -7 0 42 0 
-40 0 -8 -20 0 0 -3 21 35 0 0 -32 49 -22 0 0 -19 10 0 0 0 43 0 -20 0 13 33 24 -2 0 -34 0 0 -5 0 0 0 0 0 0 -10 0 0 -10 -8 16 12 0 -50 -18 10 0 0 0 0 11 -8 0 0 0 -31 19 0 -39 -15 0 0 0 -1 0 25 0 -35 -21 0 -32 0 -46 0 37 0 35 0 0 41 38 0 -3 -4 -14 0 -42 4 23 0 0 0 0 -41 37 -40 0 -8 0 15 0 49 0 0 0 0 0 0 0 0 0 0 3 -39 0 0 0 0 0 -23 
15 -50 0 20 -44 20 -31 12 0 13 17 3 -49 -32 0 0 0 49 0 25 0 -1 -11 -4 3 6 8 0 16 50 45 0 0 0 0 26 0 3 -11 40 23 0 0 -36 -50 0 0 0 0 0 -13 0 0 -17 -40 -50 -15 25 17 0 1 -22 0 0 5 0 7 46 0 -42 -40 0 0 -50 -10 30 -32 -2 0 30 -10 4 -44 27 0 0 0 0 0 17 46 0 0 0 0 46 -39 24 34 0 28 -9 0 -40 0 -10 0 -39 0 0 -27 0 -5 -2 0 0 0 46 17 -6 0 0 0 0 0 
0 -46 -31 14 0 0 26 -13 -9 -18 47 0 0 0 26 0 2 0 -49 30 0 0 26 0 0 0 0 0 0 0 0 0 0 0 -42 0 0 0 0 38 20 0 0 -23 0 0 0 0 48 0 16 0 0 -40 -11 -2 -32 -47 0 0 0 0 0 12 -33 -25 0 18 -34 0 0 0 -21 -46 46 29 0 0 0 -17 42 48 0 0 0 0 0 3 46 -16 0 16 0 -15 -35 0 38 0 0 3 -4 -20 0 43 18 -42 -42 0 0 0 17 47 0 0 0 -40 0 23 0 0 0 -12 0 0 0 
0 13 0 -45 0 -10 17 5 49 0 -36 0 0 27 46 0 0 0 43 0 0 0 0 0 11 42 -22 -5 0 0 0 -5 0 0 0 -1 0 -47 -2 13 -25 -39 -48 0 0 -48 -5 0 12 0 1 0 11 -50 -2 0 5 -35 41 -24 0 0 22 0 0 0 0 -40 -29 0 0 25 0 0 0 -25 4 0 45 0 0 0 0 0 30 29 0 -4 0 0 27 0 -48 33 0 -8 0 0 -32 0 40 0 0 0 50 0 -39 9 41 0 27 41 0 45 -14 0 0 0 -44 0 0 -9 0 32 -11 
-43 0 0 47 0 -30 0 0 9 -31 0 -24 0 -47 -17 31 -14 0 36 0 -29 0 -2 0 47 -40 31 15 -34 0 0 37 0 -27 26 0 0 -9 0 0 -40 0 37 0 0 20 30 0 -18 -14 0 16 -8 -15 -32 5 0 26 45 0 26 -21 21 47 9 0 32 -17 -14 -17 28 0 0 0 0 7 -18 -43 0 0 0 0 -9 32 17 0 -26 39 0 0 0 0 0 0 23 0 0 42 0 -42 0 10 0 -23 -15 28 25 0 8 0 -4 0 0 -24 -5 0 0 36 7 18 0 6 0 0 -43 
-27 33 5 0 -15 0 0 0 15 0 -17 -38 -27 0 -28 18 -32 0 0 0 0 21 0 -26 0 19 -34 0 0 0 0 -36 4 0 0 0 37 -45 6 0 -23 -11 1 43 0 0 8 37 -40 -10 -41 -18 0 25 -47 -35 26 0 0 0 0 -7 28 0 -36 6 9 -27 39 0 36 -48 20 0 0 0 -50 4 -9 43 45 35 0 0 0 0 -27 -7 0 15 0 0 0 4 0 0 0 0 0 36 0 -12 40 -42 35 17 0 0 1 0 1 0 0 -26 1 0 -10 23 0 -47 -25 0 22 28 33 
-2 0 0 -50 24 -2 35 0 0 1 -22 -22 2 0 0 9 -35 23 0 -9 0 29 0 0 0 0 0 0 16 0 0 12 -18 0 -1 0 -31 34 0 0 -24 0 -1 0 16 -31 0 14 0 0 0 -19 0 17 0 41 45 0 0 0 0 14 -30 27 32 0 0 0 0 14 0 19 0 0 0 0 0 0 -5 0 0 0 -47 0 0 0 -26 0 1 23 0 24 11 0 35 41 17 0 43 -49 0 0 0 12 0 23 24 -45 -50 24 -5 0 0 0 0 0 45 -19 34 6 -29 0 0 31 21 
0 0 -37 -29 -23 38 -32 0 0 -48 0 0 -3 0 38 0 0 44 14 0 0 -5 0 0 0 0 -27 0 0 0 0 -16 -19 0 0 -1 0 -47 0 0 39 43 -43 -15 0 -7 0 0 -48 0 0 0 0 0 0 -24 0 0 0 44 40 0 0 0 2 0 0 0 35 0 0 0 0 0 34 0 0 39 -17 -5 0 -32 -26 3 2 0 0 8 0 0 -9 0 40 6 0 0 0 0 0 0 0 -25 0 -9 0 16 -31 45 -36 0 0 38 -5 0 -35 0 19 0 44 4 -50 -7 0 0 0 
0 -31 24 0 0 -9 42 0 0 -41 -38 0 0 -28 -19 -20 0 -17 0 0 0 -27 39 26 -47 0 0 -18 0 -42 0 0 1 0 -49 0 -24 0 -50 0 -35 0 23 0 0 -27 44 0 0 -33 0 -20 -31 1 0 0 26 0 0 40 0 -42 39 0 -22 -10 11 0 22 -19 -9 0 21 0 39 -48 -3 0 17 24 -12 -42 0 0 0 -19 0 0 -2 0 0 0 16 16 0 17 -35 -40 -2 -35 0 17 -27 0 -37 16 -15 0 -23 0 6 -42 -16 5 25 -9 -24 43 0 28 -13 0 48 0 -33 
47 7 0 0 -41 0 -14 0 0 30 0 0 0 0 0 0 0 -48 0 -12 0 0 33 13 0 0 12 0 23 0 -42 0 -47 0 28 -18 -46 0 0 -40 0 0 0 -47 -28 19 0 -20 0 0 0 0 19 -22 0 0 -21 -7 14 0 -42 0 44 0 0 -26 50 0 0 43 0 0 -45 0 -21 0 0 -27 10 -30 44 -25 0 0 0 27 30 19 0 0 0 0 0 -14 43 -42 5 0 -20 37 -33 -3 0 0 11 24 5 24 27 0 0 0 0 0 24 11 0 -25 0 0 -38 0 -35 0 -40 
3 0 0 -42 0 -48 0 7 0 0 0 -39 -18 0 0 -42 5 0 0 13 15 0 0 0 38 0 0 0 -19 -21 11 -25 -19 -1 0 0 48 4 47 0 -6 3 0 -31 0 0 0 0 46 0 0 36 0 0 0 22 21 28 -30 0 39 44 0 49 0 15 0 -29 41 0 0 12 0 -10 0 0 0 0 0 0 0 19 24 0 0 0 0 0 0 -47 0 -43 0 11 44 -45 40 -26 0 2 0 0 0 0 0 6 -14 0 -28 32 0 0 0 0 0 40 10 0 26 0 0 -5 0 35 0 
37 0 -14 50 42 44 0 8 0 -50 34 -40 0 0 -13 0 0 35 0 0 43 0 0 20 32 -34 0 0 38 0 27 17 -39 0 0 9 -33 -20 -11 0 0 0 -27 0 0 -25 0 -40 27 0 30 0 -39 0 12 0 47 0 27 0 0 0 49 -48 0 0 38 -10 0 26 0 25 -46 0 41 0 -22 31 0 0 -1 0 3 4 0 0 -30 13 24 0 12 -17 0 0 -9 -5 0 -37 0 0 0 0 0 -27 -41 -22 0 0 0 0 -43 0 17 0 0 0 0 0 0 20 0 11 -50 0 0 
0 0 0 -44 0 39 0 0 0 0 -39 0 -8 0 0 -11 3 26 0 49 0 -47 -15 0 0 0 22 49 0 0 0 -28 -12 1 0 -16 3 0 0 0 12 -42 -43 0 0 29 42 38 -13 -41 16 38 -15 5 -33 0 9 -36 32 2 -22 0 0 0 0 0 0 16 0 0 0 26 -3 0 29 9 0 45 0 -10 0 0 -25 0 0 0 -42 0 0 0 -27 25 0 4 0 0 0 0 -6 -30 31 0 0 -24 3 -46 -32 0 10 43 0 -16 0 -43 22 -4 0 0 -20 0 -2 -12 0 -22 0 
-9 -19 8 6 1 -35 0 15 0 0 0 -30 0 0 0 0 0 0 0 15 0 0 0 0 -17 0 0 0 0 0 4 38 0 32 -47 47 -44 0 0 0 -7 8 0 0 0 0 -18 -21 0 0 0 -31 0 0 -25 0 0 6 0 0 -10 -26 15 0 0 -6 0 0 -28 0 0 0 0 0 0 -5 0 -2 -10 -32 0 0 -42 -25 0 0 17 -37 0 0 27 0 33 0 0 0 0 0 0 0 0 0 0 -48 16 0 -50 -44 0 0 0 -3 -15 0 13 -45 26 -29 0 50 0 1 0 0 0 
3 0 -13 0 0 31 0 3 0 -5 0 -14 0 34 0 0 0 44 0 0 0 0 0 0 0 0 0 19 0 -50 18 0 0 -43 0 -23 -41 -34 32 0 0 21 -45 -26 0 0 21 0 -14 0 39 0 0 7 0 0 32 9 0 0 11 50 0 38 0 0 -21 0 0 0 4 0 0 16 0 0 41 0 -3 0 0 39 0 5 0 -20 32 0 0 42 45 22 0 0 0 37 0 0 22 33 0 28 0 28 0 -31 33 0 0 -47 -50 0 5 31 6 -42 0 -23 10 -49 0 -18 0 0 9 
-18 13 22 -33 -6 42 -15 -13 8 -24 0 0 -32 19 11 32 17 -20 14 0 0 26 0 0 0 -36 21 -11 44 33 0 39 30 10 19 6 34 29 -19 0 0 0 0 0 -34 0 0 -3 0 0 0 4 0 46 18 -40 -17 -27 0 0 0 0 -29 -10 16 0 0 -48 0 0 0 -5 30 -8 0 -45 -30 -22 -30 0 0 0 0 0 0 -47 0 27 0 0 0 0 -36 0 -8 -31 0 -41 0 50 34 38 0 0 -38 -38 -47 -1 -38 0 12 -26 42 0 0 33 0 0 22 0 0 35 30 -38 -19 
50 24 0 0 -29 0 -27 41 0 -34 0 0 38 0 18 -17 19 -2 29 -22 0 0 0 0 -25 0 0 -6 11 21 33 -15 31 38 0 0 0 0 26 27 0 0 44 -50 1 0 -21 30 -1 0 0 -33 -1 0 -34 -29 -14 39 0 35 22 0 41 0 0 -28 0 0 -13 0 0 0 0 0 15 0 -26 49 0 0 0 0 -3 30 0 0 0 0 -8 0 0 0 -38 34 0 3 0 -19 0 5 29 -38 -30 0 0 50 -44 0 0 38 0 43 0 0 2 0 -11 0 -42 0 13 44 0 0 34 
0 0 30 -50 50 0 19 0 0 -26 0 0 -20 0 0 -40 42 -40 -15 8 0 24 0 0 25 0 0 1 -1 -36 8 -34 0 0 0 34 -6 0 -38 0 0 -27 47 0 0 -45 -30 0 0 -19 -8 12 0 -42 0 0 -17 0 14 0 -19 43 0 26 0 0 0 0 0 -37 0 -47 0 -14 0 0 -6 39 0 0 29 0 0 1 0 0 15 -6 20 0 -24 0 -8 -6 1 13 0 0 -7 -45 0 9 0 13 22 0 0 0 0 0 0 0 0 0 7 0 9 0 40 -19 0 0 -5 0 0 
-30 0 0 0 -14 0 0 17 -43 0 -2 0 0 0 -2 15 -12 0 -30 20 0 0 36 0 0 0 0 -47 0 0 0 6 15 38 -21 0 0 0 41 0 0 0 0 -18 -44 -15 0 0 0 20 0 37 25 -40 0 0 28 36 0 0 -9 0 0 0 0 0 4 0 0 0 0 0 -37 -46 26 5 0 0 0 0 36 0 11 -22 0 0 0 46 -6 43 21 0 0 19 0 -13 0 -9 0 -34 -33 0 0 0 46 0 21 -14 0 -31 0 0 0 44 -14 30 18 -43 0 -35 0 0 0 0 -1 
0 0 8 0 0 0 0 -30 -35 0 0 -33 0 0 0 -26 25 39 3 12 -29 0 0 34 0 0 0 0 0 7 0 0 26 0 0 0 0 12 0 0 0 0 0 34 27 9 0 37 0 -8 -14 7 0 0 0 25 0 -48 19 0 0 0 12 25 26 0 0 -5 0 -47 0 0 0 12 0 0 0 -15 -8 0 0 29 -10 4 0 0 -16 0 0 0 39 -44 2 0 0 0 50 33 0 13 0 -2 -2 12 23 0 -22 -29 1 0 0 0 0 0 0 0 42 23 0 -18 0 0 23 0 0 
49 0 0 0 0 -15 -4 -44 41 0 0 24 -33 -35 0 0 23 0 -42 -10 26 30 0 0 -41 39 12 -41 0 18 0 0 -43 0 0 16 0 42 -12 0 -5 0 3 0 0 0 0 0 0 -24 -27 0 -35 0 -21 0 0 20 0 0 21 -45 0 -46 -3 0 0 30 0 0 -37 0 0 0 0 45 0 38 0 0 0 39 0 0 32 0 0 -7 0 0 0 0 0 -40 0 0 0 0 0 0 -29 0 0 0 0 29 -23 43 19 0 0 0 0 0 -3 -29 3 0 0 0 0 0 13 0 45 
-45 -19 -2 0 -21 0 42 0 0 0 10 -1 41 -2 0 0 0 0 21 0 0 0 -13 0 -4 0 48 0 0 0 45 -46 -30 0 34 25 0 13 0 -7 0 -36 -27 -35 42 7 0 25 40 8 -14 10 -21 -50 -46 0 0 0 0 0 0 0 -10 0 0 0 16 -8 0 -14 -46 12 0 0 0 25 -46 0 5 4 0 -49 -4 0 -38 0 0 0 0 0 -4 0 0 -39 0 34 -47 -6 3 -12 0 0 0 0 0 0 0 -31 0 -11 0 -15 0 0 0 0 0 -36 0 38 20 9 0 -27 -25 
0 0 0 50 -8 8 0 48 0 0 10 -20 0 -29 0 -6 0 0 16 -39 18 0 36 36 -42 0 -49 -41 -33 0 48 37 0 0 -40 0 0 0 14 0 0 -19 -27 -7 0 0 0 23 0 0 -35 -4 0 -10 46 0 0 0 0 34 39 -21 0 41 29 0 0 0 15 0 26 0 0 0 0 0 -29 28 0 6 -28 40 0 -11 0 -23 0 0 43 -48 -8 6 0 12 -35 45 0 17 12 4 0 0 0 0 5 -33 35 0 0 50 44 -18 0 20 -11 30 0 30 0 0 0 -12 0 0 0 
-33 24 0 0 43 14 -32 -11 30 -42 0 0 -25 0 0 49 -20 0 -4 0 -3 0 0 34 0 0 0 39 -14 -22 4 -13 0 -26 -43 0 -9 -20 40 0 -41 -23 -36 44 21 0 0 24 50 48 0 0 -32 30 29 -25 7 0 0 0 -48 0 0 0 9 -5 0 -45 0 0 5 0 45 25 0 -34 0 0 0 -32 0 0 0 34 0 0 -29 -2 44 -41 0 6 0 -44 0 -13 0 -42 46 -10 -49 9 17 -27 46 0 42 32 -47 0 -3 0 -1 0 -45 0 0 -47 10 0 0 -45 -7 0 0 
0 9 -22 -40 0 4 37 0 0 0 0 -25 -28 -8 23 -1 18 0 -50 13 34 0 -14 5 -39 -32 -47 0 0 -44 31 -40 18 -41 -46 0 27 1 -31 -36 0 45 0 11 0 0 -14 12 0 7 34 0 0 -32 0 4 -18 -50 0 0 -3 0 0 -22 0 0 41 -30 -26 -6 0 0 0 -46 -29 0 0 -30 30 0 0 0 -28 36 0 0 0 0 32 0 0 -26 29 0 0 0 0 0 0 -31 -38 -37 0 0 -15 46 -2 0 0 0 0 40 10 0 0 0 -15 0 48 0 38 -42 0 47 49 
-6 4 0 -32 0 40 0 5 -38 27 0 0 2 0 24 0 0 -37 0 33 0 7 9 -28 0 0 0 -37 -18 0 0 -29 -33 0 24 0 32 32 0 0 27 0 0 0 0 -6 38 41 -15 0 0 0 -46 -2 0 0 -43 4 0 39 0 -27 0 31 45 -2 0 -22 49 39 0 -15 38 0 28 0 -30 0 0 -13 0 0 0 0 0 36 -3 0 0 0 -15 0 0 -2 -44 0 14 50 -1 0 0 0 -10 12 -27 0 -39 2 -28 -42 41 -41 -22 0 -34 0 12 0 24 0 -31 0 -37 0 0 
0 24 11 9 0 26 -8 24 0 49 0 -27 -10 20 0 -5 -8 0 0 45 5 0 0 0 0 0 0 0 -47 0 0 -40 0 0 0 0 37 0 0 0 0 0 0 -7 0 -37 -39 0 0 46 20 0 0 0 0 45 0 -9 -5 -17 17 10 0 0 0 -10 -3 -30 0 0 0 -8 0 5 0 0 30 0 0 0 0 0 22 0 0 1 0 0 0 0 -42 0 -5 0 34 -2 0 0 -29 0 0 20 0 42 -2 -15 -41 19 0 39 0 -36 0 0 26 -12 0 16 0 0 1 0 0 0 0 
11 0 42 19 0 0 0 0 23 -18 0 0 0 3 0 0 50 0 0 0 0 0 0 36 4 -38 44 15 3 -21 21 0 22 -40 26 31 -42 0 21 0 0 0 -43 0 31 0 21 17 0 1 15 14 37 30 -17 0 0 43 0 -5 24 -30 0 0 -10 -32 0 0 0 0 0 0 0 4 6 -32 0 -13 0 -14 2 29 0 0 3 0 0 0 0 0 -43 0 -1 0 0 0 0 0 -23 0 0 0 27 35 -45 0 -1 0 0 -45 -13 0 0 1 0 41 0 -4 0 0 0 0 0 14 0 
38 -25 17 -29 7 0 -14 0 -15 0 0 0 -36 0 0 0 -12 9 0 0 -50 -32 0 0 18 31 -33 0 0 0 0 44 -45 0 3 -2 0 0 38 0 34 -17 -26 0 0 -13 31 0 0 0 0 0 0 -10 42 0 0 45 0 0 -12 44 0 -1 0 0 0 0 0 29 36 0 0 0 -28 0 0 0 0 2 50 0 0 6 4 -7 -34 50 0 44 32 0 0 -39 0 11 6 0 -29 0 18 1 -34 7 0 1 21 -8 0 0 -6 0 -8 20 0 0 -15 -18 0 0 27 0 -12 0 0 
18 0 49 12 2 28 0 0 -46 48 25 -25 -20 49 0 0 0 -3 0 0 0 12 0 0 0 10 -25 0 -35 0 -24 0 0 25 -12 39 0 -48 48 0 0 -4 34 -47 0 30 9 50 17 -34 0 0 35 4 48 0 0 35 0 -32 -42 -25 19 0 0 0 39 0 0 0 0 29 39 -49 40 0 0 0 0 29 0 0 50 -23 -6 0 0 34 0 0 1 0 38 0 0 0 5 0 -27 -37 0 -45 -3 -8 -22 0 -19 0 40 0 -41 0 0 0 10 0 -29 0 -39 6 0 0 0 0 0 
0 0 0 0 0 0 -47 0 0 -35 0 0 -45 0 -29 0 -9 -38 0 0 0 27 0 0 27 0 0 6 43 0 0 0 0 -12 4 0 -46 0 -21 37 0 19 0 0 0 -34 0 0 26 0 0 39 0 -44 0 0 -9 0 -47 -26 0 0 24 3 -25 -42 0 0 -3 0 11 -10 0 -4 0 0 -28 0 22 0 0 50 -42 2 10 0 0 0 -40 0 0 -36 22 23 38 0 50 18 24 0 -41 0 -19 -47 0 42 0 0 0 0 -37 27 38 0 0 -20 25 0 0 0 48 -29 5 -7 0 
6 0 0 0 -30 0 15 0 0 -25 0 0 40 0 0 -10 44 -35 0 -43 0 0 -43 -39 0 -12 -9 0 40 44 0 -40 14 0 0 0 0 0 15 14 0 1 8 0 34 0 -8 42 11 -19 0 0 0 27 0 0 32 0 0 3 0 0 0 4 0 -25 5 0 30 1 -22 4 0 0 -11 34 36 0 0 0 6 -23 2 40 0 0 0 0 39 0 0 30 0 0 0 14 -16 30 49 0 -37 0 0 26 0 23 0 23 0 22 0 0 0 -17 0 0 0 0 -49 -32 11 -5 0 33 0 
-1 0 -39 12 0 43 0 18 -49 0 0 0 -15 7 0 0 8 0 6 0 0 -7 0 14 -40 0 27 0 7 0 0 18 0 -1 0 0 7 -16 0 0 0 -27 -17 29 0 20 20 6 0 -25 0 -26 41 0 0 30 17 0 0 2 0 0 0 0 0 0 0 0 0 0 0 0 32 -38 0 0 0 0 0 3 4 -6 10 0 0 -22 21 0 46 -44 12 -33 0 -41 0 0 43 49 -41 0 -16 0 16 31 0 23 1 6 5 -20 0 -19 0 0 0 0 -37 2 -35 11 5 18 0 -33 0 
0 0 0 -29 -4 28 18 33 0 0 16 -28 -24 33 0 0 -8 0 12 0 0 0 0 0 0 0 0 12 -37 -19 0 0 0 -3 0 50 0 41 0 -40 -29 1 -6 6 34 -27 0 -48 6 -36 25 0 38 0 0 29 0 0 0 0 -19 27 0 0 0 0 -20 -47 0 0 0 0 0 0 -23 0 0 36 1 0 -7 0 0 0 -22 0 0 -2 0 0 0 0 0 0 0 -43 -6 0 0 0 26 0 0 0 10 0 -34 -38 8 -10 -15 0 0 -18 0 0 -25 0 0 -35 0 24 0 26 0 
-8 0 43 0 -4 0 -33 0 0 0 0 0 8 0 0 -14 0 0 44 23 0 16 0 22 0 -8 0 0 0 0 1 0 0 35 0 -19 0 49 -41 -2 -25 0 0 0 27 0 -11 0 0 0 0 9 0 0 0 0 -26 -27 -26 0 0 30 0 -30 -42 17 32 0 0 15 0 -16 0 0 0 -29 0 -3 0 0 -34 0 0 0 21 0 46 0 0 0 0 0 0 0 -31 0 0 0 -4 -26 0 -32 22 -1 0 0 0 0 0 0 -25 41 0 -23 0 0 -8 0 44 -43 -42 0 43 -43 0 
32 1 17 8 -8 0 0 0 13 0 0 0 14 0 45 37 0 0 0 0 0 0 0 -50 -47 0 -2 46 -44 0 0 0 12 0 11 0 16 -10 0 35 49 0 -20 -29 0 0 0 -28 0 0 0 21 -3 0 3 -4 39 -7 0 8 0 19 0 13 0 -37 0 27 0 -6 46 0 -7 0 0 -2 0 0 0 0 50 34 0 0 0 -2 0 0 0 0 0 20 0 -4 4 21 44 21 0 0 0 0 0 0 0 -38 -11 0 0 -31 -24 29 46 0 0 0 0 -34 -24 0 0 27 0 0 0 
50 -11 0 0 43 5 31 -31 0 38 0 0 0 19 13 0 -5 19 -5 31 0 0 0 32 0 9 0 0 0 0 0 0 0 -9 0 22 -12 -13 42 0 -33 30 0 -39 0 0 -40 0 14 19 -15 -22 -4 0 46 0 0 0 1 0 -2 0 0 24 0 0 0 0 -8 20 -6 0 0 0 43 44 32 0 0 0 0 0 -40 39 46 0 0 0 0 -41 46 -15 0 0 -43 0 -28 -3 0 0 0 0 30 0 0 0 0 -11 0 0 0 39 0 -34 20 0 0 37 0 0 0 11 0 0 0 
11 0 0 13 36 0 -37 0 0 50 0 -47 -47 0 0 0 -39 0 15 0 -15 0 0 12 0 0 0 -28 0 -43 0 -12 0 47 0 0 0 0 0 0 0 0 0 -2 41 0 0 40 -41 -26 -4 6 -14 17 -16 0 0 15 23 0 0 0 -47 0 0 0 42 0 0 0 43 0 0 0 -48 -41 0 0 0 0 44 0 0 0 -44 0 0 0 -41 -32 21 -48 -14 0 0 -16 -9 37 0 20 0 0 -48 21 0 0 0 0 0 -12 -3 8 -16 0 -44 25 1 0 0 0 0 40 0 -11 0 
0 19 -50 0 0 -2 -28 0 -27 0 23 0 0 4 -22 1 0 0 -32 -48 0 0 42 0 0 32 44 17 0 0 0 -28 0 0 0 -46 38 23 17 49 -40 0 0 4 0 29 0 9 0 0 0 -47 0 46 0 27 0 0 0 -9 0 0 0 12 -27 27 45 0 0 -24 21 39 0 -4 -8 0 0 -15 -42 -43 32 1 0 0 12 0 0 0 46 21 17 -6 25 -22 0 0 0 31 38 0 -20 0 0 0 0 0 0 -11 5 45 8 31 0 -20 27 50 0 0 19 0 28 0 -40 0 0 
-30 1 0 -12 0 -44 -37 -12 0 -34 0 42 49 28 0 -1 11 22 -27 -48 -40 22 -49 44 0 -34 44 0 -10 0 0 0 0 44 -32 0 0 -13 0 19 0 18 5 0 -15 0 0 0 -26 0 0 -47 -42 0 16 0 0 0 24 0 0 0 -43 -17 25 0 22 0 0 0 0 -44 0 0 6 6 -26 0 0 0 0 0 -36 30 -33 0 0 20 -15 -48 -6 0 -22 0 0 -2 0 0 0 -50 0 0 0 0 2 22 -49 17 -43 0 -4 14 33 -7 0 30 35 -1 0 0 39 -5 0 -29 -39 
-28 34 -22 0 -22 0 -47 0 -9 0 -40 0 -30 -28 23 17 0 0 34 0 6 0 -13 0 0 0 0 0 6 0 4 0 14 28 -2 -17 0 0 -34 0 15 -41 36 -10 -39 -34 0 24 0 -46 10 0 4 0 0 -48 0 0 11 40 16 0 0 0 0 33 0 -36 -38 -8 0 2 0 0 0 0 29 0 -5 -1 0 38 22 0 0 0 0 0 0 -14 25 -22 0 -14 -46 0 0 0 17 0 0 0 0 27 0 26 -2 50 0 -24 1 0 1 0 24 -12 0 0 0 1 -3 0 0 -45 0 
0 0 -12 0 -15 -43 34 21 47 0 -11 -14 -19 0 0 33 0 -30 0 -1 31 -34 50 -43 -9 -38 32 -42 -7 0 0 0 39 -15 21 0 0 10 0 0 -21 -12 0 12 0 -3 -43 0 -38 0 18 -33 23 0 -15 33 0 4 0 6 16 -14 11 0 4 0 0 0 34 -6 19 0 -40 -39 12 -44 0 -2 0 0 -39 0 23 0 -41 0 0 -4 0 0 -22 0 -14 0 0 -13 20 19 0 -26 -45 -36 -32 0 0 0 -42 0 0 21 4 0 -17 0 0 -13 0 23 -16 0 -35 0 15 29 0 
29 49 0 -3 0 23 -41 -19 0 0 0 18 -13 19 0 -32 -27 37 -34 11 -26 0 0 -39 -26 0 18 -15 0 -4 0 21 0 -32 0 0 0 -17 0 0 -45 0 0 0 34 37 27 0 0 0 -15 35 0 0 -35 0 23 0 35 0 0 43 44 -9 0 0 0 -8 0 1 0 0 0 0 -35 0 0 -44 34 0 0 0 38 0 0 0 -31 4 -43 0 0 0 -46 0 21 -11 32 0 0 37 0 39 0 41 0 0 0 -43 6 0 0 0 0 -24 -44 29 0 0 -47 0 -45 0 -48 0 0 
-6 0 0 42 -34 34 -37 0 -2 0 -18 -40 0 41 40 0 0 -17 0 -8 9 0 35 0 2 12 -6 0 18 0 0 0 0 -9 -35 -21 0 -29 15 0 0 0 0 4 0 -26 6 0 1 0 0 21 0 46 0 -8 0 0 41 0 17 -42 -45 -5 0 0 37 -31 3 13 -13 0 0 34 45 -13 0 0 -2 0 11 0 0 14 0 -43 0 21 0 -16 0 -2 0 -13 -11 -37 -28 27 -46 0 28 0 0 10 -36 0 0 -19 0 8 0 -24 -28 0 0 -16 12 0 -22 0 -14 0 33 0 14 
-34 19 0 -15 0 0 -10 -10 0 -11 -47 -26 0 0 21 26 0 32 0 -37 0 18 0 -24 0 25 0 0 0 0 30 -43 -32 0 0 0 -1 0 0 0 1 0 34 0 0 33 18 -49 44 -18 18 0 0 -39 38 0 0 0 17 0 -35 5 40 0 0 0 0 0 0 0 0 50 0 -47 0 0 0 14 0 0 6 5 50 -16 43 -6 0 44 -28 -9 0 0 0 20 32 -28 -39 -18 -47 26 0 0 -23 3 0 0 0 0 0 0 -27 0 47 0 0 0 39 0 37 0 14 -8 0 43 0 
-50 34 0 -7 -18 -44 0 -6 -29 -38 0 7 -24 0 0 -42 0 46 0 0 -39 0 47 0 -11 6 34 1 0 0 0 0 -38 0 -17 45 -3 0 0 0 -37 -34 0 -19 0 9 0 0 34 0 0 0 0 24 0 0 42 0 0 0 -40 0 -26 -37 0 0 0 -41 -19 0 -9 33 0 -6 17 -42 0 50 0 0 0 0 18 30 49 0 0 21 -3 37 31 0 0 19 0 27 -18 0 35 0 -50 -24 0 -12 -37 38 0 0 46 50 0 -33 47 -29 -7 0 0 0 0 0 17 0 0 0 19 
0 43 0 0 0 0 0 -14 0 0 0 0 0 0 0 -3 24 0 0 -44 0 -42 0 0 -32 0 28 47 20 0 0 5 0 50 14 -34 -21 0 -8 8 47 0 0 0 2 0 26 -11 0 17 0 -24 -41 34 0 -32 0 0 43 0 -2 -20 0 0 -6 0 22 0 0 -7 0 0 0 3 12 46 0 -1 -29 -23 -29 -27 24 49 -41 0 -4 0 0 0 38 0 17 0 0 -46 -47 35 -31 -28 11 0 0 0 0 0 0 24 0 0 32 -48 0 19 19 -10 11 0 9 0 -48 0 0 0 0 
0 21 -38 -20 0 -10 -29 0 -13 30 0 0 0 -21 0 0 0 -10 0 -2 0 0 -1 0 -26 30 0 0 -24 0 0 -26 0 -5 11 -4 0 39 -2 -27 0 0 1 31 -46 22 0 0 0 -34 5 0 37 0 3 0 -42 36 -49 0 -35 37 2 0 -30 0 33 50 5 -45 -34 13 0 -12 4 -10 -31 0 0 0 0 -37 0 0 0 0 -26 0 0 20 0 -50 0 -26 37 0 26 0 -28 -41 -21 44 0 0 0 5 0 -19 0 43 0 -1 16 0 23 -29 0 36 0 49 0 35 0 13 -12 
9 0 -24 0 2 -45 0 -16 0 0 31 33 0 -24 -41 0 0 -3 -17 4 34 0 10 -29 0 0 13 0 0 -40 0 18 16 38 -5 0 -10 -42 0 0 0 -40 23 -31 11 0 21 17 -37 0 0 0 -40 28 -4 40 0 0 0 0 0 -33 0 0 31 0 0 34 29 0 -33 0 -29 0 0 -49 -38 0 0 0 18 0 -41 -37 -16 26 0 0 0 0 -20 0 0 -45 0 28 0 -50 11 -21 0 0 -48 23 0 6 44 6 0 0 0 49 24 -10 0 29 46 24 49 25 23 29 6 0 27 
0 -23 0 0 -48 0 8 0 0 0 37 13 4 -20 0 -1 0 0 3 0 0 0 0 0 0 0 -4 -27 24 23 0 0 0 0 1 0 0 -5 7 0 -6 0 42 -18 0 32 0 0 -36 0 0 0 0 -9 -20 0 10 -12 0 -25 17 -3 0 0 0 0 28 38 -38 9 0 -2 0 0 0 9 -37 0 20 0 1 -45 0 0 0 0 -32 0 0 0 0 0 0 -36 39 0 0 -24 0 44 0 -33 -47 -20 31 30 0 0 23 -49 0 0 3 0 26 0 0 44 -21 0 12 0 0 -3 0 
-23 47 34 22 19 0 0 45 0 26 0 0 -50 0 -47 47 -38 0 30 0 0 -41 0 0 0 0 0 0 0 5 27 -39 0 33 -41 0 0 15 0 -8 -49 0 0 0 29 21 0 0 0 49 0 50 -8 0 0 0 0 40 0 0 -27 0 0 0 0 0 0 0 -30 0 0 -2 0 0 0 17 0 -10 0 27 -34 -3 -19 0 16 0 22 0 30 -48 0 0 0 -32 0 0 -23 0 0 0 -48 -47 6 -26 -31 -30 -45 0 0 0 0 0 0 0 16 0 4 36 0 -8 -25 -18 -46 38 0 
29 -23 17 0 25 0 0 0 0 0 -33 0 50 0 -8 -45 0 32 0 21 28 -10 0 0 -37 49 -40 -45 18 -4 0 -32 -44 -44 0 0 0 0 0 46 -13 0 0 0 0 13 0 43 14 0 0 45 0 -40 43 0 -23 -42 12 -9 0 0 0 -27 -24 -48 28 0 0 13 0 12 0 0 0 -27 0 12 42 35 7 -8 -47 26 31 0 -1 0 0 21 0 0 27 0 41 10 3 -12 0 0 23 -20 -26 8 -30 -45 -6 -48 -22 41 -8 -5 0 11 -6 0 0 39 0 0 0 0 -25 -18 0 
0 6 0 0 0 0 0 0 0 29 6 24 0 0 0 2 0 9 0 0 21 -14 -17 -48 0 0 3 19 -27 0 0 0 2 37 -50 18 0 0 -14 0 -34 -46 0 27 0 36 0 0 0 0 0 0 15 0 18 50 -15 35 0 0 -37 11 0 -41 3 16 0 -38 0 22 46 23 0 0 5 46 -15 -27 -2 -45 0 -22 0 0 0 10 0 0 0 0 0 2 0 0 0 -36 0 -37 0 0 0 31 -31 -30 -38 -5 -21 -47 -34 -19 0 -1 0 0 0 -45 0 19 0 33 0 47 0 0 0 
0 -1 0 0 0 -6 0 -39 0 -27 0 0 -2 11 42 25 0 -29 29 0 0 0 0 -12 35 0 0 43 0 15 -5 0 -39 0 0 0 41 0 43 0 4 0 0 0 1 -3 41 0 -28 0 48 -21 0 -10 -42 0 28 17 23 16 16 24 6 -22 -46 0 -31 -38 50 0 0 0 29 0 -33 0 46 0 -15 0 1 0 42 23 23 0 0 -38 0 0 0 22 26 0 0 0 0 38 0 5 6 30 -30 -45 -5 0 -28 0 0 35 0 -36 0 0 0 -45 -29 0 35 0 0 43 0 -27 0 
50 0 6 0 0 -42 0 32 0 0 -41 31 -32 -27 -44 -22 -19 17 -1 0 0 -12 0 0 0 31 -15 49 -22 -36 0 0 -14 0 0 -10 0 0 0 0 42 0 7 0 0 0 0 0 -19 -49 0 -4 49 0 -42 -39 25 0 24 -31 -15 5 -14 0 -32 -50 33 -47 -44 0 21 -22 -23 0 35 42 -2 -39 -41 -1 21 -19 0 0 1 -34 0 -11 0 0 0 -49 -2 -42 0 0 0 0 0 0 44 0 -45 -6 -21 -28 34 0 39 17 31 0 10 25 -32 -49 0 0 0 -1 0 4 0 0 0 
4 0 -44 0 -36 37 -33 -32 8 0 0 0 12 42 0 0 0 0 0 -17 0 35 -46 0 0 13 0 -20 46 0 -40 0 0 17 2 0 0 -5 0 0 0 16 0 3 0 -23 17 48 38 0 -42 6 0 -39 0 9 0 0 -45 45 0 24 0 0 0 -44 0 -1 0 0 -14 -29 43 -31 0 32 0 2 19 0 -8 0 0 23 6 -38 0 0 -11 0 -11 17 50 0 -43 -19 0 0 24 -19 6 0 0 -48 -47 0 0 0 -34 0 -29 0 21 0 18 0 0 -7 0 0 0 23 0 0 38 
0 48 0 0 -31 0 4 0 7 -14 25 0 0 -25 27 0 -47 0 45 0 0 -15 0 -7 0 -28 27 -8 0 31 8 0 0 -6 -20 34 0 40 15 45 0 12 0 -14 14 0 -38 13 0 0 44 7 0 0 0 41 8 1 -50 -36 -23 27 -28 0 10 0 0 -38 0 0 0 1 19 0 0 -47 0 -28 0 0 0 40 0 0 5 8 0 0 0 0 5 -43 0 0 6 0 0 46 0 0 0 23 0 -22 -34 0 39 -34 2 0 0 0 6 0 -45 -24 0 0 -40 0 0 0 0 0 -9 
-27 0 0 -22 38 -44 0 0 -18 0 5 9 0 0 0 -25 -50 0 -34 -32 -27 4 0 42 0 0 0 0 0 -31 -17 -41 -43 16 -22 21 0 0 0 -27 44 0 2 37 -29 0 0 0 0 0 -26 -21 0 0 0 0 0 0 24 0 0 0 32 0 43 0 -47 0 38 0 -31 0 0 -11 50 0 0 -42 39 -45 0 0 0 22 -20 -10 0 -31 0 -12 45 0 -24 21 0 8 0 50 0 43 0 -49 0 41 -19 35 17 0 0 0 0 -44 0 0 0 -47 -23 0 21 0 47 0 -3 17 0 
0 5 0 42 0 50 -23 -24 48 11 9 -19 -4 0 0 0 1 11 0 0 0 30 -46 0 -2 -6 -46 0 -37 0 12 0 0 29 29 -10 -34 0 0 0 11 -48 19 0 38 0 0 0 22 -20 -14 20 0 -27 17 27 -4 1 -5 0 6 0 0 -43 0 0 -50 12 0 0 0 0 0 0 44 -3 0 41 0 -13 -6 -41 -37 0 0 -15 -25 -24 0 -3 8 -4 1 4 0 0 -27 0 32 0 0 0 0 -8 0 0 31 -29 0 0 0 0 -39 8 0 -3 -11 -13 -48 0 -20 0 -44 -1 0 
0 0 -3 39 -46 0 0 -17 50 0 -17 1 0 0 0 0 -26 0 -18 0 40 43 -31 39 16 -49 0 -31 0 0 0 -46 0 0 20 -14 0 0 -3 6 0 0 19 -29 0 0 -38 0 0 0 8 0 0 0 47 41 0 0 0 38 -42 0 0 0 -16 -3 0 -26 43 0 0 0 0 -15 -18 0 40 -41 -36 0 0 0 27 0 -19 0 41 29 39 8 31 14 0 0 0 -24 0 -33 -48 -1 49 0 0 -5 -1 -36 0 0 0 -44 0 0 0 32 0 8 0 -20 0 0 0 0 -9 0 0 
24 0 -1 13 0 0 0 0 28 0 -47 0 -33 0 16 30 20 0 0 0 -32 42 0 0 0 37 24 21 0 0 0 -41 -31 0 0 0 0 -13 0 32 9 -26 25 -27 0 3 -27 -45 0 4 0 10 0 -5 0 0 0 0 0 -5 -16 0 0 17 0 -15 5 42 0 0 0 0 0 0 0 -1 10 -22 0 0 -8 0 38 0 0 0 0 46 0 -16 0 33 1 -17 0 -28 47 47 0 16 24 3 0 0 0 0 10 21 6 0 -39 0 0 0 28 0 7 0 0 0 21 -13 46 0 0 
-25 -49 0 0 -27 0 0 0 -6 0 0 0 0 0 0 0 0 15 -45 0 38 0 -29 -3 8 -25 0 13 -4 -20 28 0 -34 0 0 18 37 0 9 0 0 -37 3 12 -48 -13 27 0 0 0 0 0 0 -2 0 45 -24 -26 0 0 5 0 0 0 -43 0 31 0 0 0 44 0 0 0 20 0 0 0 0 1 20 0 0 -17 0 -18 -23 0 -34 0 -20 -7 0 0 -24 0 0 -29 19 0 -10 0 0 11 0 0 25 0 0 0 8 32 0 0 -24 0 -36 4 9 0 0 -7 0 37 2 
0 0 6 0 7 0 9 0 0 0 0 0 -12 0 0 22 0 0 42 0 0 32 1 -6 0 0 8 0 0 0 -21 0 0 22 0 0 27 0 0 -27 -20 0 0 0 34 0 0 35 38 39 35 0 0 0 0 -14 -5 1 0 -35 25 24 0 0 22 13 6 0 2 7 -14 0 -3 0 -11 -45 0 -34 26 0 0 10 0 0 0 0 0 0 20 -44 27 0 24 0 -44 0 0 -7 19 23 0 26 16 -6 0 0 -32 18 -45 0 0 0 28 -24 15 43 0 -14 0 0 25 0 0 48 0 
-12 0 0 0 0 -26 0 0 -33 41 0 25 0 0 0 0 49 0 0 0 0 0 -34 0 -5 0 0 0 0 -23 0 0 8 0 2 -25 0 0 26 9 0 30 -43 27 0 0 0 38 0 32 0 0 0 0 -40 0 0 0 0 0 -9 11 40 0 -4 -45 -42 33 0 0 30 0 -29 0 30 0 0 0 -12 41 0 0 -20 0 0 0 0 0 0 25 50 30 -12 -13 29 -16 0 0 -10 -29 29 0 0 0 -45 -45 -49 0 -24 -47 -3 8 0 0 43 -32 0 -48 -22 20 0 0 -17 -27 0 
0 0 31 0 6 -22 6 0 0 -6 0 0 35 0 13 42 0 -48 0 44 0 0 0 0 0 0 25 -43 -49 0 0 -17 0 0 0 0 44 0 45 8 -49 16 0 0 0 0 42 3 0 0 20 0 0 0 0 0 0 -10 45 19 -24 0 10 0 0 26 0 0 -11 9 18 42 3 0 0 0 -15 12 0 0 -15 -29 25 0 -37 -25 -8 0 0 1 0 35 0 0 0 12 39 0 11 0 46 0 4 0 0 -29 0 0 0 -23 -11 0 7 -36 0 0 -12 -45 -16 28 -50 0 -30 0 -15 
42 22 0 -39 0 26 0 -45 3 13 40 0 21 0 0 21 41 0 10 -4 40 -32 50 1 -16 -15 0 47 -32 -14 23 -14 -24 0 -48 24 0 0 21 37 0 -5 0 42 0 25 0 0 29 0 0 23 3 46 23 0 36 23 -19 0 43 -25 0 0 0 -29 -23 0 0 0 -43 23 0 -36 30 -47 0 0 16 -4 -18 0 0 0 2 0 0 -34 37 0 0 -1 0 23 0 0 0 0 0 36 24 44 36 39 19 0 0 -7 0 0 -13 -20 0 4 -14 -48 -45 -21 45 -11 28 13 37 -3 0 
-8 7 -49 0 -25 0 0 0 15 0 0 -30 0 0 0 0 0 0 -31 34 29 0 0 8 0 0 0 44 -12 0 0 0 0 -13 -24 0 44 0 9 0 0 0 0 43 0 0 0 14 -31 0 21 0 -39 17 0 -44 7 0 34 44 0 0 26 0 -20 0 10 22 -42 40 0 0 0 0 0 10 48 24 0 0 0 -39 0 -49 -35 0 44 -24 0 0 19 0 0 -16 -47 -22 37 0 9 0 49 -21 0 0 0 35 0 0 -40 21 -48 0 0 9 0 -22 -16 45 0 0 0 0 42 0 0 
42 0 0 0 -39 24 12 45 -48 0 32 0 -21 0 0 0 -39 0 0 17 0 25 0 -6 1 0 0 0 0 0 -13 -20 0 -11 -18 0 -14 26 -13 47 0 0 45 28 0 0 14 11 0 0 25 15 0 -6 0 0 18 -47 6 4 28 0 0 20 0 50 -49 0 0 -19 -35 -18 0 38 0 0 0 0 0 0 0 6 0 -32 11 -35 -43 0 0 0 0 0 1 0 0 0 0 0 0 49 25 0 -8 0 33 0 -1 0 0 0 0 0 0 0 0 20 28 -11 0 -4 0 -24 -45 0 -1 
0 0 0 0 0 -2 -30 -39 0 0 45 0 0 -38 18 0 0 -16 16 0 0 -26 0 0 32 44 0 0 -49 14 -5 0 22 23 0 0 -2 0 0 0 0 -29 14 0 -3 0 -24 0 28 0 4 0 0 0 0 0 0 -25 -29 -50 -13 -38 0 0 -2 0 0 0 13 0 0 0 0 20 0 0 38 -31 1 0 27 0 48 11 5 0 -42 0 0 0 28 39 -3 -35 -45 -14 14 17 -48 0 23 12 -25 0 0 0 0 0 0 47 -20 0 21 0 25 0 -50 28 0 0 0 16 0 0 0 
-36 27 0 -35 30 28 0 5 -40 -15 -43 2 0 47 0 50 -23 0 -2 3 -10 0 0 11 42 0 0 -8 -47 43 40 -19 0 0 40 0 0 -24 -40 -6 0 8 -14 38 24 20 0 4 38 -48 -48 -7 0 0 -12 -9 6 0 0 -7 0 0 -5 11 -12 1 -18 35 44 0 0 0 0 9 -12 -45 -42 0 0 0 0 0 -29 -5 18 24 0 27 11 40 0 -5 0 0 0 0 -8 0 0 35 29 0 -18 0 47 43 4 23 0 0 0 0 -13 -7 0 0 0 13 0 -24 16 0 26 24 33 
-13 8 0 0 0 -36 0 -15 22 0 0 37 0 0 -41 0 -24 -45 38 0 0 -11 0 3 0 27 0 42 0 0 34 0 0 0 0 -6 0 0 -34 17 0 0 -23 -22 48 -27 0 50 -44 46 0 0 0 0 0 0 0 22 0 0 48 -35 0 -50 0 0 0 30 0 -5 0 23 13 0 0 -7 0 -37 0 0 -12 0 5 0 0 0 43 0 0 0 -40 0 0 15 -48 33 0 0 0 0 6 0 -46 -25 0 0 0 0 0 -3 -44 -9 46 0 0 -17 -30 37 42 -45 0 26 -10 0 0 
0 0 0 0 26 0 -35 -27 0 0 0 37 42 0 15 -1 37 -47 0 -34 -46 -26 -43 31 0 36 0 36 0 -39 0 0 27 -42 -6 0 0 20 0 17 -1 47 0 0 0 0 0 0 0 0 -37 42 0 0 0 32 0 28 31 0 0 0 35 0 -22 0 0 -38 0 0 0 0 0 -27 0 0 47 0 0 14 0 0 -7 33 -33 26 -43 0 0 -11 0 -29 -45 29 0 0 43 0 0 13 0 -3 38 -18 0 -27 0 0 0 17 -1 0 0 37 48 -27 0 -3 0 0 0 24 0 -33 18 
-20 0 -43 0 0 0 17 6 0 -25 -34 0 2 -50 0 -19 23 0 0 -13 -40 18 -28 0 -48 0 21 43 -50 0 0 0 -16 15 2 0 -24 0 -40 0 -20 0 0 28 0 -26 0 33 0 -4 27 0 -23 0 0 -11 -43 33 21 0 -33 -40 0 0 0 0 9 -19 34 0 -1 0 45 -25 0 0 49 0 0 0 0 0 0 0 0 0 0 0 0 0 0 -39 0 0 0 14 0 19 0 -12 27 0 0 0 0 0 0 38 -9 0 0 0 0 2 0 0 -15 0 0 -1 0 33 0 18 -28 
