125
21 32 -40 -12 5 36 -36 22 9 11 -13 42 22 17 -28 32 0 1 -42 -6 37 18 -31 8 45 1 47 -14 -21 34 37 -30 22 9 40 -35 27 19 30 -5 -27 -22 -20 34 4 6 -22 34 21 38 -37 35 -45 38 -26 39 -12 35 4 6 49 47 -39 -14 -25 -5 -38 1 37 -15 -35 -19 25 -41 24 12 24 -50 22 -18 13 -45 6 45 -18 2 -9 7 -44 -14 2 -42 -3 27 -6 -11 -23 -45 26 -1 -34 -44 26 9 6 -30 10 44 23 9 37 50 37 -32 20 -21 -44 -40 27 27 -19 24 32 -27 -44 
0 0 -41 0 17 0 38 0 0 -9 0 0 0 0 31 8 0 0 0 0 0 0 0 15 0 0 28 0 7 0 25 15 36 0 0 0 0 25 0 0 0 0 0 0 -30 0 0 0 0 0 0 22 0 0 0 0 0 -33 -10 0 0 0 0 -14 0 -12 44 0 14 0 0 0 0 0 0 0 0 0 0 0 0 0 -10 0 0 0 0 0 0 0 0 0 0 0 44 -11 0 0 0 0 0 0 0 0 0 0 46 -19 0 0 -31 0 5 0 0 -36 0 -11 0 -38 0 0 0 0 0 
0 -20 -16 0 0 0 -8 25 0 0 0 0 0 0 0 0 0 0 31 29 0 0 0 0 -13 -24 12 0 0 0 0 0 0 0 0 0 0 0 -8 17 0 0 48 0 0 0 27 0 0 0 0 0 0 0 0 0 -25 -36 0 0 0 0 -29 35 0 -47 0 47 0 0 0 -20 -44 -43 0 -17 0 0 0 0 0 0 0 0 -11 0 0 0 0 0 0 0 0 0 0 0 -29 0 0 0 0 0 33 -3 -46 -43 0 0 0 0 11 0 27 -37 29 -50 0 0 0 0 32 20 0 -12 -41 
-41 -16 0 0 0 0 0 0 -49 0 43 0 0 0 0 0 -13 0 0 0 0 0 -25 0 0 -7 4 22 -27 0 0 10 0 -3 43 0 -4 0 -21 -41 0 0 0 0 0 0 0 0 0 -26 0 0 44 0 0 0 37 0 0 0 0 11 0 0 0 0 -31 7 -42 0 46 46 0 0 0 19 -20 0 0 49 0 0 0 0 -23 0 0 23 -13 0 -44 0 0 0 -42 0 0 0 0 -46 0 -13 0 0 0 0 0 0 0 0 0 0 -39 49 0 19 0 0 0 0 0 0 0 27 0 
0 0 0 38 -30 0 0 0 0 4 0 0 0 -48 0 -1 0 0 0 -8 0 0 0 0 0 14 46 0 0 -16 0 0 0 0 0 0 0 0 0 0 -27 -28 0 0 0 0 -23 -32 0 0 0 0 0 0 7 0 0 -28 -10 0 0 0 0 -9 0 38 0 0 0 22 0 0 0 0 -36 0 0 3 0 0 30 0 0 0 0 -37 0 0 0 0 0 0 0 30 0 0 0 42 0 38 0 0 -30 0 21 0 14 0 0 3 0 0 0 -40 0 0 5 0 0 0 43 -27 0 0 0 
17 0 0 -30 0 0 0 0 -24 0 0 0 0 -48 0 0 26 0 0 0 0 0 0 27 0 0 0 2 0 0 0 0 0 0 0 0 0 0 0 -12 -8 0 0 0 0 4 0 0 0 -42 0 0 0 0 0 0 0 18 0 0 0 0 0 0 -22 -32 0 0 0 21 -25 29 0 0 0 0 0 0 0 0 0 -10 0 0 0 0 -5 0 0 0 0 0 0 17 -36 0 0 0 0 0 0 0 0 0 -6 0 0 0 0 0 0 7 0 0 24 0 0 -49 0 0 0 0 0 0 0 
0 0 0 0 0 -47 0 0 0 0 0 45 0 36 -44 0 -24 0 0 0 0 0 0 0 -6 0 0 0 0 0 0 0 0 0 0 0 -16 15 17 0 0 -37 -2 38 0 0 0 0 0 0 0 0 12 0 35 0 0 -9 0 0 0 -22 0 -32 0 0 0 0 0 28 0 0 0 -41 0 0 -40 0 0 0 0 0 0 24 0 0 0 0 0 0 0 0 0 0 25 0 -28 0 0 0 0 0 -1 0 0 0 0 0 0 -42 17 0 0 -21 0 0 0 0 0 0 0 0 0 0 -25 
38 -8 0 0 0 0 0 -5 7 0 0 0 43 0 -46 -49 0 0 0 48 0 0 -40 0 0 0 0 0 7 0 27 0 0 0 0 0 0 0 0 0 -3 35 0 35 0 0 5 0 0 19 0 0 31 0 0 0 0 -12 0 0 0 -5 47 0 0 0 0 8 0 0 -40 0 0 -34 -11 0 0 0 0 0 -50 0 0 0 1 0 0 0 0 0 0 0 0 0 0 0 0 -39 0 17 0 0 31 -19 0 0 6 0 0 0 -37 -6 -41 0 0 0 30 0 0 0 9 0 0 0 0 
0 25 0 0 0 0 -5 0 9 0 0 0 0 0 -28 -1 14 0 0 0 0 0 0 0 0 0 -35 0 0 -19 0 0 44 0 0 0 0 -7 0 38 28 0 0 0 0 0 0 0 0 -49 -2 0 0 0 0 49 0 0 0 0 0 0 -40 0 2 0 -9 -14 0 23 27 0 0 0 0 -22 0 0 0 -15 0 0 34 0 -31 0 0 0 0 0 0 0 5 2 38 0 0 0 0 0 0 0 -34 0 42 0 0 -6 0 0 0 0 0 -4 0 0 -30 -42 0 0 38 0 41 0 0 
0 0 -49 0 -24 0 7 9 0 0 0 0 0 0 0 0 0 0 0 0 0 -12 0 0 -25 0 12 0 0 0 0 0 0 0 0 0 0 0 -42 0 0 0 0 0 0 0 0 36 0 0 0 0 0 0 -36 41 33 0 0 0 0 0 31 0 0 47 42 0 0 0 0 0 0 0 0 0 0 0 0 -4 0 16 39 0 0 -29 0 3 0 49 0 0 0 0 0 0 0 0 0 0 0 6 50 0 0 0 0 17 0 0 0 42 0 0 0 -6 -45 0 0 0 0 -4 0 0 0 
-9 0 0 4 0 0 0 0 0 -36 0 41 -37 -22 0 0 0 0 0 0 0 49 12 0 0 0 0 0 0 0 0 0 0 0 0 0 0 0 0 0 -1 0 0 14 0 0 0 0 0 0 0 0 0 0 0 0 45 0 0 -11 33 0 0 0 0 0 0 0 4 0 0 -13 0 0 33 0 -45 -2 -9 -44 0 0 0 0 6 0 0 0 0 12 0 -28 30 0 0 0 0 -39 0 0 0 0 0 0 -8 0 0 -42 0 15 0 0 15 -32 0 0 -5 0 6 0 -31 0 -38 0 0 
0 0 43 0 0 0 0 0 0 0 0 0 0 0 -43 0 0 0 0 0 0 31 0 0 0 0 0 0 0 0 -29 0 0 -7 47 9 0 0 0 0 46 0 0 0 0 0 -23 0 44 0 36 44 0 0 -13 0 0 28 0 0 0 0 0 21 0 0 0 30 0 44 0 0 0 0 0 0 0 0 33 0 0 0 0 0 0 42 0 0 0 2 0 0 1 0 29 0 0 0 0 5 0 4 -25 0 0 0 0 0 0 0 -40 0 0 -44 0 -39 0 0 -38 0 0 0 0 0 0 
0 0 0 0 0 45 0 0 0 41 0 12 0 0 0 0 24 0 0 0 -7 0 0 0 0 0 0 0 0 -48 -36 34 0 0 0 0 1 0 27 0 0 0 0 0 0 0 0 -45 0 0 0 0 0 0 0 0 0 -8 0 0 0 0 -34 0 0 0 0 0 27 0 0 -17 0 0 0 0 8 0 0 0 0 0 0 0 0 24 5 50 0 28 0 0 0 0 0 0 0 0 41 0 10 0 0 0 -37 0 0 0 -7 -40 0 0 -8 -44 9 0 50 0 0 29 0 -5 0 9 -20 
0 0 0 0 0 0 43 0 0 -37 0 0 26 0 0 0 0 0 0 0 0 0 25 0 1 -43 0 8 0 0 0 -11 0 0 -36 0 0 0 0 0 0 0 0 0 0 0 0 -19 0 30 0 0 0 4 49 -7 0 0 -31 23 0 0 0 -26 0 0 -18 0 0 0 0 0 0 0 0 -25 0 0 0 0 0 0 41 -32 0 0 0 0 0 0 0 0 0 0 0 -48 0 0 0 4 0 14 0 0 0 0 0 0 0 0 0 32 0 0 0 -27 0 0 0 -28 0 0 0 0 28 
0 0 0 -48 -48 36 0 0 0 -22 0 0 0 30 -25 0 0 -38 0 0 0 0 2 0 30 -44 0 0 -41 0 -39 0 0 0 22 0 0 0 -49 0 0 25 26 0 0 0 0 -21 44 0 -42 33 0 0 4 0 0 0 0 0 38 0 0 0 -37 0 29 0 0 0 39 0 0 0 0 0 0 0 38 0 0 0 0 30 11 0 0 0 -36 0 0 0 0 0 0 -34 0 31 0 0 0 28 -50 -13 0 0 43 0 0 2 -4 0 5 0 0 0 6 0 0 0 0 0 0 -25 0 
31 0 0 0 0 -44 -46 -28 0 0 -43 0 0 -25 0 0 0 1 9 0 0 -3 0 0 0 0 0 0 -5 17 0 41 0 0 0 0 0 0 0 0 0 0 0 0 0 0 0 0 0 0 0 13 0 0 0 0 0 0 10 0 20 0 0 0 0 0 0 0 0 0 0 0 0 -42 0 0 0 0 0 24 0 0 0 29 0 0 0 0 0 -46 0 0 0 0 0 38 3 14 0 29 0 0 0 19 0 -11 -6 0 0 0 40 0 0 0 0 0 0 0 0 0 50 0 0 0 -34 
8 0 0 -1 0 0 -49 -1 0 0 0 0 0 0 0 0 -27 45 0 0 0 0 -18 41 9 -48 -33 0 0 0 0 0 0 0 0 0 0 0 0 0 0 0 0 -7 0 -5 0 0 0 0 0 0 0 0 -3 0 0 0 0 -36 0 0 0 0 0 0 -28 0 0 0 0 0 0 49 0 -6 0 -30 0 -33 0 -10 0 -25 0 0 0 0 0 48 0 0 0 0 0 0 -4 19 0 0 0 0 -42 0 0 -37 0 0 0 -30 0 0 0 0 0 0 0 0 0 0 0 0 0 0 0 
0 0 -13 0 26 -24 0 14 0 0 0 24 0 0 0 -27 0 0 0 0 0 9 0 0 0 0 32 0 0 0 -27 0 0 0 0 0 -3 42 0 0 0 26 -33 0 0 0 0 0 0 0 0 0 0 0 0 0 0 -3 0 0 0 0 0 -34 -9 0 0 0 0 0 0 0 0 0 0 11 0 20 -26 -35 0 0 0 0 0 0 0 0 0 0 0 0 0 0 0 30 39 -15 -41 9 0 0 0 0 -18 0 44 0 0 0 0 11 29 0 0 0 -42 0 -11 40 0 0 0 41 0 
0 0 0 0 0 0 0 0 0 0 0 0 0 -38 1 45 0 -33 0 0 0 0 0 0 0 0 -24 -13 48 0 42 0 0 7 0 -49 0 46 -35 0 45 -17 0 0 -39 43 0 0 0 0 15 0 49 0 0 0 1 0 0 17 0 0 -27 0 0 0 0 0 0 0 47 0 0 0 19 21 25 0 25 0 0 0 0 0 -14 0 0 0 0 0 0 0 -11 0 27 0 0 -22 -26 0 0 0 0 -35 -40 -19 -28 18 0 33 0 0 0 0 0 11 0 0 17 0 -42 0 0 0 0 
0 31 0 0 0 0 0 0 0 0 0 0 0 0 9 0 0 0 0 0 0 0 0 0 0 0 0 0 0 0 0 -30 0 0 0 0 0 0 -39 0 0 0 0 0 0 0 -43 0 -6 0 -19 0 0 0 0 0 0 0 0 0 0 -47 0 0 29 0 0 -48 -43 0 0 0 0 0 6 33 0 0 39 0 0 0 0 0 0 0 0 0 0 0 0 -39 34 0 0 0 0 -4 0 0 0 0 0 -17 0 0 -9 30 0 50 0 0 0 0 -17 0 0 -40 50 0 39 34 0 0 0 
0 29 0 -8 0 0 48 0 0 0 0 0 0 0 0 0 0 0 0 0 0 0 0 0 0 0 0 0 0 -2 0 1 28 0 0 0 0 0 0 0 37 0 0 0 0 0 -49 0 45 0 0 0 0 0 0 0 0 35 -50 0 0 -2 0 0 0 0 0 0 0 0 27 -33 0 0 0 -15 0 0 0 0 10 0 0 0 0 0 -47 0 9 0 29 0 36 0 0 -19 0 0 0 0 0 0 0 0 41 0 0 49 0 0 0 0 0 0 0 0 0 0 0 0 -45 0 0 0 37 
0 0 0 0 0 0 0 0 0 0 0 -7 0 0 0 0 0 0 0 0 0 0 0 0 0 0 0 0 0 0 0 0 0 35 0 0 14 0 0 0 0 0 0 0 0 0 0 26 0 0 0 0 0 0 0 -4 0 0 0 0 0 13 0 0 0 0 0 0 0 0 0 0 -31 -14 0 31 0 0 0 0 0 0 0 0 0 0 0 4 0 0 0 0 0 0 0 -27 8 0 0 0 0 0 0 -34 40 0 0 0 0 0 0 0 0 0 5 25 0 -21 -43 0 0 -50 41 -40 0 
0 0 0 0 0 0 0 0 -12 49 31 0 0 0 -3 0 9 0 0 0 0 -31 0 0 0 0 0 0 0 0 0 0 -38 0 0 0 0 2 0 0 0 0 0 -43 12 0 35 0 0 0 0 -37 0 0 0 0 0 0 0 0 0 -25 0 -36 0 0 -17 0 0 0 0 0 0 0 0 0 0 0 12 0 0 0 26 -48 0 0 0 0 0 0 -35 0 0 0 0 0 0 0 0 48 5 3 0 0 0 0 0 0 0 -45 14 0 0 0 0 0 0 -28 -19 8 0 0 0 38 0 
0 0 -25 0 0 0 -40 0 0 12 0 0 25 2 0 -18 0 0 0 0 0 0 0 -15 0 0 0 -42 0 0 0 29 -20 0 -18 -16 0 7 0 0 0 0 0 0 0 0 0 0 0 0 0 -33 42 -12 0 0 -44 0 0 0 0 0 0 4 0 0 0 0 -42 0 0 0 0 39 0 0 -1 0 -29 -42 41 50 0 0 0 0 0 -36 -50 49 0 0 0 0 -20 0 0 0 -14 46 0 15 0 0 0 0 0 21 0 -34 0 0 49 0 0 -29 -41 34 0 0 0 0 0 4 0 
15 0 0 0 27 0 0 0 0 0 0 0 0 0 0 41 0 0 0 0 0 0 -15 -34 21 0 0 -19 -15 0 0 49 0 0 -9 22 0 13 0 0 0 0 -39 14 0 0 0 0 0 0 0 28 0 -21 0 0 -23 -3 -44 0 0 -23 0 0 0 0 0 0 0 0 49 -36 -25 0 0 0 -36 0 0 0 0 -8 0 0 0 0 19 0 0 0 0 0 6 47 0 0 0 0 17 0 0 -41 -15 -26 -17 0 0 0 0 0 0 0 0 0 0 29 0 0 0 0 0 0 0 0 0 
0 -13 0 0 0 -6 0 0 -25 0 0 0 1 30 0 9 0 0 0 0 0 0 0 21 0 0 0 11 0 0 0 7 0 0 -9 0 0 0 0 -46 0 0 0 0 38 0 0 0 0 0 0 -26 0 0 29 17 0 0 0 0 0 49 0 0 0 0 0 33 0 8 0 32 0 0 0 0 0 0 0 0 0 0 0 0 0 0 0 15 11 0 -45 7 0 0 2 0 0 0 -16 0 0 36 0 0 0 -10 32 0 -29 0 0 0 50 0 19 0 0 0 24 0 0 0 0 10 0 
0 -24 -7 14 0 0 0 0 0 0 0 0 -43 -44 0 -48 0 0 0 0 0 0 0 0 0 0 0 0 0 0 0 29 0 0 0 0 0 0 0 0 0 22 32 0 0 -24 0 0 13 0 0 0 0 0 0 0 0 -22 0 0 0 0 0 0 0 0 -27 0 0 0 31 2 0 7 0 0 0 0 34 0 0 0 0 0 0 0 0 3 0 0 0 0 0 0 0 0 0 0 0 0 0 -10 0 0 -8 -10 0 0 0 0 0 10 -8 13 0 0 -32 0 0 0 -20 0 0 0 0 
28 12 4 46 0 0 0 -35 12 0 0 0 0 0 0 -33 32 -24 0 0 0 0 0 0 0 0 0 0 0 0 48 3 -21 0 0 0 0 0 0 20 -37 0 0 0 0 48 0 -28 0 0 0 0 0 0 0 0 46 0 -31 -17 0 0 0 37 0 0 39 0 0 0 0 -22 6 0 0 0 0 10 0 0 0 0 -33 0 0 0 0 -21 0 -3 -29 0 2 0 0 0 0 0 0 0 0 -39 0 0 9 0 -14 0 0 0 0 0 0 0 36 0 -27 -44 0 5 -10 0 0 -5 -39 
0 0 22 0 2 0 0 0 0 0 0 0 8 0 0 0 0 -13 0 0 0 0 -42 -19 11 0 0 20 0 0 -30 0 0 49 0 0 0 0 -43 0 0 9 0 -11 0 16 0 0 0 0 0 0 0 0 -3 30 0 0 0 0 0 -11 21 -45 0 0 26 0 0 -18 0 0 0 0 0 26 24 0 0 0 0 0 0 0 0 38 0 0 0 0 0 0 40 0 0 0 0 0 0 0 0 0 0 -18 0 -11 -21 0 0 0 34 0 0 0 0 0 0 0 6 -43 0 0 26 0 0 
7 0 -27 0 0 0 7 0 0 0 0 0 0 -41 -5 0 0 48 0 0 0 0 0 -15 0 0 0 0 -49 0 0 5 0 -18 0 -8 0 0 0 0 0 -30 0 0 0 -29 0 0 -1 47 40 0 0 0 0 0 0 0 0 0 0 0 37 0 0 0 0 0 0 0 -44 0 0 32 0 27 0 0 0 0 0 0 0 0 -32 0 0 0 31 0 -9 0 0 3 0 0 0 -2 0 0 -26 22 10 21 35 0 -25 0 -7 4 0 0 0 0 0 -12 -11 0 0 0 -31 0 0 0 12 
0 0 0 -16 0 0 0 -19 0 0 0 -48 0 0 17 0 0 0 0 -2 0 0 0 0 0 0 0 0 0 0 0 26 0 0 0 0 50 0 0 0 0 0 -27 0 0 0 -4 0 0 0 0 45 0 0 0 0 0 0 0 -35 0 0 0 0 0 -27 24 0 0 -40 0 0 0 0 0 0 0 0 0 0 0 0 0 0 0 0 0 0 -33 0 -38 -25 0 0 0 0 4 0 23 -9 0 24 0 0 0 -10 0 0 -7 0 0 -25 0 0 2 0 0 -49 0 0 0 44 0 0 -48 
25 0 0 0 0 0 27 0 0 0 -29 -36 0 -39 0 0 -27 42 0 0 0 0 0 0 0 0 48 -30 0 0 23 0 0 33 0 0 -30 0 0 0 -21 -20 0 0 0 -11 0 0 0 0 0 0 0 0 0 -24 0 0 13 0 0 0 0 0 0 0 0 0 0 0 0 0 0 0 0 0 34 0 0 0 0 0 0 0 4 -15 0 0 0 12 0 0 0 0 0 0 0 0 0 0 0 0 0 0 2 33 0 0 0 0 0 17 0 0 0 0 -19 0 -48 6 0 0 0 0 -13 
15 0 10 0 0 0 0 0 0 0 0 34 -11 0 41 0 0 0 -30 1 0 0 29 49 7 29 3 0 5 26 0 37 0 0 0 13 0 -13 0 -37 0 50 -48 0 -26 0 39 0 0 0 0 0 0 0 0 0 0 0 0 0 -31 0 0 -23 0 0 -18 0 0 0 0 -9 0 0 0 0 -6 15 0 0 0 0 0 48 0 0 0 0 0 0 0 0 -39 -6 0 0 0 24 0 0 0 -46 -21 0 0 0 0 0 49 -31 0 -3 0 0 0 0 0 -33 -47 0 0 0 0 0 0 
36 0 0 0 0 0 0 44 0 0 0 0 0 0 0 0 0 0 0 28 0 -38 -20 0 0 0 -21 0 0 0 0 0 0 0 0 0 12 23 0 -17 0 0 0 0 -20 0 0 38 0 0 -34 0 -46 0 0 0 0 0 0 0 0 0 0 -11 0 0 0 0 0 0 0 -19 -41 0 20 0 0 38 0 -23 0 0 0 0 0 0 0 -40 0 0 0 0 0 0 0 0 0 0 0 0 -45 0 -12 0 0 0 0 0 0 0 24 0 0 0 -50 0 0 0 0 0 0 0 0 0 0 
0 0 -3 0 0 0 0 0 0 0 -7 0 0 0 0 0 0 7 0 0 35 0 0 0 0 0 0 49 -18 0 33 0 0 0 0 0 -22 0 0 11 40 0 0 0 0 0 0 0 19 -42 0 0 -35 0 0 0 0 0 3 0 0 1 0 0 0 0 -42 0 0 0 0 0 0 0 0 -50 0 -21 0 0 0 0 0 0 -50 0 0 0 0 0 0 0 0 0 0 0 -6 0 0 0 37 0 0 0 -6 0 -18 0 16 0 -29 0 0 45 0 43 0 -6 0 46 0 0 0 0 0 
0 0 43 0 0 0 0 0 0 0 47 0 -36 22 0 0 0 0 0 0 0 0 -18 -9 -9 0 0 0 0 0 0 0 0 0 0 0 21 0 0 0 33 0 0 0 0 0 0 -16 0 0 0 0 0 0 31 0 0 0 -49 0 0 0 0 0 -1 0 0 0 0 0 0 0 0 0 -3 0 26 0 0 12 0 0 0 0 0 0 0 0 0 0 0 0 0 0 36 -29 0 0 48 0 16 0 0 -4 0 26 0 27 -4 0 0 0 0 0 0 0 0 0 0 0 0 0 0 0 0 
0 0 0 0 0 0 0 0 0 0 9 0 0 0 0 0 0 -49 0 0 0 0 -16 22 0 0 0 0 -8 0 0 13 0 0 0 -35 0 0 0 0 0 0 0 32 0 0 0 -6 32 27 0 0 0 0 0 0 -22 43 0 0 0 11 0 0 0 0 0 0 0 0 0 6 0 0 0 0 0 0 26 0 0 0 -32 0 0 -17 -7 31 0 0 0 0 0 0 1 0 0 0 0 -27 0 0 0 0 0 0 -16 -18 0 0 0 0 23 0 0 15 0 0 0 0 -24 0 0 0 0 
0 0 -4 0 0 -16 0 0 0 0 0 1 0 0 0 0 -3 0 0 0 14 0 0 0 0 0 0 0 0 50 -30 0 12 -22 21 0 0 0 0 0 0 0 0 19 18 0 0 -34 -45 0 40 0 15 0 -29 0 0 0 14 0 0 -50 -18 0 0 0 1 7 0 0 0 0 -6 0 0 0 0 0 0 40 0 -29 0 0 0 0 0 0 -45 -25 0 0 0 0 0 -3 0 -8 0 27 0 0 0 0 0 0 0 0 0 0 -49 0 0 -14 0 0 0 0 48 0 0 -13 -30 0 0 
25 0 0 0 0 15 0 -7 0 0 0 0 0 0 0 0 42 46 0 0 0 2 7 13 0 0 0 0 0 0 0 -13 23 0 0 0 0 0 0 0 0 0 0 0 0 0 0 19 44 0 0 0 0 23 27 0 0 0 0 0 0 -2 0 0 -3 0 0 -47 0 0 37 0 3 0 0 0 -32 0 0 18 0 0 0 0 0 0 -37 1 0 0 0 0 0 0 -7 0 0 20 42 45 0 0 0 0 0 32 -6 0 0 1 0 0 0 0 -14 0 -12 0 0 23 0 -6 0 0 0 
0 -8 -21 0 0 17 0 0 -42 0 0 27 0 -49 0 0 0 -35 -39 0 0 0 0 0 0 0 0 -43 0 0 0 0 0 0 0 0 0 0 0 0 0 0 0 0 -33 0 0 0 0 -42 0 0 0 4 50 0 0 0 0 0 25 0 0 0 0 0 -49 0 0 0 0 -35 0 0 4 0 0 0 0 0 0 -6 0 25 0 0 0 21 0 -35 0 44 18 0 0 0 0 0 0 0 24 0 0 0 0 0 -29 0 0 0 -25 38 0 0 0 0 0 0 0 0 0 -41 0 17 0 
0 17 -41 0 -12 0 0 38 0 0 0 0 0 0 0 0 0 0 0 0 0 0 0 0 -46 0 20 0 0 0 0 -37 -17 11 0 0 0 0 0 38 0 0 0 -32 35 0 0 0 0 0 0 0 -28 0 0 0 0 0 0 0 0 0 0 8 0 0 0 0 -19 0 0 0 0 0 0 30 0 0 0 0 0 0 0 0 0 -43 23 0 0 0 0 -35 -49 0 0 0 0 0 0 0 0 -48 -43 -32 0 0 -38 0 0 0 0 -38 0 0 0 -39 0 0 -31 0 8 0 0 0 0 
0 0 0 -27 -8 0 -3 28 0 -1 46 0 0 0 0 0 0 45 0 37 0 0 0 0 0 0 -37 0 0 0 -21 0 0 40 33 0 0 0 0 0 0 0 3 0 0 0 0 13 0 0 -30 23 22 42 0 0 13 13 0 -18 0 36 16 37 0 -1 -24 0 0 0 0 0 0 0 46 0 0 0 0 0 48 0 0 -34 -22 0 0 0 0 -24 0 0 0 0 0 5 0 0 0 -24 0 0 0 0 0 14 0 0 0 0 0 9 0 0 -22 0 0 0 0 0 0 -47 0 0 0 
0 0 0 -28 0 -37 35 0 0 0 0 0 0 25 0 0 26 -17 0 0 0 0 0 0 0 22 0 9 -30 0 -20 50 0 0 0 0 0 0 0 0 0 9 0 0 0 0 0 2 0 -13 0 0 0 0 -6 0 0 0 0 47 0 0 -8 -40 -24 0 0 0 0 0 0 0 0 0 18 0 0 0 0 8 0 16 2 0 0 0 0 0 0 0 6 0 0 -28 -22 0 0 0 0 21 0 0 -38 0 -9 0 7 0 17 -26 0 0 0 0 26 0 31 0 4 0 50 0 0 0 0 
0 48 0 0 0 -2 0 0 0 0 0 0 0 26 0 0 -33 0 0 0 0 0 0 -39 0 32 0 0 0 -27 0 -48 0 0 0 0 0 0 0 0 3 0 0 0 0 0 0 0 0 0 0 0 0 27 0 0 41 0 0 0 0 0 0 0 0 0 0 0 0 0 0 0 0 -21 0 0 -5 0 0 0 0 -39 0 0 0 0 0 0 0 0 43 8 0 0 0 0 0 0 0 39 0 11 0 0 0 0 -24 0 0 0 0 -2 -30 -33 0 0 -15 0 0 7 0 0 -15 5 0 
0 0 0 0 0 38 35 0 0 14 0 0 0 0 0 -7 0 0 0 0 0 -43 0 14 0 0 0 -11 0 0 0 0 0 0 0 32 19 0 0 -32 0 0 0 -28 0 0 0 0 0 40 0 0 0 6 0 0 0 0 0 0 5 0 0 0 -1 32 8 0 0 0 0 0 0 -18 -24 0 2 0 0 0 0 0 0 0 0 0 20 3 0 25 0 0 -15 0 0 21 0 0 0 0 -42 0 18 -17 -43 0 0 0 0 0 0 0 0 0 0 0 49 0 7 0 43 -15 -18 0 0 
-30 0 0 0 0 0 0 0 0 0 0 0 0 0 0 0 0 -39 0 0 0 12 0 0 38 0 0 0 0 0 0 -26 -20 0 0 0 18 0 -33 35 0 0 0 0 0 0 0 -25 0 0 0 0 44 8 0 0 0 0 0 0 49 0 0 0 0 0 0 3 -25 0 3 0 0 0 0 0 0 0 0 0 0 0 0 -22 0 0 0 31 38 -12 0 0 0 0 0 0 0 0 0 -4 0 0 0 0 0 -24 0 0 0 20 0 0 0 0 0 0 0 0 -14 0 0 0 0 0 0 
0 0 0 0 4 0 0 0 0 0 0 0 0 0 0 -5 0 43 0 0 0 0 0 0 0 -24 48 16 -29 0 -11 0 0 0 0 0 0 0 0 0 0 0 0 0 0 0 0 -46 -49 0 0 -28 0 0 0 -37 0 -2 0 0 0 0 -44 -39 16 39 48 0 -19 0 26 0 0 0 0 -10 0 0 0 0 0 0 0 -40 0 0 0 0 0 0 0 -32 0 0 0 46 0 44 0 -8 25 16 -23 0 0 0 -42 -14 -12 0 -41 0 0 0 0 0 0 0 0 -34 0 0 40 0 0 
0 27 0 -23 0 0 5 0 0 0 -23 0 0 0 0 0 0 0 -43 -49 0 35 0 0 0 0 0 0 0 -4 0 39 0 0 0 0 0 0 0 0 0 0 0 0 0 0 0 -1 0 0 0 0 0 0 0 16 0 0 0 0 0 9 0 0 0 0 23 -40 0 0 0 13 3 0 23 0 0 -14 0 42 0 36 0 0 -23 -27 0 21 34 0 0 8 0 0 43 32 0 0 -48 0 0 0 0 0 -29 0 0 0 -26 0 0 0 0 0 0 43 0 0 0 0 33 0 0 0 -26 
0 0 0 -32 0 0 0 0 36 0 0 -45 -19 -21 0 0 0 0 0 0 26 0 0 0 0 0 -28 0 0 0 0 0 38 0 -16 -6 -34 19 0 0 13 2 0 0 -25 -46 -1 -22 18 0 0 0 0 0 0 -16 -33 0 -11 0 20 0 0 0 38 0 0 0 0 0 49 0 0 0 0 0 -8 0 0 0 -41 0 49 4 -45 0 0 0 0 0 -12 -12 0 33 0 1 0 0 -41 0 22 0 0 13 0 0 46 0 0 17 -34 0 0 0 0 0 28 -17 0 0 41 0 -40 0 0 
0 0 0 0 0 0 0 0 0 0 44 0 0 44 0 0 0 0 -6 45 0 0 0 0 0 13 0 0 -1 0 0 0 0 19 0 32 -45 44 0 0 0 0 0 0 0 -49 0 18 0 0 -7 28 0 0 -39 -27 0 15 -4 0 0 0 -27 25 14 0 0 0 0 0 0 0 0 0 0 0 0 0 0 0 4 0 0 0 0 0 0 0 0 0 0 -9 8 0 0 0 0 0 0 0 0 0 0 0 0 0 0 0 0 -26 0 0 0 0 0 0 0 0 0 0 0 0 21 0 0 
0 0 -26 0 -42 0 19 -49 0 0 0 0 30 0 0 0 0 0 0 0 0 0 0 0 0 0 0 0 47 0 0 0 0 -42 0 27 0 0 -42 0 0 -13 0 40 0 0 0 0 0 0 35 0 0 0 -45 0 0 0 0 0 0 0 0 0 0 -26 -27 0 0 -34 -47 0 0 -12 0 -28 0 0 27 0 34 -42 0 0 0 0 0 0 -26 -13 0 0 0 0 0 0 34 0 0 0 0 0 0 0 0 0 0 0 44 37 0 26 0 0 0 0 -14 0 0 4 0 0 0 0 5 
0 0 0 0 0 0 0 -2 0 0 36 0 0 -42 0 0 0 15 -19 0 0 0 0 0 0 0 0 0 40 0 0 0 -34 0 0 0 40 0 0 0 -30 0 0 0 0 0 0 0 -7 35 0 0 0 0 0 0 0 0 0 0 0 -31 0 -49 0 0 44 0 0 0 0 0 0 0 0 -43 0 0 9 0 25 0 0 0 0 0 0 1 0 0 0 0 0 0 0 8 0 0 0 -42 0 0 0 0 0 0 -39 0 21 0 0 20 0 -43 0 0 0 0 0 0 0 0 0 0 0 
22 0 0 0 0 0 0 0 0 0 44 0 0 33 13 0 0 0 0 0 0 -37 -33 28 -26 0 0 0 0 45 0 0 0 0 0 0 0 0 0 0 23 0 0 0 0 -28 0 0 28 0 0 0 0 0 0 2 0 0 6 0 0 0 5 -4 0 0 0 -9 0 0 0 0 -14 0 -39 0 0 0 0 0 0 0 0 0 0 0 0 15 0 0 0 0 0 0 0 -8 0 0 0 -43 0 0 0 0 0 0 0 0 0 26 0 0 0 0 0 0 0 0 0 0 0 0 0 0 0 
0 0 44 0 0 12 31 0 0 0 0 0 0 0 0 0 0 49 0 0 0 0 42 0 0 0 0 0 0 0 0 0 -46 -35 0 0 15 0 0 -28 22 0 0 0 44 0 0 0 0 0 0 0 0 0 0 0 0 0 0 -23 0 -24 0 0 -19 -7 0 -50 4 0 0 0 0 0 0 0 44 0 0 0 0 -47 0 0 -46 -2 0 0 -13 0 18 0 0 -28 12 0 0 0 0 0 -44 0 0 0 0 30 0 0 -8 0 0 0 0 -48 0 0 -10 9 0 0 0 0 0 0 0 
0 0 0 0 0 0 0 0 0 0 0 0 4 0 0 0 0 0 0 0 0 0 -12 -21 0 0 0 0 0 0 0 0 0 0 0 0 0 23 4 0 42 0 27 6 8 0 0 0 0 0 0 0 0 0 -8 0 -32 0 0 0 0 0 0 0 0 0 -33 0 0 0 0 15 34 0 16 0 0 0 0 3 0 -46 0 0 -29 0 -5 0 31 0 0 0 0 -24 0 0 -2 0 0 0 0 -36 4 0 0 -43 0 -3 0 0 0 0 0 28 15 1 0 0 0 38 0 0 0 0 -43 
0 0 0 7 0 35 0 0 -36 0 -13 0 49 4 0 -3 0 0 0 0 0 0 0 0 29 0 0 -3 0 0 0 0 0 0 31 0 -29 27 50 0 0 -6 0 0 0 0 0 0 -39 -45 0 0 0 -8 0 0 0 0 0 0 0 -47 0 0 0 0 0 0 0 0 0 0 0 0 0 0 0 37 0 0 0 8 -3 0 0 -22 -17 37 0 0 0 0 0 0 0 0 0 -48 0 0 0 -38 0 27 0 0 0 24 0 -28 0 0 0 0 0 -3 0 13 -47 0 0 0 -19 0 0 
0 0 0 0 0 0 0 49 41 0 0 0 -7 0 0 0 0 0 0 0 -4 0 0 0 17 0 0 30 0 0 -24 0 0 0 0 0 0 0 0 0 0 0 0 0 0 -37 16 -16 -27 0 0 2 0 0 0 0 4 0 0 0 0 0 0 0 0 -48 0 0 0 0 22 0 0 -13 0 35 0 25 0 0 0 0 0 0 0 49 0 0 0 34 0 -40 0 0 0 13 0 0 0 0 6 -8 0 0 0 45 -11 0 -10 -25 0 24 0 0 18 41 0 0 0 25 0 1 0 0 31 
0 -25 37 0 0 0 0 0 33 45 0 0 0 0 0 0 0 1 0 0 0 0 -44 -23 0 0 46 0 0 0 0 0 0 0 0 -22 0 0 0 0 13 0 41 0 0 0 0 -33 0 0 0 0 0 -32 0 4 0 0 0 26 0 0 0 0 0 0 0 0 -6 0 0 0 0 0 -48 22 0 -40 0 0 0 0 0 0 -6 0 0 0 0 0 0 14 0 0 0 0 50 46 0 0 6 0 0 0 -26 0 6 0 0 0 0 0 27 0 50 0 0 -20 45 0 0 0 0 0 0 
-33 -36 0 -28 18 -9 -12 0 0 0 28 -8 0 0 0 0 -3 0 0 35 0 0 0 -3 0 -22 0 0 0 0 0 0 0 0 0 43 0 0 0 0 13 0 0 0 0 -2 0 0 15 0 0 0 0 0 0 0 0 0 50 0 0 0 0 0 41 0 -31 0 3 0 0 0 44 0 0 0 0 0 -14 0 0 37 34 -43 0 0 0 -17 0 19 0 0 14 0 8 0 -11 0 0 0 0 0 16 0 6 0 34 0 27 0 0 0 -34 0 0 -28 0 0 0 0 0 0 0 0 0 
-10 0 0 -10 0 0 0 0 0 0 0 0 -31 0 10 0 0 0 0 -50 0 0 0 -44 0 0 -31 0 0 0 13 0 0 3 -49 0 14 0 0 0 0 0 0 0 0 0 0 -11 -4 0 0 6 0 0 0 0 0 50 45 0 0 0 0 0 0 0 0 0 0 0 0 0 0 0 0 41 0 0 7 0 -36 0 0 0 0 0 0 0 0 30 19 0 -40 -8 0 0 0 0 24 12 7 0 -14 -15 0 0 0 7 -13 -24 0 0 0 0 0 0 0 0 0 0 0 0 29 0 0 
0 0 0 0 0 0 0 0 0 -11 0 0 23 0 0 -36 0 17 0 0 0 0 0 0 0 0 -17 0 0 -35 0 0 0 0 0 0 0 0 0 0 -18 47 0 0 0 0 0 0 0 0 0 0 -23 0 0 0 26 0 0 0 0 -14 0 -46 0 0 0 0 -31 -39 0 0 0 0 0 0 0 0 0 0 0 0 0 23 0 -15 0 0 0 9 0 0 0 0 0 14 0 0 0 0 0 0 0 35 0 0 0 0 30 0 -45 -32 0 0 35 48 0 0 0 0 0 0 0 0 0 
0 0 0 0 0 0 0 0 0 33 0 0 0 38 20 0 0 0 0 0 0 0 0 0 0 0 0 0 0 0 0 -31 0 0 0 0 0 0 25 0 0 0 0 5 49 0 0 20 0 0 0 0 0 0 0 0 0 0 0 0 0 0 0 0 0 0 0 0 0 0 0 0 0 0 0 0 -19 0 0 -24 -19 -40 0 0 0 0 0 0 0 0 0 0 27 0 -14 0 43 0 0 0 0 0 0 0 0 0 0 24 0 2 0 0 0 0 0 0 7 -40 0 5 0 0 0 -8 0 
0 0 11 0 0 -22 -5 0 0 0 0 0 0 0 0 0 0 0 -47 -2 13 -25 0 -23 49 0 0 -11 0 0 0 0 0 1 0 11 -50 -2 0 0 36 0 0 0 0 0 9 0 0 0 -31 0 -24 0 -47 0 0 0 0 -14 0 36 -17 0 0 0 0 0 0 0 -28 0 0 0 0 0 43 0 0 -27 -41 0 39 0 9 0 0 0 0 0 0 0 0 0 0 0 5 0 0 0 0 0 0 0 0 0 0 0 0 0 28 0 0 0 0 0 0 0 0 0 0 42 0 0 0 
0 -29 0 0 0 0 47 -40 31 0 0 -34 0 0 0 0 0 -27 0 0 0 0 0 0 0 0 0 21 37 0 0 0 0 0 0 0 -18 0 0 0 16 -8 0 0 0 -44 0 0 -27 0 0 5 0 0 0 0 0 0 0 0 0 -17 0 0 0 -24 26 0 0 0 -12 0 0 -32 0 50 0 0 25 0 0 0 -14 18 40 0 0 0 42 17 0 0 0 0 0 0 0 0 -19 0 0 0 4 0 0 0 0 0 0 27 0 0 0 0 -37 0 0 0 0 0 0 0 0 38 0 
-14 35 0 -9 0 -32 0 0 0 0 21 0 -26 0 0 0 -34 0 0 0 0 -36 4 0 0 0 37 -45 0 0 0 -23 -11 0 0 0 0 0 0 8 37 -40 0 0 0 -39 0 0 25 0 -49 -4 0 0 0 0 0 0 0 -46 0 0 0 35 0 0 0 -22 0 0 1 0 0 19 0 0 26 0 0 -35 0 0 0 0 0 0 0 -5 0 -34 37 0 0 0 44 0 0 0 25 0 0 0 0 47 0 1 0 1 0 -16 0 0 16 0 11 -10 0 0 0 0 0 0 31 0 0 
0 0 0 0 -22 0 0 2 0 0 0 0 0 -37 0 0 -9 0 29 0 0 0 0 0 0 0 0 0 0 0 0 0 0 0 -1 0 0 -3 0 0 0 -24 0 -1 0 16 0 38 14 0 0 0 -19 0 0 0 0 41 0 0 0 0 0 0 0 0 0 0 0 0 0 0 0 11 48 -13 0 0 -48 0 0 14 0 -50 5 0 -3 24 0 0 0 0 0 0 0 0 -31 0 19 0 -9 0 0 0 0 0 -38 28 0 0 -21 0 0 0 0 -42 0 0 0 0 50 0 14 0 20 
-12 -47 0 38 -32 0 0 0 47 0 0 0 0 0 0 0 0 0 0 0 0 0 0 0 0 0 0 0 0 -27 0 0 0 0 0 0 0 0 0 0 -1 0 0 32 0 39 0 0 0 -26 0 0 -7 0 0 -48 0 0 0 0 0 0 -24 0 0 0 0 0 0 -8 -16 0 0 32 -27 0 0 0 0 0 0 0 0 0 -38 0 0 0 0 0 0 0 0 0 0 0 0 13 0 0 0 0 0 0 0 0 0 0 0 0 0 0 0 20 0 0 0 2 -28 0 -23 0 0 0 0 
44 0 -31 0 0 0 0 -9 42 0 0 0 -18 29 0 -28 0 0 0 0 0 -17 0 0 0 -27 39 26 0 24 0 -18 0 -42 0 0 1 0 -49 0 -24 0 0 8 0 48 23 0 0 -27 44 0 0 -33 0 0 0 -31 0 0 0 0 26 0 0 0 0 -21 0 0 3 0 0 0 0 0 0 0 0 0 0 0 0 0 0 0 31 35 0 35 0 0 18 0 0 0 38 0 20 17 -33 -5 34 0 46 0 -17 0 0 0 -21 -36 0 12 -41 0 -19 0 27 0 -24 0 0 0 0 
0 47 7 0 0 0 8 -14 0 0 30 0 0 0 0 0 0 0 -48 0 0 0 0 0 33 0 0 0 0 0 0 0 0 0 0 0 7 -47 0 0 0 0 0 0 3 0 -40 0 0 0 0 -9 -50 0 0 0 0 0 0 0 0 0 0 -22 0 0 -21 -7 0 -11 0 38 19 0 0 30 0 0 0 0 0 0 -13 0 0 15 0 0 0 4 0 0 0 0 16 0 0 0 0 -30 0 -1 0 35 0 0 0 20 0 0 0 39 0 0 0 0 0 0 0 -32 0 0 0 46 0 
14 0 -42 0 0 0 0 0 0 4 0 27 0 0 0 0 0 0 -43 0 0 0 -42 0 0 0 0 0 0 0 0 0 0 0 0 0 0 0 0 -19 0 0 0 0 -25 -19 0 0 0 0 0 0 4 0 0 0 -6 3 0 -31 0 0 0 0 0 0 0 0 36 0 0 0 0 -20 0 0 0 0 0 0 0 0 0 0 0 0 0 0 0 48 0 0 0 0 0 0 0 0 0 0 0 0 0 0 -8 0 0 0 -10 0 0 0 30 0 0 17 5 -5 0 16 0 0 -24 0 0 
0 0 0 22 21 28 0 23 0 0 44 0 0 0 0 0 0 0 0 0 0 0 0 0 8 0 0 -18 0 -40 0 0 0 0 0 0 0 0 0 0 0 0 0 0 0 0 0 0 0 -34 0 0 0 0 0 0 0 0 0 -39 0 0 0 0 0 -8 0 -11 0 0 0 32 0 0 0 -27 -37 0 0 20 0 0 -26 0 0 24 0 0 -12 0 39 0 0 0 22 0 0 0 0 0 0 38 19 0 0 0 0 0 0 0 -23 0 -48 0 0 0 0 0 0 0 11 0 0 -16 1 
0 0 46 0 -25 0 -40 27 0 0 0 0 0 39 0 0 0 47 0 27 0 0 0 49 0 31 0 0 -44 0 0 0 0 0 0 0 0 37 0 0 0 0 0 0 3 26 0 49 0 -47 0 0 0 0 0 22 0 0 0 0 0 -28 -12 1 0 -16 3 0 0 0 12 -47 -27 0 38 0 -30 0 0 0 8 -28 0 0 0 0 0 -32 44 0 0 0 0 0 0 0 0 4 -28 0 0 0 0 0 0 0 0 0 -2 0 0 0 0 0 0 0 0 0 0 -24 0 0 0 0 0 
0 -20 46 0 29 0 0 0 0 -13 0 -17 0 0 0 0 0 0 0 -33 0 0 0 -36 32 2 -22 0 0 0 0 -9 -19 0 0 6 0 0 -35 0 0 0 0 0 0 0 13 0 0 0 0 0 0 15 0 0 0 0 0 0 0 0 0 0 0 0 0 38 0 32 -47 0 0 0 0 0 0 0 0 0 0 0 31 0 0 0 0 0 0 0 0 0 0 12 -8 0 0 0 0 0 0 0 0 0 0 18 0 0 0 0 0 0 0 7 -38 16 49 0 0 -33 0 0 -33 0 0 
0 -44 0 0 0 0 0 0 0 0 0 0 0 0 0 0 0 0 0 0 -31 0 0 -25 0 0 6 0 0 0 0 0 -41 0 0 0 -6 3 0 0 0 0 0 0 0 0 3 0 0 0 0 -14 0 34 0 0 0 44 0 0 0 0 0 0 0 0 0 19 0 0 -27 0 0 0 38 19 0 0 25 21 0 0 0 5 0 9 0 0 0 0 42 0 7 0 0 -50 13 0 -27 0 0 0 -40 44 0 -49 0 0 0 0 0 0 0 -8 0 16 0 0 0 -41 -19 31 -3 0 0 
0 -43 0 0 0 -41 -34 0 0 0 0 0 0 0 -42 49 0 0 0 0 -14 0 39 0 0 7 0 0 32 0 0 0 0 0 0 0 0 0 0 0 0 0 -21 -18 0 0 0 0 0 -12 0 0 0 0 0 -13 0 0 0 0 0 0 -32 19 11 32 0 0 -20 0 0 0 0 26 0 0 0 0 26 -45 0 0 0 -39 24 0 0 0 0 0 0 0 0 -29 0 0 0 0 0 0 -48 0 -1 -9 0 0 0 50 -1 0 31 44 0 0 0 0 0 0 0 0 -4 -29 0 0 0 
0 0 0 -36 0 0 -11 0 0 33 0 0 0 0 0 0 0 19 6 0 0 0 0 0 0 0 0 0 0 0 0 0 20 0 -3 0 0 0 4 0 46 18 0 -24 0 0 23 0 0 0 0 -39 0 16 0 0 -48 0 0 0 0 0 0 0 48 -27 0 0 0 0 38 0 38 0 0 0 -14 0 0 0 0 0 0 -32 0 0 0 0 0 -32 0 0 0 0 0 2 -5 0 23 0 -6 0 0 0 17 0 0 0 0 16 0 0 16 -38 0 0 -40 0 0 0 0 0 0 0 0 
0 -17 19 0 0 0 0 -22 0 0 0 0 -25 0 0 -6 11 21 33 -15 31 0 0 0 0 0 0 26 27 0 0 0 0 -50 0 0 0 0 0 30 0 0 0 0 0 -10 0 0 0 -28 -43 0 0 0 0 35 22 0 41 0 0 0 50 0 -13 0 0 30 0 -27 0 0 19 0 0 -26 0 0 0 -46 -21 23 0 -47 0 0 0 0 0 0 0 -8 0 0 0 -2 19 -47 0 -46 0 0 -44 0 -42 0 -17 0 -26 0 0 -33 0 0 0 0 -19 3 0 0 0 0 0 0 0 
0 0 -20 0 0 -40 0 0 0 -45 0 8 0 0 0 0 0 25 0 0 0 0 -1 -36 0 0 0 24 0 0 34 -6 0 0 26 0 0 -32 0 0 0 0 -5 2 0 0 0 -8 0 0 0 0 44 0 0 0 0 0 0 0 -19 43 0 26 0 0 0 0 0 -37 -30 0 0 0 -14 0 0 0 -5 -3 0 0 40 0 -37 0 30 0 0 -22 0 42 0 0 0 0 -5 0 0 -3 -28 0 0 0 0 0 47 -34 0 0 0 0 -23 0 0 0 0 0 -6 0 0 0 0 0 0 
0 0 0 3 0 0 0 0 0 -2 0 0 0 0 0 -30 20 0 0 0 0 0 0 0 0 0 10 0 0 0 0 15 38 -21 0 0 0 0 0 0 0 0 0 0 0 0 -14 0 0 0 0 0 0 0 37 25 -40 0 0 0 0 0 0 0 0 0 0 0 0 0 0 0 0 0 0 0 0 0 0 0 -13 0 0 0 0 0 0 0 0 0 0 11 0 0 0 0 31 9 0 0 34 0 0 0 -36 18 -19 0 0 0 0 0 0 0 0 -22 0 0 0 0 0 0 0 0 0 
0 0 0 0 0 0 0 0 0 -9 33 0 0 38 0 0 -26 25 39 0 0 12 -29 0 0 34 0 0 0 0 0 0 0 0 0 26 0 0 0 0 0 0 0 0 0 0 0 0 0 27 9 0 0 0 0 0 0 -14 7 0 0 0 25 0 -48 0 0 0 0 0 0 0 25 26 0 0 -5 0 -47 0 38 0 0 0 33 0 0 4 0 19 -20 -19 -27 0 0 -44 0 0 0 0 0 0 0 0 0 0 0 0 0 -17 0 0 0 0 0 0 0 -23 0 0 0 0 -5 -28 0 
0 0 49 0 0 0 0 -15 -4 -44 0 0 0 0 24 -33 -35 0 0 0 0 0 -42 0 0 0 0 0 0 0 0 0 -23 0 12 0 40 18 0 0 0 8 0 0 0 0 42 0 0 0 0 0 0 3 0 0 0 0 0 0 -24 -27 0 -35 0 0 0 0 0 20 0 0 21 -45 0 -46 -3 0 0 30 0 -46 -38 -46 0 0 0 6 0 0 48 0 -17 0 0 0 0 0 -22 -34 0 0 0 0 0 0 0 0 0 0 0 0 0 0 0 35 0 0 0 0 0 -3 -1 0 0 
0 0 0 30 0 0 -50 0 0 0 0 0 0 0 0 0 0 0 0 10 0 0 41 0 0 0 0 0 0 0 0 0 0 0 0 0 0 0 0 0 48 0 0 0 0 0 0 -41 4 34 25 0 0 0 0 0 0 0 -36 0 -19 -41 0 0 0 0 0 0 0 0 8 0 0 0 0 -21 0 -13 38 0 0 0 0 0 0 0 0 -32 0 0 0 0 0 0 35 0 0 0 1 0 0 25 0 0 0 0 0 -8 0 0 0 0 -48 0 0 0 -31 0 0 0 0 0 -36 0 0 
0 0 0 0 -10 0 0 0 16 0 0 0 0 0 0 -10 0 0 0 0 0 0 50 -8 0 0 0 0 0 0 0 0 0 0 0 0 -29 0 -6 0 0 16 -39 0 0 0 36 0 0 -42 0 0 -47 -46 8 0 0 37 0 0 -40 0 0 0 14 0 0 0 0 0 -28 0 0 0 0 23 0 0 0 -46 0 0 -36 0 0 0 0 0 36 0 0 0 0 50 0 0 0 14 0 0 0 0 -39 0 37 -47 0 0 0 0 13 0 0 0 0 -35 0 48 0 0 0 0 0 0 0 
-10 0 0 0 0 0 0 34 39 0 0 0 41 0 0 0 0 0 0 0 0 26 0 0 0 0 -33 0 0 0 0 0 0 0 0 -32 0 0 0 0 0 2 0 0 0 0 0 49 0 0 0 0 0 0 -3 0 0 34 0 0 0 39 -14 0 0 0 0 -13 0 -26 0 31 0 0 0 0 40 0 0 -38 0 -36 0 -34 0 0 42 -13 0 39 0 0 0 0 0 12 0 15 0 0 0 0 0 0 0 0 0 0 0 0 0 0 -40 0 0 -2 0 0 40 -31 0 -46 0 0 0 
0 0 0 0 0 24 0 0 0 0 0 0 -32 30 29 -25 0 0 0 0 0 -48 0 0 0 0 0 0 0 0 0 48 0 0 0 0 0 0 25 0 -34 0 0 0 -22 -40 0 4 0 0 0 0 0 0 0 0 0 -43 0 23 0 0 18 0 -50 0 0 0 0 0 0 0 5 -39 -32 -47 0 0 0 -46 0 0 -34 0 0 0 0 0 0 0 0 0 0 0 0 0 0 0 -32 49 0 0 0 0 -19 0 0 47 0 0 0 0 0 0 46 0 0 0 0 0 0 0 0 0 50 
0 -11 -23 0 0 0 1 -31 0 6 0 0 0 11 0 0 0 -14 0 0 0 0 0 0 0 0 0 0 -32 0 4 0 0 -50 0 0 0 0 0 0 -22 0 0 0 0 0 -23 -45 0 0 0 0 -46 -29 0 0 -6 0 0 0 0 9 40 0 5 -38 0 0 0 0 0 0 0 24 0 0 -37 0 33 0 0 0 0 0 -28 0 0 -14 0 0 0 0 0 0 0 0 0 -15 0 28 -47 0 0 0 0 0 0 0 0 0 0 19 0 0 0 0 0 0 0 0 0 0 0 16 0 
0 0 0 -37 0 0 0 0 -29 0 42 24 0 0 0 0 0 0 0 0 0 0 0 0 0 0 0 38 0 0 -15 0 0 0 0 -17 0 0 0 -43 0 0 0 0 0 0 -27 0 0 0 0 0 -2 0 -22 49 0 0 0 -15 0 0 0 0 0 0 0 15 0 24 0 0 9 0 0 0 0 0 0 0 0 0 0 0 0 -14 0 38 0 0 -25 0 20 0 49 0 0 0 24 0 0 0 0 0 0 0 0 0 13 0 0 0 0 0 0 0 -14 -42 0 0 0 0 18 24 0 
0 0 0 0 -5 0 0 0 0 0 0 5 0 0 0 0 0 0 0 -47 0 0 0 19 0 0 0 0 0 0 0 0 0 0 0 -7 0 -37 0 23 0 0 0 20 0 0 0 0 0 0 0 0 0 -5 -17 0 0 0 0 0 0 0 0 0 -3 0 31 0 0 0 0 0 0 0 0 0 30 0 0 0 0 0 42 0 0 0 0 -25 31 0 0 32 0 -40 0 0 0 0 0 0 0 -12 0 -35 0 0 0 0 0 0 0 0 0 0 -27 0 0 6 0 -16 0 0 0 0 -7 
0 0 23 0 0 0 0 0 3 0 0 50 0 0 0 0 0 0 0 0 4 0 -36 0 15 3 -21 0 0 0 0 0 -40 0 0 31 0 1 21 0 0 0 0 3 31 0 21 0 0 0 1 15 0 0 37 0 0 -17 0 0 0 0 0 -5 24 0 35 0 0 0 -32 0 0 0 0 0 0 0 4 6 -32 0 -13 0 -14 38 -25 0 0 0 36 0 0 -29 -37 16 0 12 42 0 0 0 39 0 -13 0 0 0 0 24 0 0 0 0 0 29 -32 0 0 -18 0 50 24 0 0 
0 0 -13 0 0 0 0 0 0 0 0 0 0 -36 0 0 0 0 0 9 0 0 -50 0 11 0 0 0 31 -33 0 0 0 0 0 0 -45 0 0 0 0 0 0 0 38 0 34 0 0 -26 0 0 -13 31 0 0 0 0 0 0 0 0 42 0 0 0 0 0 0 -12 44 0 0 0 0 0 0 0 0 0 0 36 0 0 0 0 31 0 0 0 0 0 0 1 0 0 0 0 0 11 0 0 0 0 0 0 0 0 0 0 0 0 0 0 0 0 0 0 12 0 34 0 0 0 0 
0 0 0 0 0 0 0 0 49 12 2 28 0 0 -46 48 0 0 0 0 0 0 49 0 0 0 -3 0 0 0 12 0 0 0 0 0 -25 0 -35 0 -24 0 0 25 -12 0 0 0 0 -13 0 0 0 0 0 34 0 19 30 9 0 0 17 -34 0 0 35 4 48 0 0 0 0 0 -32 0 -22 0 19 0 0 0 39 0 0 0 0 0 0 0 -3 0 -25 -6 -25 0 0 0 0 22 0 0 0 -44 0 0 0 0 0 0 0 0 0 0 0 -33 -16 27 0 -22 0 -17 -1 0 -24 
0 0 -44 0 0 0 0 0 0 0 0 0 0 0 0 0 0 0 0 29 0 -35 0 0 -45 0 -29 0 -9 -38 0 0 0 0 0 0 0 0 0 0 0 6 43 0 0 0 0 -12 0 0 0 0 18 0 0 0 0 0 19 0 0 0 0 37 0 0 0 0 0 39 0 0 42 0 0 0 0 0 -20 48 0 0 0 0 0 -25 0 36 0 -3 0 0 0 6 0 0 0 0 32 0 29 0 0 34 0 -22 0 26 -4 0 0 0 0 0 9 0 0 9 0 21 0 1 13 0 0 
0 0 0 0 0 0 0 0 0 -28 0 0 0 0 0 0 0 0 -39 0 0 0 0 0 7 0 0 0 0 -25 0 0 0 0 0 0 0 0 44 -35 0 0 8 0 0 -32 8 -12 -9 0 0 0 0 0 0 -40 14 0 0 0 0 0 0 0 0 0 0 0 0 0 0 0 0 0 0 -8 42 11 -19 0 0 0 0 0 0 0 32 0 0 0 0 0 0 0 0 35 0 0 44 -4 -30 -47 0 0 0 0 0 -11 0 0 3 0 0 41 -22 0 -47 0 0 0 -6 0 0 0 0 
0 0 0 0 0 0 0 5 0 30 1 0 0 0 0 0 0 -11 34 36 0 0 0 6 0 0 2 40 0 0 0 -39 0 0 0 0 0 0 18 -49 0 0 0 -15 0 0 0 0 8 0 0 0 0 0 0 0 0 14 -40 0 27 0 0 0 0 0 18 0 0 0 0 0 7 0 0 0 0 0 -27 -17 0 0 0 0 0 20 0 0 0 -25 0 0 -14 0 0 0 0 11 0 -41 -28 0 0 0 0 0 0 0 39 0 0 0 0 0 0 0 0 0 14 0 -46 0 0 10 0 
0 0 0 30 17 0 0 2 0 0 0 0 0 0 0 0 0 0 0 0 0 0 0 47 0 0 0 0 3 0 0 -6 0 0 0 0 0 0 0 0 0 -28 0 0 0 0 0 33 0 0 0 0 -28 -24 0 0 0 0 -8 0 0 0 0 0 0 0 0 0 0 0 0 12 0 -29 0 0 0 0 0 0 0 50 0 0 0 0 -40 -29 1 -6 6 0 0 0 27 0 -9 0 0 -11 23 21 0 0 0 0 0 17 -2 0 0 0 0 0 0 0 36 0 0 0 0 0 0 0 -18 
44 0 -42 0 -36 25 0 38 0 0 29 0 0 0 0 0 0 27 0 0 0 0 -20 0 2 0 0 0 0 0 0 0 0 0 36 1 0 -7 0 0 0 -22 0 0 0 0 43 0 0 0 0 0 12 0 0 0 0 8 0 0 -14 0 0 44 0 0 0 16 0 22 0 -8 0 0 0 0 0 0 0 0 35 0 0 0 0 49 0 -37 0 -25 0 0 0 27 0 0 0 33 0 0 17 0 0 38 0 0 0 0 0 22 0 0 0 3 0 -15 0 -17 0 -27 0 0 0 0 0 
-11 0 0 0 0 0 0 0 0 0 0 0 -48 -34 38 0 30 0 0 -19 -27 0 0 0 0 0 0 0 0 0 0 0 0 0 -29 0 -3 0 0 0 5 0 0 21 0 46 32 1 0 0 8 -8 0 0 0 13 0 0 0 14 0 0 0 0 0 0 0 0 0 0 0 0 -50 0 2 -2 0 0 -44 0 0 0 12 0 0 0 0 16 0 0 0 35 0 0 0 0 22 -12 0 -49 0 0 0 0 0 0 0 -24 10 0 0 45 0 -12 0 0 0 0 -15 0 19 -26 0 0 0 
0 -29 0 0 0 -28 0 0 0 0 0 0 0 0 3 -4 39 0 0 0 8 0 0 0 0 0 0 0 0 4 0 0 0 -6 0 0 0 0 0 0 0 0 0 0 0 0 0 0 0 34 0 0 0 -2 0 0 50 -11 0 0 43 5 0 0 -31 0 38 0 0 0 0 0 13 0 -5 19 -5 31 0 0 0 0 0 0 0 0 0 0 0 0 0 0 0 -9 0 22 0 0 0 44 0 0 0 0 0 0 0 -41 0 0 0 0 0 0 0 0 0 0 0 0 0 0 0 0 -10 
0 0 0 42 0 0 -39 0 0 -39 0 0 0 31 14 19 -15 -22 -4 0 0 0 0 0 0 0 0 0 -2 0 0 24 0 0 0 0 -8 20 0 0 0 0 0 0 0 44 0 0 0 0 0 0 0 0 -48 0 46 0 0 0 0 0 0 0 0 13 0 0 0 0 4 0 0 0 0 -47 0 9 0 0 0 14 15 0 -15 0 0 12 0 0 0 0 11 0 33 -12 0 47 -28 0 0 0 -14 0 0 0 0 0 1 16 0 -26 0 0 0 0 0 0 0 0 0 0 0 0 0 
0 0 0 0 0 0 0 0 0 0 0 41 0 0 0 0 -41 -26 0 0 0 0 -14 17 -16 0 0 0 0 23 0 0 0 0 48 0 0 42 0 0 0 0 0 0 0 0 -48 -41 0 0 0 0 0 0 0 0 0 0 24 0 0 0 -19 25 19 0 20 0 0 0 -28 0 -27 0 23 0 0 0 0 -22 1 0 0 -32 0 24 0 42 0 0 32 44 0 0 0 0 0 -28 0 0 0 0 0 0 0 0 0 0 0 0 0 0 0 0 0 0 -23 0 0 2 0 0 0 -39 0 
0 0 -46 38 0 0 17 0 0 0 5 0 4 0 29 0 9 0 0 0 0 48 46 0 0 0 0 0 0 -9 0 0 0 0 0 -27 27 45 0 0 -24 21 39 0 -4 -8 0 0 0 0 -42 -43 0 0 0 0 0 0 12 0 0 0 0 0 0 0 17 -30 0 0 0 0 0 0 0 -46 -3 0 0 -34 0 0 0 49 28 0 0 0 11 22 0 -4 -41 -11 0 -49 44 0 0 -15 0 -14 0 -31 0 0 -40 0 0 0 0 0 28 0 0 42 0 0 44 0 0 0 1 0 11 
0 0 0 0 0 0 0 0 0 0 0 10 0 0 0 0 0 0 0 0 0 5 0 0 0 0 0 0 -26 0 0 0 -45 37 16 0 0 0 24 0 0 0 0 -42 0 25 0 22 0 0 0 0 -44 0 0 6 6 0 7 0 0 0 0 0 -9 0 -33 0 0 0 0 0 0 -48 -6 0 -28 34 0 0 0 0 0 0 -47 0 0 0 0 0 29 -30 -28 23 17 0 0 0 0 0 0 -19 0 4 0 0 0 0 0 -5 0 17 50 0 0 0 0 0 7 0 29 0 0 0 0 
0 0 -13 0 0 0 0 0 6 0 4 0 14 28 0 0 0 0 0 0 0 3 15 -41 36 -10 -39 0 22 24 0 -46 0 0 0 0 0 0 0 -48 0 0 11 0 0 16 0 0 0 0 0 0 0 -36 -38 -8 0 0 0 0 0 0 0 0 0 0 -5 -1 0 38 0 0 0 0 0 0 0 0 0 0 25 0 0 0 0 0 -12 0 0 0 0 -47 0 21 0 0 0 0 0 -14 -19 0 0 -43 11 0 0 48 -20 0 -27 30 0 0 0 0 0 0 0 -29 29 0 44 -25 0 
0 33 0 -30 0 -1 31 -34 50 0 -25 0 0 -50 0 -42 0 0 0 0 0 0 0 -15 0 0 0 0 10 0 0 -21 -12 0 0 0 0 0 0 -43 0 -38 0 18 0 -23 0 0 0 0 0 0 0 4 0 0 0 16 -14 0 0 0 4 0 0 0 34 0 0 19 0 0 -40 -1 0 -44 0 0 0 0 0 -39 0 0 0 0 0 39 0 0 0 0 0 0 0 0 0 -14 0 0 0 0 0 0 0 0 -5 0 0 -10 0 0 -8 0 2 0 0 0 0 0 -10 43 16 -49 0 
0 -3 0 0 0 0 -19 0 0 0 0 0 0 -13 19 0 0 -35 -17 0 -34 0 0 -26 0 0 0 -18 21 0 0 0 0 0 -4 0 0 0 0 -32 0 0 0 -17 0 0 0 13 0 0 0 0 0 0 27 0 0 0 -15 35 0 0 0 47 0 0 0 35 0 0 0 0 44 -9 0 0 0 0 0 0 0 0 0 0 0 0 -35 0 0 -44 34 0 0 0 38 0 0 0 0 -31 4 -43 0 0 0 0 2 0 0 0 0 0 -45 -43 0 0 0 31 0 0 -34 -31 30 0 0 
0 -46 0 21 -6 0 0 42 0 -8 0 -37 0 0 0 0 -18 -40 0 41 40 0 0 -17 0 -8 9 0 35 0 2 0 0 -6 0 0 0 0 0 0 0 -9 0 -43 0 0 -29 0 0 0 0 0 0 0 0 0 -26 6 0 0 0 0 0 0 0 0 46 0 -8 0 0 0 0 0 17 -42 0 -36 0 0 0 37 0 -19 0 0 0 -13 0 0 0 0 0 0 0 0 0 0 0 0 0 11 0 0 14 0 0 0 0 21 23 -41 0 0 0 0 -2 0 41 0 0 0 0 0 0 
0 -43 0 0 0 0 0 0 0 0 0 0 0 0 -11 -37 0 -19 0 0 0 0 0 0 -10 -10 0 -11 0 -10 33 0 0 0 26 0 0 32 0 0 14 0 0 0 -24 0 0 0 0 0 0 0 30 -43 0 45 0 0 0 0 0 0 0 1 0 0 0 0 0 0 0 18 -49 0 0 0 0 18 0 0 0 -47 0 0 0 0 0 0 0 0 -22 0 0 0 0 0 0 0 0 0 0 0 0 0 0 0 0 0 0 0 0 0 0 0 0 0 -39 0 0 0 0 0 0 0 0 
46 0 0 14 0 0 6 0 0 0 0 0 0 43 -6 0 44 -28 -9 0 0 0 0 0 32 0 -14 -21 -25 0 0 0 0 -18 0 -16 0 -6 -29 -38 0 7 -24 0 0 -42 0 46 0 0 -39 0 0 0 0 -11 6 34 0 0 0 0 0 0 -38 0 -17 0 0 0 0 0 0 0 0 -17 47 -19 0 0 0 0 0 0 0 0 0 0 0 0 0 0 0 0 0 0 0 0 0 -40 0 0 -5 2 0 0 -41 0 -34 0 0 0 0 6 0 -38 -41 0 0 0 0 0 0 44 0 
-19 0 0 0 0 0 0 -6 17 -42 0 0 0 0 0 0 0 18 30 49 0 0 21 0 0 0 0 0 0 0 0 0 0 0 27 -18 0 0 0 0 0 0 0 0 0 -14 0 0 0 0 0 0 0 -3 24 0 0 0 7 0 24 0 0 1 28 0 0 20 0 0 0 0 0 50 0 0 -34 0 0 0 -8 0 0 47 0 0 0 0 0 0 26 -11 0 17 0 -24 -41 0 0 0 0 48 0 0 0 0 0 0 5 -40 0 0 0 0 -36 0 0 0 1 0 0 0 0 0 8 
0 0 0 0 0 0 0 0 0 0 0 -7 0 0 0 0 0 0 0 0 0 0 0 0 -29 0 0 0 -7 -7 0 49 0 16 -4 0 0 0 0 0 0 17 0 0 0 -12 -26 0 0 44 21 0 -8 0 0 -10 0 27 -13 30 0 0 0 0 0 0 0 0 -10 0 -2 0 0 -1 0 -26 0 0 0 0 0 0 0 0 0 13 0 0 0 0 -4 0 39 -2 0 10 0 1 0 0 0 -20 0 0 0 0 -34 5 0 0 0 0 21 0 0 0 0 -14 0 -6 0 0 0 0 0 
0 0 0 3 0 -42 0 0 0 15 0 -40 0 2 0 -30 0 33 50 0 0 -45 -34 0 0 0 0 0 4 0 0 -31 0 0 0 0 0 1 0 0 0 -26 0 0 20 0 0 17 -26 37 0 26 0 0 -28 -25 0 0 -24 0 2 0 27 -16 0 0 0 0 0 0 0 0 0 0 16 0 0 0 -17 0 0 0 0 0 0 0 0 24 0 0 0 0 0 0 22 0 0 16 0 0 -5 0 -10 0 21 0 0 -40 0 0 1 0 28 0 0 0 0 0 -22 0 0 13 0 -6 0 
-31 11 0 0 0 17 -37 0 0 0 -40 0 0 -4 40 0 0 0 0 0 0 14 0 0 0 0 0 34 0 0 0 0 24 -29 0 0 -49 0 -25 0 0 0 0 0 0 -41 0 -34 0 0 0 0 0 0 0 0 0 0 0 -45 0 28 0 0 -21 0 -21 0 0 -23 0 0 0 31 0 0 0 0 0 0 0 13 0 0 0 0 0 0 0 0 0 3 0 0 0 0 0 0 0 0 0 -27 0 0 23 0 0 0 0 1 0 0 0 0 31 22 0 -47 -15 0 -5 -31 0 0 0 
0 0 0 0 7 0 -6 0 42 0 0 0 32 0 0 0 11 0 0 0 0 0 0 0 0 10 0 0 0 -25 17 -3 0 0 0 0 0 0 38 -38 9 0 -2 0 0 0 0 0 0 26 20 0 0 0 0 24 0 0 0 -32 0 0 0 0 0 0 -36 39 0 0 0 0 0 44 0 -33 0 0 0 0 0 0 0 0 19 0 0 0 0 0 0 0 0 0 0 45 0 -26 0 0 17 30 0 0 -41 0 0 0 0 0 0 0 0 0 0 26 -19 0 0 0 0 0 -2 0 0 
5 27 -39 0 0 0 -41 0 0 15 0 -8 0 5 0 0 29 0 0 0 0 0 49 0 50 -8 0 0 0 0 0 0 0 0 0 23 0 0 0 0 0 0 -30 0 0 0 0 0 0 0 0 0 0 0 0 0 27 -34 0 0 0 0 0 16 0 0 0 0 30 -48 0 0 0 0 16 0 -23 0 0 0 -48 0 -40 0 0 0 0 0 0 0 0 0 0 0 0 0 0 0 0 28 50 0 -8 -45 0 0 0 0 21 28 0 0 0 0 0 0 0 0 0 0 0 0 0 0 0 
0 -37 49 -40 0 -21 0 -4 0 -32 -44 -44 0 0 0 0 0 0 0 0 0 0 0 0 0 13 0 0 0 0 0 0 0 45 0 0 -14 0 0 0 0 0 -33 0 0 0 0 0 0 0 -43 0 -48 28 0 0 0 0 0 0 0 0 0 0 0 20 12 0 0 0 0 7 -8 0 -38 0 0 0 0 0 0 0 0 0 0 0 0 0 0 0 0 41 0 0 3 -12 0 0 0 0 0 0 0 -43 0 0 6 0 0 0 0 0 0 0 31 0 0 37 0 0 0 0 0 0 0 
0 29 0 0 24 0 0 0 0 0 0 9 0 0 0 0 0 0 -17 0 5 0 0 0 19 0 36 0 0 2 0 0 -50 0 0 0 0 -14 0 0 -22 26 0 0 0 0 0 0 0 0 0 0 0 15 0 18 50 0 0 35 0 0 -37 11 0 0 -41 0 0 0 0 -38 0 0 0 0 0 0 0 0 0 0 0 46 0 0 -27 0 0 0 9 -22 0 0 0 0 0 0 0 0 0 0 2 0 0 0 0 -36 0 0 31 0 0 31 0 0 1 0 -28 0 0 0 0 0 0 
-36 -50 19 0 0 0 0 0 -6 0 -39 0 -27 0 0 0 0 11 0 0 25 0 -29 29 0 0 0 0 -12 0 0 0 0 43 0 15 0 0 0 -39 0 0 0 0 0 0 43 0 0 0 0 0 0 1 -3 41 0 -28 0 48 0 0 0 -10 -42 0 0 0 17 0 0 16 16 0 0 0 0 -22 0 35 0 -35 -2 0 0 0 0 29 0 -33 0 0 0 0 -15 0 0 0 0 42 0 0 0 0 0 0 -38 0 0 0 22 26 0 0 0 0 0 0 0 0 0 36 0 0 0 
0 0 0 5 0 0 30 -30 -45 -5 0 50 0 6 0 0 -42 0 0 0 0 0 -41 0 0 -32 -27 0 -11 0 -19 0 0 0 0 0 0 -12 0 0 0 31 -15 49 0 0 0 28 0 -14 0 0 -10 0 0 0 0 0 0 0 7 0 0 0 0 0 -19 0 5 0 0 49 0 0 -40 -19 0 0 0 0 -31 0 0 0 0 -14 0 -32 0 -16 0 -47 0 36 0 0 0 0 -23 0 0 0 0 0 -2 -39 -41 0 0 0 0 -19 0 0 1 0 18 0 10 0 0 0 37 0 0 
-11 0 0 0 -49 0 0 -42 0 0 0 0 0 0 0 0 0 0 -40 0 -21 -28 34 0 0 0 -44 0 0 -49 0 -33 0 -6 0 0 0 0 0 0 0 0 0 0 0 0 0 -17 0 0 0 0 9 0 13 0 -20 0 0 0 -40 0 0 0 0 2 0 0 -5 0 0 0 0 0 0 3 0 0 -23 0 0 48 0 0 0 -42 6 0 0 27 9 0 0 0 -17 0 0 0 0 0 0 0 0 31 0 0 0 0 -14 0 -47 0 0 37 0 0 0 2 0 0 0 20 24 0 0 
0 0 0 0 0 0 0 0 0 6 -38 0 0 0 0 0 -11 17 50 0 -43 -19 0 0 24 0 0 6 0 0 -48 -47 0 0 0 0 48 0 0 -31 0 4 0 7 -14 0 0 0 0 0 0 0 0 0 -47 0 45 0 0 0 0 0 0 0 0 -28 27 0 0 0 0 0 0 0 0 0 -6 0 0 0 0 0 40 0 0 0 0 0 12 0 0 0 14 0 0 -15 0 0 0 44 7 0 0 0 41 0 0 1 0 -22 -15 0 0 0 -28 0 10 0 0 0 22 -14 0 15 0 
-38 0 0 0 0 0 0 0 0 0 0 29 -28 0 0 0 40 0 0 0 0 8 0 0 0 0 5 -43 0 0 6 0 0 46 0 0 0 23 0 0 0 0 7 0 0 -34 0 0 0 4 0 0 0 38 0 25 0 0 0 0 5 0 0 0 0 0 0 -32 16 0 -24 -33 -41 0 0 0 0 0 0 0 0 0 -31 0 0 0 -16 -18 0 -22 21 0 0 0 -27 0 0 0 2 0 0 -29 0 0 0 0 0 0 -6 0 0 0 0 0 0 0 0 0 0 0 -20 0 0 0 0 
0 32 0 43 0 0 9 38 0 -31 0 0 0 0 50 0 0 -42 39 -45 0 0 0 0 0 -20 -10 0 -31 0 0 0 0 0 0 -24 0 0 0 8 0 50 0 43 0 0 33 41 0 0 0 0 0 0 0 0 0 0 0 0 0 0 0 0 50 -23 -24 0 0 11 0 0 -19 -4 0 0 0 0 0 0 0 0 0 0 0 0 0 0 34 0 0 -6 -46 0 0 19 0 0 0 0 29 29 -10 -34 0 0 0 0 0 0 -5 0 0 0 0 0 0 0 22 -20 0 0 0 4 0 
0 20 0 -27 0 0 0 0 -4 0 0 -5 0 0 0 0 0 0 34 0 -50 0 0 0 0 0 0 0 0 44 0 0 0 0 0 0 -13 -6 -41 0 -47 0 0 -15 0 0 0 0 0 0 0 0 0 0 0 1 0 0 0 0 0 42 0 0 0 0 0 0 0 0 0 0 31 -29 0 0 0 0 0 -3 0 0 -46 0 0 0 0 50 0 -17 1 0 0 0 0 -26 0 0 0 0 0 0 43 -31 0 0 0 0 0 13 -31 0 0 0 0 36 0 20 -14 0 0 -3 0 0 0 
0 0 0 0 0 0 0 41 0 -38 0 0 0 0 0 0 0 0 0 0 41 0 0 0 0 0 0 26 0 0 0 0 0 0 0 0 -30 0 0 0 0 0 -15 -18 0 40 0 -40 21 0 0 0 0 0 -19 0 0 0 29 0 0 0 0 31 14 0 0 0 -24 0 0 -33 -3 0 0 0 0 0 -5 -1 -36 0 0 0 0 18 0 24 0 -1 13 0 0 0 0 0 0 0 0 1 0 44 16 30 0 0 0 0 0 0 0 -2 0 0 0 0 37 24 0 0 0 0 0 0 0 
0 -12 27 0 0 0 0 0 0 0 0 9 0 -25 0 0 41 0 0 0 -40 38 4 0 10 0 -5 0 0 0 0 0 0 0 0 0 0 0 17 0 0 0 5 0 0 0 0 0 0 0 0 0 0 0 0 0 0 0 0 0 -8 0 38 0 0 0 0 46 0 -16 0 0 0 0 0 0 0 0 -28 0 0 0 0 0 16 24 0 0 0 0 0 0 10 0 0 0 0 0 -39 0 0 -25 -49 0 0 0 44 0 0 -6 0 0 0 0 0 0 0 0 15 0 4 0 0 0 0 
0 -41 0 0 0 -25 0 0 0 0 0 -20 28 0 -34 0 0 0 0 37 0 0 0 0 0 0 -39 0 12 -48 -13 0 0 0 0 0 0 0 0 0 0 0 0 0 0 0 -26 0 0 5 0 0 0 -43 0 31 0 0 0 0 0 0 0 0 20 0 0 0 0 1 0 0 0 0 0 0 0 0 0 0 0 0 0 50 0 0 -7 0 0 -24 0 0 0 -18 0 0 -10 0 0 11 0 0 0 0 0 0 0 8 0 0 0 0 0 0 0 0 0 0 0 0 0 0 0 0 0 
