125
33 29 -29 39 -26 34 48 -13 27 -46 29 25 11 -7 43 -37 -31 -40 -21 44 -19 32 42 31 46 32 -11 -10 -44 29 -20 -46 -20 20 -35 -32 4 17 -42 47 23 -49 35 -2 -49 -27 1 12 13 45 -45 -49 -7 10 9 -7 -20 22 -45 -43 -46 30 -11 26 34 3 -44 -13 31 42 46 -45 -5 -49 -40 -14 -50 27 18 48 -7 17 14 14 43 23 -41 -35 -34 5 -15 3 27 -39 27 18 -43 43 39 42 -50 16 26 25 9 -44 -42 25 -4 14 -42 -22 -35 -22 44 -1 -1 -41 -43 -45 -29 -31 43 28 -33 
-48 0 -30 0 0 0 30 -6 -44 0 -15 37 9 0 12 35 0 0 14 0 0 11 -28 0 0 0 1 0 25 -3 0 -38 -22 -16 15 -12 0 0 -22 -43 26 0 -10 31 -23 9 2 0 0 -23 -29 -40 0 4 17 23 -8 -26 -49 0 0 0 0 21 0 0 0 0 1 -22 12 0 0 0 0 11 42 -29 0 0 0 -16 -29 0 23 0 0 -4 13 0 44 0 0 -4 50 0 30 -7 0 -47 37 37 0 0 0 0 0 34 -35 0 0 7 0 29 0 -27 0 0 33 0 0 0 -30 16 36 
0 -8 0 0 35 -40 0 0 0 0 0 0 5 37 0 22 0 -27 22 0 -16 0 47 41 -13 0 0 27 0 0 -27 0 0 15 0 13 -46 -33 -1 48 38 0 0 0 0 -10 0 0 -47 0 17 -12 0 0 0 -44 -22 42 18 0 -6 0 0 0 0 8 -33 11 28 49 -49 0 0 -1 0 0 0 0 -13 0 0 0 0 0 -24 38 23 -49 4 3 0 15 5 -1 0 12 0 8 -2 0 -25 -39 45 -6 23 0 6 0 42 -38 0 -5 0 -21 0 0 -27 -25 -10 0 0 11 0 -35 -35 
-30 0 -24 1 1 -15 20 0 0 -24 0 0 0 24 -30 -48 0 0 -33 12 0 43 -34 34 48 0 0 0 5 -2 0 0 0 -11 0 0 0 27 0 -2 36 0 27 39 0 0 0 -27 18 43 14 -20 10 0 0 0 0 33 0 0 0 0 -41 14 -49 -40 0 0 0 -20 0 0 0 0 0 0 0 0 22 0 0 0 -35 0 0 0 0 18 0 31 -37 -44 -24 -50 -41 33 27 -21 0 0 -30 0 37 22 20 48 0 44 5 0 0 0 48 49 0 0 -22 -38 0 28 0 0 -21 0 0 
0 0 1 29 -7 -30 0 0 0 34 -19 0 -32 0 -6 0 0 44 0 -34 0 0 0 0 0 0 -40 0 0 0 0 40 27 0 0 0 19 7 0 0 0 0 0 0 0 0 18 13 0 47 0 0 0 -4 27 0 -2 30 0 0 28 0 33 -2 15 0 0 0 -28 0 0 -14 26 -10 40 0 0 0 0 21 0 19 44 45 0 0 -20 18 0 42 -7 -33 0 0 18 0 -46 0 0 -36 33 -45 18 0 -44 0 -16 0 -50 0 -17 0 -27 0 -48 34 0 0 -8 -23 44 35 0 0 4 
0 35 1 -7 -38 0 0 0 0 0 24 42 -23 0 0 16 -15 0 0 0 0 0 -24 0 0 0 -21 -50 0 -14 0 45 0 6 0 -24 0 0 0 30 -39 0 48 0 -30 0 0 0 8 -3 -45 0 0 -29 0 0 41 44 0 48 0 29 0 -26 28 0 0 0 0 35 0 0 0 19 16 0 -29 20 0 0 38 0 0 -49 50 0 0 33 0 37 0 0 0 0 -17 0 46 -42 0 0 0 -3 40 13 0 34 0 0 -19 0 0 -24 41 48 0 32 33 0 29 22 33 0 0 0 -8 
0 -40 -15 -30 0 1 0 -13 0 -49 0 0 13 -27 0 -30 37 36 0 0 -25 0 0 46 -7 42 -26 0 -39 41 0 -43 -41 -12 -43 0 0 -16 0 -19 0 -42 -16 47 0 0 19 -48 33 0 -19 0 0 0 0 -43 0 0 -38 -24 0 0 0 0 0 -29 0 -50 0 0 -11 -14 0 -7 0 -13 0 0 0 0 -35 0 -38 0 30 0 0 0 -15 -26 6 0 0 32 47 -16 0 0 0 49 -35 0 3 -30 0 -38 22 -48 14 8 -36 -40 25 25 -35 -7 35 0 0 0 0 -42 -6 19 0 
30 0 20 0 0 0 7 0 -21 0 -8 -24 -32 0 -34 43 0 -32 0 0 0 -1 10 0 44 20 0 -26 -36 0 24 0 -40 0 40 0 8 44 -8 48 0 21 0 0 -46 0 0 0 -33 0 -6 -36 0 38 0 0 36 3 0 32 0 7 -9 -15 0 -25 0 -6 0 24 0 36 -2 37 0 0 0 0 -31 -18 4 0 -41 0 13 49 30 -15 0 -49 0 49 13 50 -15 -24 -19 -38 0 0 1 -50 -23 0 -40 0 0 22 0 0 8 38 -23 0 0 0 0 -25 0 19 0 0 -28 0 37 
-6 0 0 0 0 -13 0 -48 0 8 0 0 -22 -47 21 0 7 0 -42 -1 0 0 0 24 36 -45 -50 0 0 0 44 -32 0 0 0 45 10 46 0 0 14 -8 45 0 47 0 46 0 0 4 -41 40 37 13 -6 -45 0 0 -49 0 0 24 32 0 0 -20 0 11 -44 50 35 -42 -3 1 0 46 0 0 -41 -17 -35 19 0 0 0 0 0 42 18 0 0 0 13 27 0 0 0 0 38 16 0 0 34 -24 0 0 0 0 0 -21 43 0 0 -38 0 0 0 0 0 0 -12 -6 0 27 0 
-44 0 0 0 0 0 -21 0 -46 16 0 4 -22 9 0 0 0 -24 0 -10 -50 -26 -25 0 0 0 20 0 12 0 0 0 0 42 48 0 47 4 7 43 -45 -27 0 -48 0 -4 0 31 -23 -25 -38 0 27 0 44 0 14 -32 -12 30 0 0 25 0 2 -37 -45 -27 -26 15 0 29 21 0 0 0 0 3 -11 43 39 -17 0 0 0 0 0 0 -12 0 0 0 0 -15 0 -8 0 -43 -46 -44 0 0 0 47 -24 19 0 -22 0 0 0 0 0 0 0 -12 0 0 0 48 0 0 45 0 39 
0 0 -24 34 0 -49 0 8 16 0 39 0 5 -44 0 0 0 0 1 -49 -25 0 38 47 0 5 0 0 28 -2 32 45 -45 -26 0 0 -43 -20 0 0 0 11 -36 29 -46 0 0 0 0 4 10 47 0 0 0 0 0 33 0 -50 -33 -11 0 0 0 0 0 30 32 0 0 0 0 0 0 -14 -22 35 0 3 0 -9 0 14 34 0 0 0 0 -32 0 0 -9 0 0 0 0 0 0 -50 35 0 0 -10 0 -42 0 0 0 0 28 0 0 0 28 40 0 0 0 11 0 0 0 0 21 
-15 0 0 -19 24 0 -8 0 0 39 0 0 0 -11 0 0 23 0 0 0 -16 0 -41 0 43 -30 0 0 -18 0 10 -13 45 -16 -2 3 19 0 29 21 0 0 0 0 0 0 0 44 0 47 -21 20 1 0 0 -37 0 17 2 -47 0 50 0 0 4 20 0 -20 -2 -43 0 4 0 15 28 -41 29 -36 -50 14 0 -12 -46 0 35 31 0 -15 0 0 -12 -47 0 12 -14 0 40 32 0 14 10 0 -42 48 -34 11 -18 0 0 -35 31 0 0 0 0 0 0 0 -21 0 0 0 -36 13 14 
37 0 0 0 42 0 -24 0 4 0 0 0 0 0 0 0 0 29 0 -13 -44 -20 -28 0 0 35 0 -4 -39 0 10 0 0 -22 -29 0 0 0 0 0 -5 -21 23 0 -45 37 -20 -8 -8 0 0 0 0 0 0 0 45 0 0 -36 0 0 6 -36 0 6 0 25 36 -4 0 28 0 -2 -7 48 39 16 0 -49 0 0 -34 0 0 -31 0 -28 20 -13 -39 12 -28 0 34 0 0 16 -3 -22 0 0 0 0 -29 0 -6 -40 -13 0 29 -35 0 1 0 -3 0 -49 -29 0 0 29 -28 -35 0 
9 5 0 -32 -23 13 -32 -22 -22 5 0 0 -27 38 -2 -50 -40 0 49 -31 0 0 0 45 -44 0 -15 47 0 0 0 0 -36 -3 0 -43 0 0 36 0 49 0 1 32 -35 0 -16 -3 0 0 2 0 0 0 11 22 -2 0 0 0 0 0 1 -21 -24 -11 0 0 0 0 -39 0 -10 -41 0 40 50 -11 0 -50 0 -27 -29 0 0 0 0 32 0 -45 0 36 0 0 30 5 0 0 0 0 -17 -16 0 43 0 12 0 -7 -3 0 0 28 18 -6 37 -32 0 -42 0 0 0 1 0 0 0 
0 37 24 0 0 -27 0 -47 9 -44 -11 0 38 12 0 6 -28 34 0 0 44 29 0 0 9 0 -37 0 0 -16 0 0 -7 -44 0 -1 34 -30 43 38 0 0 0 5 0 -45 -48 -31 -40 -28 12 -29 50 0 0 23 50 0 14 17 0 20 0 0 0 -9 47 0 -3 -33 43 9 -39 0 -37 -28 0 0 0 14 14 0 0 -23 0 0 0 -28 0 -46 -48 0 0 0 0 -44 -25 46 20 0 26 0 0 0 0 0 0 0 -47 -44 46 0 -31 9 8 0 0 47 0 0 0 46 0 0 0 
12 0 -30 -6 0 0 -34 21 0 0 0 0 -2 0 0 0 0 -38 0 23 -4 13 -20 0 0 28 -40 0 0 49 0 0 22 0 31 -33 -41 0 -22 0 27 0 -46 22 25 0 -32 0 -25 0 0 0 -36 0 44 17 29 0 20 0 0 -7 17 4 0 0 43 3 0 0 41 0 0 0 0 34 20 -4 0 0 0 0 -27 -11 19 12 0 16 0 0 0 0 0 -23 0 -9 -15 -47 38 23 -21 0 0 0 0 -4 39 43 -35 42 0 23 48 -10 18 42 15 -5 0 0 -23 0 0 -21 0 
35 22 -48 0 16 -30 43 0 0 0 0 0 -50 6 0 0 0 0 0 -25 -21 0 0 0 42 25 34 8 -21 0 42 37 0 0 0 -7 29 41 0 -9 0 0 0 -40 -43 48 0 44 0 -43 39 0 -32 -28 0 0 0 0 17 0 0 -21 0 0 37 0 33 20 0 0 0 0 0 -11 0 -27 1 22 -32 2 -4 0 0 -5 0 -45 0 46 34 0 43 46 -32 -11 0 -50 39 -3 6 0 -25 30 0 9 -49 0 0 19 -17 8 0 0 46 0 -21 0 -42 0 0 0 0 22 0 -1 0 
0 0 0 0 -15 37 0 7 0 0 23 0 -40 -28 0 0 0 -33 0 0 -29 41 0 0 0 35 -3 0 -27 0 30 0 0 0 -35 0 0 0 -28 37 8 -30 0 0 11 -44 0 0 0 5 0 -40 0 -45 6 -7 -1 0 0 0 7 0 19 30 -49 0 0 0 0 0 -2 -4 24 -8 30 -27 -11 0 0 2 0 0 44 0 -44 0 -22 -7 0 0 3 -12 0 0 0 -17 0 0 44 0 0 6 0 0 0 0 -10 0 0 -33 -4 -8 0 0 -14 0 50 0 -5 -49 0 -1 0 0 2 
0 -27 0 44 0 36 -32 0 -24 0 0 29 0 34 -38 0 -33 -30 0 0 -39 0 0 0 0 32 0 9 0 -26 41 0 0 -40 -35 15 21 0 18 -28 -47 0 0 -18 0 -10 22 26 -29 -39 30 0 0 23 0 0 15 0 0 45 0 34 0 47 0 -26 40 23 0 29 -27 0 0 0 0 0 0 0 2 48 3 0 0 0 42 0 0 0 -24 -26 0 -5 0 -2 0 49 -34 -30 0 0 9 35 -42 0 0 0 43 14 0 0 0 0 0 0 -42 0 0 30 0 -15 0 49 -18 0 0 
14 22 -33 0 0 0 0 -42 0 1 0 0 49 0 0 0 0 0 0 47 0 -31 0 5 0 35 0 -19 0 -21 0 0 0 0 0 0 0 0 -35 0 0 0 0 27 0 -11 37 0 37 0 17 0 0 -12 -35 -13 0 18 20 -12 0 -10 0 0 -7 0 -19 0 0 0 23 0 25 0 27 45 0 13 -23 0 0 23 -46 0 44 0 -17 0 3 0 -12 0 -48 0 0 0 0 0 17 0 -21 -32 0 -36 0 45 0 0 -43 -35 0 0 0 0 0 0 -30 24 0 -30 0 0 -42 22 0 
0 0 12 -34 0 0 0 -1 -10 -49 0 -13 -31 0 23 -25 0 0 47 0 0 -19 0 0 49 -36 -32 14 -5 0 37 0 -43 -44 42 49 17 14 2 0 0 0 24 38 11 50 44 -24 16 -50 0 -50 0 0 0 0 0 0 39 14 15 0 -15 0 29 26 0 0 -1 -50 2 26 0 0 0 0 0 -17 0 7 0 0 0 0 -15 -14 0 -32 0 -38 0 0 -14 0 0 9 -4 0 0 -12 0 0 -37 0 0 38 30 -15 -13 1 -8 0 33 0 0 42 -37 0 12 24 -28 0 0 13 0 
0 -16 0 0 0 -25 0 0 -50 -25 -16 -44 0 44 -4 -21 -29 -39 0 0 38 0 -35 18 0 21 0 -8 9 0 -29 0 39 -14 -4 10 -43 -28 42 -35 0 0 -45 -11 25 35 0 0 46 -46 -3 0 0 42 -1 0 0 0 -13 0 0 0 0 0 -19 0 0 39 0 -12 -13 -10 0 10 0 0 -28 -40 0 -26 15 0 11 -1 27 0 -36 0 0 0 48 0 0 0 0 -17 0 0 0 0 0 39 0 0 0 30 -7 2 -39 0 0 0 0 0 0 -49 48 -25 0 15 -39 -46 0 14 42 
11 0 43 0 0 0 -1 0 -26 0 0 -20 0 29 13 0 41 0 -31 -19 0 0 0 0 27 -27 -22 -45 0 0 -9 0 0 0 0 18 0 -1 12 -42 0 0 9 0 0 8 -38 29 -19 -8 -39 0 27 24 0 -12 0 0 10 3 -49 -30 30 8 -18 0 0 37 0 14 10 0 45 46 0 0 0 0 0 0 11 -3 11 45 -23 0 44 0 0 -14 -23 -46 13 32 -10 0 0 -25 0 0 0 -40 -37 0 0 48 -24 23 0 -50 0 -22 0 -37 37 40 0 11 22 0 19 0 41 0 0 
-28 47 -34 0 -24 0 10 0 -25 38 -41 -28 0 0 -20 0 0 0 0 0 -35 0 -18 5 0 20 -6 0 -6 -33 42 10 24 -28 0 0 39 0 20 0 43 8 0 0 0 0 8 0 0 44 -40 -24 0 0 0 0 0 0 0 11 19 0 0 -44 21 38 0 -2 32 0 -8 0 0 -24 3 -1 0 0 -6 15 -9 45 -5 15 0 0 1 -15 18 -30 0 0 0 0 0 0 0 -18 -38 4 -42 0 0 -19 -12 0 -12 3 -34 0 -11 0 35 0 0 8 0 0 46 0 0 0 0 14 0 
0 41 34 0 0 46 0 24 0 47 0 0 45 0 0 0 0 0 5 0 18 0 5 -16 8 0 -14 0 0 0 46 -38 0 -18 -10 0 0 0 -43 -10 -37 0 0 0 -4 0 0 -13 -12 36 0 -8 -8 0 -10 -29 0 7 0 -41 25 0 19 0 0 29 29 0 0 -5 0 0 0 -7 0 3 -29 14 -6 0 -36 26 0 0 0 -33 26 0 0 -15 46 0 0 0 0 0 0 0 0 41 0 25 6 43 0 22 0 -29 48 0 -49 46 0 0 0 0 -12 29 0 0 0 0 0 0 0 
0 -13 48 0 0 -7 44 36 0 0 43 0 -44 9 0 42 0 0 0 49 0 27 0 8 0 32 13 40 5 -32 -3 -5 22 5 42 0 0 -23 0 0 9 0 -35 0 0 0 0 0 0 0 0 34 0 46 -28 0 0 0 26 40 -11 0 -38 0 19 -47 -10 0 0 13 -17 0 0 0 0 0 -21 0 -33 -27 -41 -33 0 -21 39 0 -22 -2 0 0 21 0 0 0 0 1 0 0 0 43 0 0 -12 46 23 47 45 -38 -5 0 0 -37 -38 12 -14 -29 0 -6 -13 0 47 0 0 29 0 
0 0 0 0 0 42 20 -45 0 5 -30 35 0 0 28 25 35 32 35 -36 21 -27 20 0 32 -26 18 0 30 0 0 20 -16 -20 0 0 22 -16 -1 0 21 -37 -31 0 35 15 -38 0 0 -41 39 0 25 -50 0 0 -12 0 0 37 24 -27 0 0 0 -39 48 0 0 0 0 9 -32 0 -44 -42 0 0 -4 34 2 -14 -14 36 0 -38 0 1 36 0 44 35 -21 -50 -16 37 0 41 37 0 -36 0 0 0 0 -35 0 0 0 0 0 0 0 34 0 0 -3 38 -42 -19 0 0 0 -4 27 
1 0 0 -40 -21 -26 0 -50 20 0 0 0 -15 -37 -40 34 -3 0 0 -32 0 -22 -6 -14 13 18 -18 0 -3 -41 0 0 6 0 17 32 0 0 0 0 -49 -22 0 -18 0 0 35 10 -41 0 0 -48 0 -33 0 24 25 0 -15 0 -22 0 -34 0 -27 0 -1 0 -5 0 -6 -43 0 -4 -34 0 0 0 -4 -12 0 0 0 -6 -25 33 0 0 3 0 45 0 21 0 -37 0 -19 11 0 0 28 12 -42 44 0 12 -50 -22 23 0 0 -33 -13 0 0 -43 -47 0 0 0 0 0 33 0 -40 
0 27 0 0 -50 0 -26 0 0 0 0 -4 47 0 0 8 0 9 -19 14 -8 -45 0 0 40 0 0 -39 -40 -30 -3 -42 13 14 0 0 -5 0 9 0 0 -20 14 -35 0 4 3 45 0 29 0 0 -24 0 0 46 0 1 -41 5 0 48 2 0 -18 35 38 31 0 0 17 0 0 0 32 50 -29 0 0 0 32 -48 -43 0 12 0 0 38 0 44 17 0 0 0 -41 0 0 0 0 50 0 0 0 0 38 24 10 0 0 22 0 14 0 -3 -39 -28 19 39 -33 0 -18 0 -35 -39 0 
25 0 5 0 0 -39 -36 0 12 28 -18 -39 0 0 0 -21 -27 0 0 -5 9 0 -6 0 5 30 -3 -40 0 -34 0 0 -10 43 0 0 28 2 16 0 -16 0 -32 0 23 0 4 0 0 22 19 0 26 -35 0 0 41 0 0 -44 10 0 34 0 7 -23 -39 38 25 -4 0 0 49 0 0 3 0 -13 -9 0 41 11 0 0 0 -25 0 -2 0 0 33 -46 0 0 49 -22 9 0 0 -25 -39 -6 49 0 28 0 0 0 36 39 -41 40 36 35 6 25 19 0 0 0 0 0 0 -13 13 
-3 0 -2 0 -14 41 0 0 0 -2 0 0 0 -16 49 0 0 -26 -21 0 0 0 -33 0 -32 0 -41 -30 -34 -1 -6 -3 -20 -30 0 0 8 0 -7 14 39 15 0 37 0 0 -37 0 37 -18 36 -44 37 0 0 0 0 0 0 19 0 0 -6 -31 0 39 30 0 16 -13 0 -33 0 0 0 0 33 0 -15 49 0 -23 -27 -30 -34 0 36 14 39 -17 0 49 37 0 0 47 24 0 -3 5 -26 -20 0 10 -7 20 0 0 -9 0 -42 -36 -40 46 0 -22 21 45 0 -18 0 0 0 0 27 
0 -27 0 0 0 0 24 44 0 32 10 10 0 0 0 42 30 41 0 37 -29 -9 42 46 -3 0 0 -3 0 -6 0 0 5 0 0 -23 -2 0 0 0 0 0 0 31 39 0 0 0 0 0 0 -18 -42 0 0 0 0 44 0 0 0 0 0 -20 42 -34 0 -7 46 -25 -43 12 38 23 0 0 -25 49 0 42 45 0 0 0 0 0 45 -32 41 0 0 0 0 20 35 0 0 0 0 -47 32 35 3 2 -50 0 -30 0 0 22 -38 0 0 0 0 23 0 -50 0 -23 20 -31 0 -48 0 
-38 0 0 40 45 -43 0 -32 0 45 -13 0 0 0 0 37 0 0 0 0 0 0 10 -38 -5 20 0 -42 0 -3 0 0 0 0 7 -31 0 0 -40 10 0 0 17 0 -17 35 0 -23 -26 -30 0 -42 0 0 0 0 7 0 0 0 -31 0 0 7 -22 28 0 0 8 0 0 0 -25 -45 0 -25 0 44 0 0 0 32 0 21 0 0 0 -10 0 0 -22 0 31 19 0 0 -3 0 0 0 0 0 0 0 0 -8 -29 0 0 -32 0 40 0 43 0 0 -29 0 0 0 0 0 -2 1 -46 
-22 0 0 27 0 -41 -40 0 0 -45 45 0 -36 -7 22 0 0 0 0 -43 39 0 24 0 22 -16 6 13 -10 -20 5 0 0 3 0 0 0 0 -5 0 30 28 -28 0 0 0 30 0 -31 -50 0 29 0 0 0 -3 0 0 0 -15 -25 36 0 -42 49 0 0 15 48 0 -21 0 0 -30 -11 0 35 0 0 0 0 0 0 0 0 13 0 -19 0 0 0 0 0 0 0 0 0 31 49 -38 4 -8 -34 0 0 6 2 -24 -26 -50 -41 -18 7 0 0 0 33 0 0 -20 0 -49 47 12 21 
-16 15 -11 0 6 -12 0 0 42 -26 -16 -22 -3 -44 0 0 0 -40 0 -44 -14 0 -28 -18 5 -20 0 14 43 -30 0 0 3 39 -25 0 -30 40 0 42 -4 23 0 0 2 7 -18 0 0 0 32 -46 0 0 -37 22 6 8 0 0 0 0 -37 0 0 0 0 0 -10 0 0 0 0 22 -45 0 -24 0 0 0 0 0 0 0 0 0 16 0 0 0 14 0 0 0 0 29 0 0 -23 -33 25 -28 -38 0 0 0 -20 0 0 8 47 -12 -31 0 0 0 17 0 0 -22 0 0 -5 0 -21 
15 0 0 0 0 -43 40 0 48 0 -2 -29 0 0 31 0 -35 -35 0 42 -4 0 0 -10 42 0 17 0 0 0 0 7 0 -25 13 -36 0 38 0 0 50 0 0 0 0 0 -17 50 13 -27 -39 -25 0 22 0 0 0 22 32 0 0 0 -23 34 -22 7 50 29 0 -23 36 49 0 14 -13 -33 -12 -14 27 0 0 0 36 0 31 0 23 -36 15 39 0 40 -24 0 0 0 0 0 -20 0 -21 0 14 0 0 0 0 -50 38 0 0 -50 -28 0 0 0 0 25 15 -13 -22 0 3 0 -27 
-12 13 0 0 -24 0 0 45 0 0 3 0 -43 -1 -33 -7 0 15 0 49 10 18 0 0 0 0 32 0 0 0 -23 -31 0 0 -36 -34 0 -45 -32 0 0 0 0 0 0 0 -39 -5 0 -6 -25 0 29 0 0 -17 0 0 0 -38 -10 -3 31 29 0 -31 33 0 0 0 0 20 47 -40 -27 0 -41 0 -39 0 -1 0 36 -31 -20 40 0 1 0 0 -30 0 -32 0 40 -25 0 -41 0 0 0 0 -30 -18 0 0 -8 0 -41 46 -11 0 -48 -14 33 0 0 0 0 0 15 0 -10 45 -38 
0 -46 0 19 0 0 8 10 47 -43 19 0 0 34 -41 29 0 21 0 17 -43 0 39 0 0 22 0 -5 28 8 -2 0 0 -30 0 0 0 0 0 0 0 23 0 -9 -36 -17 0 0 0 1 0 46 28 0 20 16 0 0 0 0 0 0 14 0 0 44 -44 -30 -48 0 20 0 0 -43 0 1 23 -31 35 15 0 0 -30 0 -42 0 0 2 0 0 0 -43 -43 0 0 12 -24 -46 0 0 3 43 -11 12 21 -3 4 0 0 -19 0 -6 0 0 26 0 0 0 0 15 34 -18 -5 46 0 
0 -33 27 7 0 -16 44 46 4 -20 0 0 0 -30 0 41 0 0 0 14 -28 -1 0 0 -23 -16 0 0 2 0 0 0 0 40 38 -45 0 -6 0 0 0 -10 0 -2 -28 22 17 0 0 0 0 0 0 23 -26 0 36 -35 41 20 0 -48 0 0 -8 0 18 0 47 0 0 0 0 0 18 -13 0 -28 0 0 46 -13 -1 45 0 0 0 0 39 0 35 0 -34 0 -27 32 0 0 -37 0 0 2 -21 0 -16 -13 29 8 0 0 0 -33 18 0 0 -8 0 0 0 -38 -50 0 0 0 32 
-22 -1 0 0 0 0 -8 0 7 0 29 0 36 43 -22 0 -28 18 -35 2 42 12 20 -43 0 -1 0 9 16 -7 0 -40 -5 0 0 -32 0 0 0 0 0 0 0 -17 0 0 0 0 47 -17 6 0 -37 0 -28 -23 11 -33 13 -5 9 -41 0 0 0 44 30 0 -32 0 0 0 48 -37 0 -47 0 -44 -33 -23 0 0 0 16 0 -5 0 13 -11 -44 -18 49 28 10 0 0 0 22 46 0 -26 0 -29 -28 -3 0 -18 -15 -5 0 0 -29 -12 0 -31 -41 0 -48 25 -29 0 20 32 0 0 
-43 48 -2 0 30 -19 48 0 43 0 21 0 0 38 0 -9 37 -28 0 0 -35 -42 0 -10 0 0 0 0 0 14 0 10 0 42 0 0 0 0 0 25 0 -47 49 -9 0 36 -32 0 -3 0 0 -19 3 0 17 0 -13 0 0 49 -11 0 -13 46 -23 2 -28 0 0 0 45 0 33 0 -12 0 -24 -28 0 0 -40 0 0 0 23 0 0 0 0 -22 0 22 -4 0 0 0 -32 17 0 0 26 50 0 0 0 0 0 29 36 0 -29 17 30 -29 -8 25 0 0 -28 17 -38 0 11 -19 0 
26 38 36 0 -39 0 0 14 -45 0 0 -5 49 0 27 0 8 -47 0 0 0 0 43 -37 9 21 -49 0 -16 39 0 0 30 -4 50 0 0 0 0 0 -30 -15 -31 -14 8 33 0 0 16 42 -46 41 0 19 0 -43 3 25 -26 17 0 0 0 0 -15 0 0 -35 -46 0 23 27 0 0 43 0 0 0 -39 32 0 -9 25 0 -36 0 0 -20 29 -20 -9 -15 0 0 -13 -49 26 0 -12 0 0 0 24 39 46 0 -5 0 0 36 -50 -44 -20 0 0 0 -5 0 0 0 0 0 0 -19 -50 
0 0 0 0 0 -42 21 -8 -27 11 0 -21 0 0 0 0 -30 0 0 0 0 0 8 0 0 -37 -22 -20 0 15 0 0 28 23 0 0 23 -10 0 -47 -15 0 -39 -12 0 14 0 29 0 -35 0 0 -48 -31 0 0 8 0 0 -33 0 38 0 29 0 -36 38 23 -20 -46 49 30 28 0 0 -46 -13 0 0 18 0 16 -36 42 29 -1 -4 34 0 38 -16 0 -14 -24 0 0 0 -1 8 17 2 13 0 0 -48 0 0 0 0 0 -45 0 -48 0 -34 0 0 5 -22 0 45 0 44 0 0 
-10 0 27 0 48 -16 0 45 0 -36 0 23 1 0 -46 0 0 0 0 24 -45 9 0 0 -35 -31 0 14 -32 0 0 17 -28 0 0 0 0 0 0 49 -31 -39 0 0 -42 0 34 -20 -19 18 0 12 0 0 -3 0 11 0 -3 43 0 -28 0 0 47 0 0 12 0 0 0 41 -6 -1 -24 -12 0 -35 21 0 -11 0 29 0 0 -22 19 0 -29 -41 0 33 0 0 0 0 8 0 26 -50 0 0 0 -41 0 -8 0 -21 0 33 0 -28 -49 -11 -28 38 0 -43 0 0 22 0 0 12 0 
31 0 39 0 0 47 0 0 -48 29 0 0 32 5 22 -40 0 -18 27 38 -11 0 0 0 0 0 -18 -35 0 37 31 0 0 0 0 0 -9 -2 -17 -9 -14 -12 0 -25 0 22 0 -2 0 39 -15 0 0 0 39 15 -24 6 38 41 -29 0 50 -37 0 0 33 3 0 -38 0 0 21 -41 36 -25 0 0 0 48 0 33 44 0 0 0 45 0 0 -44 5 0 23 0 -24 -39 22 -24 36 -18 0 34 49 0 0 0 0 0 -15 0 38 13 -7 26 0 -38 12 19 -6 48 0 44 0 0 0 
-23 0 0 0 -30 0 -46 47 0 -46 0 -45 -35 0 25 -43 11 0 0 11 25 0 0 -4 0 35 0 0 23 0 39 -17 0 2 0 0 -36 -28 0 0 8 0 -42 0 18 0 0 27 8 0 4 0 0 0 -7 0 24 0 47 0 -15 50 23 -2 0 8 0 0 0 18 46 0 0 -39 -14 2 0 0 0 -24 0 0 -46 -17 1 17 47 0 0 0 -38 0 0 0 41 29 0 -19 0 0 1 0 0 0 -23 7 0 0 29 -22 0 0 0 0 0 -6 1 19 -4 37 0 -2 -8 -16 -5 
9 -10 0 0 0 0 0 0 -4 0 0 37 0 -45 0 48 -44 -10 -11 50 35 8 0 0 0 15 0 4 0 0 0 35 0 7 0 0 -17 22 0 36 33 14 0 22 0 0 0 47 4 0 -1 0 43 -8 -37 0 -37 0 0 0 0 1 6 45 0 -11 11 0 -9 -23 0 -45 27 -45 -30 -15 -11 0 0 0 -17 -32 -45 0 -40 -35 0 -37 0 0 2 -22 42 0 22 0 -14 0 0 0 0 0 -50 -35 0 0 25 13 0 34 0 -40 34 11 0 0 -11 38 0 0 0 -40 1 0 43 
2 0 0 18 0 19 0 46 0 0 0 -20 -16 -48 -32 0 0 22 37 44 0 -38 8 0 0 -38 35 3 4 -37 0 0 30 -18 -17 -39 0 17 0 -32 0 0 34 0 0 0 -12 21 -15 -22 15 -15 12 0 -32 0 37 -27 -13 -8 31 46 0 -3 0 30 0 30 0 0 -4 -24 16 0 32 45 22 0 38 0 0 0 13 32 33 -6 0 -27 -25 -5 -6 12 0 -5 0 17 0 1 0 0 0 12 -26 0 0 0 0 0 -38 47 0 0 0 -6 27 0 30 40 0 0 0 0 50 0 0 
0 0 -27 13 0 -48 0 0 31 0 44 -8 -3 -31 0 44 0 26 0 -24 0 29 0 -13 0 0 10 45 0 0 0 -23 0 0 50 -5 0 0 0 0 0 29 -20 -2 27 47 21 0 -10 38 0 -20 0 0 0 0 6 41 49 -22 33 0 0 0 0 0 25 29 -49 36 0 14 43 31 -4 0 -21 -17 15 -21 0 -28 28 0 0 12 0 -13 0 0 31 0 -32 0 7 0 0 35 -44 -44 30 0 0 -12 4 -25 -20 42 0 3 0 -49 15 16 24 0 7 0 0 0 -2 37 0 0 -12 
0 -47 18 0 8 33 -33 0 -23 0 0 -8 0 -40 -25 0 0 -29 37 16 46 -19 0 -12 0 0 -41 0 0 37 0 -26 -31 0 13 0 0 0 47 -3 16 0 -19 0 8 4 -15 -10 0 0 0 0 0 -47 19 0 34 -20 0 0 0 32 -23 0 0 -5 0 13 20 0 0 -26 -2 -1 0 0 -38 7 0 0 0 4 0 0 7 0 0 -9 0 -25 26 0 -40 -2 -44 -34 0 1 0 0 34 -8 42 33 -48 0 44 0 0 0 6 -41 0 0 0 -13 -9 0 0 0 0 15 16 0 -47 
-23 0 43 47 -3 0 0 4 -25 4 47 0 0 -28 0 -43 5 -39 0 -50 -46 -8 44 36 0 -41 0 29 22 -18 0 -30 -50 0 -27 -6 1 0 -17 0 42 -35 18 39 0 0 -22 38 0 0 0 0 0 2 -10 0 0 0 0 0 -49 1 0 0 0 27 -45 0 0 0 0 14 0 40 5 -13 29 0 37 40 0 0 0 0 0 -20 0 -31 0 17 -14 0 0 0 0 10 -12 0 -39 3 0 0 -47 -43 0 0 0 0 0 0 -21 -47 -38 0 -46 0 0 0 0 0 12 0 38 0 0 
-29 17 14 0 -45 -19 -6 -41 -38 10 -21 0 2 12 0 39 0 30 17 0 -3 -39 -40 0 0 39 0 0 19 36 0 0 0 32 -39 -25 0 0 6 0 -46 0 0 -15 4 -1 15 0 0 0 0 0 -5 26 17 0 -42 0 0 -17 -40 0 0 9 -18 0 -42 0 0 0 0 -15 0 14 -19 13 16 0 7 33 0 36 -15 0 48 43 12 -49 0 0 34 12 0 0 0 43 -42 0 -18 0 0 41 0 0 0 -15 0 -10 -43 24 6 30 0 -42 36 0 0 0 0 0 36 11 -21 -50 0 
-40 -12 -20 0 0 0 -36 40 0 47 20 0 0 -29 0 0 -40 0 0 -50 0 0 -24 -8 34 0 -48 0 0 -44 -18 -42 29 -46 -25 0 46 0 0 -19 41 0 12 0 0 0 -15 -20 0 0 0 -1 0 0 0 0 34 -36 0 -49 7 43 0 -39 0 16 0 48 0 0 22 28 -21 0 0 -47 0 0 -15 19 -5 -31 0 28 -42 0 -9 0 -42 0 -19 0 -9 31 0 0 0 4 -24 -26 0 12 13 0 21 0 0 0 0 0 0 22 -45 0 0 -44 0 0 0 -1 3 -15 -7 0 0 
0 0 10 0 0 0 0 37 27 0 1 0 0 50 -36 -32 0 0 0 0 0 27 0 -8 0 25 0 -24 26 37 -42 0 0 0 0 29 28 0 -37 3 0 -48 0 0 0 43 12 0 0 0 -5 0 0 10 16 -37 0 0 0 0 8 30 -13 0 0 0 -2 0 2 45 0 14 0 20 0 0 0 0 2 0 0 6 10 0 -7 -34 44 -32 -44 0 0 19 -41 30 0 -40 47 43 0 30 -32 5 39 0 -5 0 46 -16 -11 -29 0 -8 -32 33 -36 0 -41 20 -21 0 21 0 0 -38 -12 
4 0 0 -4 -29 0 38 13 0 0 0 0 0 0 0 -28 -45 23 -12 0 42 24 0 0 46 -50 -33 0 -35 0 0 0 0 0 22 0 0 23 0 0 19 -31 0 0 0 -8 0 0 -47 2 26 0 10 0 0 0 -29 38 -30 -32 0 -5 0 -23 0 0 0 0 0 -37 0 9 1 0 0 46 0 -34 0 -5 0 0 0 48 -8 0 -48 0 -46 0 -34 0 0 0 -34 0 50 0 0 1 20 -34 1 15 0 0 0 42 0 0 -11 -10 0 -41 0 0 -44 -25 19 0 0 0 0 19 0 
17 0 0 27 0 0 0 -6 44 0 0 0 11 0 44 0 6 0 -35 0 -1 0 0 -10 -28 0 0 0 0 0 0 0 0 -37 0 0 20 -26 -28 17 0 0 -3 39 -7 -37 -32 0 19 -10 17 0 16 0 28 -41 0 7 0 0 -10 -49 0 0 -32 0 -34 -13 0 -17 0 3 0 0 -1 1 0 41 0 0 0 14 0 -16 46 -11 -50 0 -35 0 0 -41 0 0 34 0 0 7 0 41 -46 49 0 0 0 32 0 44 0 0 29 -3 0 -21 11 0 0 0 -44 32 0 1 -39 11 25 
23 -44 0 0 0 -43 0 -45 0 0 -37 0 22 23 17 0 -7 0 -13 0 0 -12 0 -29 0 0 24 46 0 0 0 0 -3 22 0 -17 16 0 -23 0 -43 0 0 15 0 0 0 0 0 0 0 0 -37 0 -41 -16 0 0 0 49 -6 35 0 25 0 0 0 -46 0 11 0 24 44 37 0 -48 0 -34 24 0 0 -26 -35 0 -25 43 0 -28 0 29 23 -42 -9 0 42 37 34 -35 -13 -11 -15 42 0 -23 0 44 -43 1 -30 0 0 0 0 -13 10 46 -29 -41 -45 0 -35 -47 -39 37 0 
-8 -22 0 -2 41 0 36 0 14 0 0 45 -2 50 29 0 -1 15 0 0 0 0 0 0 0 -12 25 0 41 0 0 7 0 6 0 0 0 36 11 -13 3 8 11 -24 24 -37 37 6 34 0 -42 34 0 -29 0 0 37 0 0 0 -18 0 0 0 0 -17 -9 0 0 11 0 0 20 30 -3 -6 -16 0 11 -16 0 9 0 0 -21 5 0 0 35 0 0 0 0 0 0 16 0 0 -30 31 0 8 19 0 0 30 0 0 -6 0 0 0 0 0 -5 0 0 6 0 0 31 0 -40 -39 0 
-26 42 33 30 44 0 3 0 -32 33 17 0 0 0 0 0 0 0 18 0 0 0 0 7 0 0 0 1 0 0 44 0 0 8 22 0 0 -35 -33 0 25 0 0 6 0 0 -27 41 -20 0 0 -36 0 38 7 0 0 0 -10 15 40 48 -5 0 0 0 0 0 28 0 -6 0 -37 -49 0 -24 0 0 -45 -12 -12 41 0 0 -13 0 0 0 -13 -4 32 -47 0 0 35 13 21 15 -5 0 0 0 11 32 0 46 0 0 -42 29 14 -30 0 0 2 0 -45 49 0 -41 15 -37 0 -5 0 
-49 18 0 0 0 -38 0 -49 -12 0 2 0 0 14 20 17 0 0 20 39 -13 10 0 0 26 0 -15 -41 0 0 0 0 0 0 32 0 0 41 13 0 -26 0 -3 38 47 0 -13 49 0 0 0 0 0 -30 0 0 0 -10 2 -37 0 0 0 -30 0 -29 -12 0 0 -22 45 0 -34 -40 0 0 6 10 -9 0 42 -32 16 4 0 0 -28 0 -29 38 0 0 31 -42 -31 0 -41 39 30 0 0 0 50 0 0 -39 -36 14 0 -27 26 48 0 -28 0 0 -20 0 0 0 -2 0 -7 0 -44 
0 0 0 0 48 -24 32 0 30 -50 -47 -36 0 17 0 0 0 45 -12 14 0 3 11 -41 40 37 0 5 -44 19 0 0 -15 0 0 -38 0 20 -5 49 17 -33 43 41 0 0 -8 -22 0 0 -17 -49 0 -32 0 49 0 15 -37 -47 0 48 -27 -19 0 0 0 0 0 36 0 0 0 -15 44 0 0 -38 -42 0 -46 0 -21 27 -8 -28 0 0 -15 -2 46 -11 0 -32 0 -22 -16 16 0 0 -32 0 0 0 -36 0 -21 0 0 -15 9 0 0 -20 29 -48 18 0 0 4 -1 0 0 0 -38 
0 -6 0 28 0 0 0 0 0 -33 0 0 0 0 0 0 7 0 0 15 0 -49 19 25 -11 24 -22 0 10 0 0 -31 -25 0 0 -10 0 0 9 -11 0 0 0 -29 -15 0 31 33 0 -49 -40 7 8 0 -10 -6 -18 40 0 0 6 -14 0 0 5 0 0 -8 0 0 4 13 34 0 32 0 4 0 0 -44 -2 0 0 0 15 0 -17 0 0 0 -40 0 0 0 43 31 32 0 -34 3 0 0 -1 10 -31 0 -9 -46 0 -39 -12 41 0 23 -42 -7 0 29 42 0 -36 -7 0 -13 14 
0 0 0 0 29 0 7 24 0 -11 50 0 0 20 -7 -21 0 34 -10 0 0 -30 0 0 0 -27 0 48 0 0 0 0 36 0 0 -3 0 -48 -41 0 0 38 -28 0 50 1 46 0 32 1 0 43 30 -5 -49 35 0 48 0 48 -14 0 9 0 0 -38 0 0 7 7 -14 -22 48 0 46 19 -17 0 0 0 0 22 -17 0 0 0 0 2 0 0 0 -48 28 18 0 0 0 -21 0 -36 0 -24 -10 0 -45 -45 0 0 0 0 -1 0 16 0 0 0 0 0 27 -35 -19 50 -23 24 0 
0 0 -41 33 0 0 -9 32 25 0 0 6 1 0 17 0 19 0 0 -15 0 30 0 19 -38 0 -34 2 34 -6 0 0 0 -37 -23 31 14 0 0 -13 0 0 0 50 23 6 0 0 -23 0 0 0 -13 0 0 0 0 -5 0 -27 0 9 -3 26 0 -30 5 23 0 0 0 -9 0 0 15 35 0 0 0 -34 -41 -34 -25 0 -49 0 0 0 -43 0 0 15 -23 0 2 0 31 21 -49 0 -10 -8 -45 0 0 50 36 0 -15 30 -40 -21 4 -46 0 0 -3 0 12 -46 -13 -26 -13 22 0 
21 0 14 -2 -26 0 -15 0 0 0 0 -36 -21 0 4 0 30 47 0 0 0 8 -44 0 0 0 0 0 0 -31 -20 7 -42 0 34 29 0 0 0 46 0 29 0 -37 -2 45 -3 0 0 0 9 -39 0 -23 0 25 0 0 -30 -19 0 0 26 3 0 0 -11 -28 0 24 0 0 0 -38 0 0 -20 0 -36 -10 0 0 38 -43 15 0 0 0 0 0 0 0 23 0 0 0 6 -26 42 0 0 0 0 0 0 33 50 0 40 0 0 45 -39 2 0 -50 0 39 -49 0 21 0 -9 0 -1 
0 0 -49 15 28 0 0 0 2 0 4 0 -24 0 0 37 -49 0 -7 29 -19 -18 21 0 19 0 -27 -18 7 0 42 -22 49 0 -22 0 0 -8 0 -23 -15 0 47 0 0 0 0 0 0 0 -18 0 0 0 -32 0 0 0 0 0 5 0 0 0 0 0 -9 -19 29 -7 -9 -29 28 -3 -12 -39 10 -44 0 0 4 0 28 0 -12 -47 -41 0 0 29 0 -35 33 0 0 -34 0 16 0 -20 0 0 43 14 6 0 28 -17 0 0 0 0 8 -8 0 0 0 0 1 40 0 -22 7 0 -19 
0 8 -40 0 0 -29 -25 -20 -37 0 20 6 -11 -9 0 0 0 -26 0 26 0 0 38 29 -47 -39 0 35 -23 39 -34 28 0 0 7 -31 44 0 44 2 0 -36 0 0 8 -11 30 0 -5 27 0 16 0 0 0 0 -17 0 -29 0 0 -38 -30 0 0 -43 -14 0 -4 0 37 -21 0 0 0 -46 -3 0 0 0 0 0 0 0 0 0 34 0 0 -1 35 -34 0 -30 0 0 0 0 -35 0 3 0 -8 0 0 0 0 35 0 32 27 0 31 -2 21 -45 0 -26 0 -5 0 0 -15 -29 0 
0 -33 0 0 0 0 0 0 -45 0 0 0 0 47 43 33 0 40 -19 0 0 0 0 29 -10 48 -1 38 -39 30 0 0 0 0 50 33 -44 18 30 -28 0 38 0 33 0 11 0 25 0 -45 -42 0 -2 0 -34 0 -9 0 -12 0 0 0 5 -11 -9 -14 0 -23 0 -3 -19 -41 0 45 0 0 0 20 0 9 -49 33 0 43 0 0 8 -43 0 40 0 0 -19 18 0 0 -41 -8 0 0 -9 0 28 0 0 0 0 0 -43 0 2 0 0 0 0 0 50 0 30 12 0 36 0 18 0 
0 11 0 0 0 -50 -6 11 -27 30 -20 25 0 0 3 20 0 23 0 0 39 37 -2 0 0 0 0 31 38 0 -7 0 15 0 29 0 -30 0 0 0 -35 23 12 3 0 0 30 29 13 0 0 48 0 0 -13 -46 0 0 0 0 -8 0 23 -28 -19 0 -23 0 0 0 32 37 0 -18 0 0 -4 -29 42 -4 -47 22 0 -44 28 0 0 0 0 0 5 0 -39 0 39 -46 3 -37 14 0 0 0 2 0 0 0 0 41 -31 0 30 -39 -50 0 0 -24 0 0 28 -39 0 0 0 0 0 
1 28 0 -28 0 0 0 -44 -26 32 -2 36 0 -3 0 0 0 0 0 -1 0 0 32 0 0 0 -5 0 25 16 46 8 48 -10 0 0 -48 47 -32 0 -46 -20 0 0 0 -9 0 -49 20 0 0 0 2 0 0 0 0 28 0 0 0 7 0 0 29 -4 0 0 0 0 0 0 45 31 0 0 -25 0 -42 -25 0 30 0 35 0 11 0 22 6 -45 0 -19 0 47 0 0 -7 0 -17 41 20 0 2 0 0 -18 -17 0 -18 0 44 -29 16 0 50 0 28 16 -49 41 41 0 0 0 -17 
-22 49 -20 0 35 0 24 50 15 0 -43 -4 0 -33 0 0 0 29 0 -50 -12 14 0 -5 13 0 0 0 -4 -13 -25 0 0 0 -23 0 0 0 0 0 0 -46 0 -38 18 -23 0 36 0 0 0 0 45 -37 -17 11 11 0 -22 36 0 7 0 24 -7 0 -3 0 0 -12 0 -26 -27 0 46 0 -40 -2 0 0 0 18 -41 0 -16 0 0 0 10 -9 0 0 0 10 5 0 -7 25 0 0 0 -17 0 0 -14 0 -10 0 24 0 43 1 0 -49 -9 -13 0 -1 0 0 0 0 0 1 0 
12 -49 0 0 0 -11 0 35 0 0 0 0 -39 43 41 0 -2 -27 23 2 -13 10 -8 0 -17 0 -6 17 0 0 -43 0 -21 0 36 0 20 0 0 45 23 49 0 0 46 0 -4 0 0 0 0 22 0 0 0 0 0 -6 45 0 4 -14 0 0 -9 37 -19 32 0 0 -31 -22 7 0 27 -10 -16 0 0 -8 -4 0 0 32 0 -44 0 0 0 3 11 31 0 0 -33 0 -8 0 -21 33 0 28 0 0 0 0 0 0 0 -31 0 0 35 0 -26 -14 0 -34 -25 0 -25 35 -29 -18 -30 
0 0 0 -14 0 -14 36 -42 29 0 4 28 0 9 0 0 -4 0 0 26 -10 0 0 0 0 9 -43 0 0 -33 12 0 0 0 49 20 0 0 0 0 27 30 41 0 0 -45 -24 14 -26 14 -15 28 14 9 3 24 0 0 0 0 13 -22 -9 0 -29 -21 -41 37 0 -26 -22 22 31 -18 30 0 0 34 32 28 0 4 0 34 0 0 37 0 0 20 17 0 29 0 0 0 -36 0 -18 0 0 46 0 11 47 19 0 -44 -21 -10 26 45 -32 -50 10 19 -27 0 0 0 -25 0 1 0 -13 
0 0 0 26 0 0 -2 -3 21 0 0 0 -10 -39 0 0 24 0 25 0 0 45 0 0 0 -32 0 0 49 0 38 -25 0 0 0 47 0 0 48 33 0 28 -6 21 0 27 16 43 -2 0 0 -21 0 1 0 44 20 -37 -34 0 34 48 0 0 28 0 0 0 45 -27 7 31 0 0 0 3 13 0 29 39 0 0 0 0 0 -5 0 -37 0 -1 0 0 0 0 -30 0 17 -25 0 0 0 0 0 0 0 -1 0 0 0 20 0 0 0 0 -36 -20 -47 -44 0 -14 -21 0 0 0 0 
0 -1 0 -10 19 -7 37 1 0 0 15 -2 -41 0 0 -11 -8 0 0 0 10 46 -24 -7 0 0 -4 0 0 0 23 -45 -30 22 14 -40 -43 0 -37 0 0 0 -1 -41 -39 -45 0 31 -1 40 14 0 20 0 0 37 30 -49 -40 -15 0 0 0 -38 -3 0 45 -18 31 0 0 -18 0 -7 0 18 0 15 26 30 -15 0 0 0 -21 0 0 0 -46 0 31 35 -9 22 -5 0 2 -50 35 -30 -32 46 0 0 -25 0 0 37 -50 0 -34 0 20 0 0 -13 0 0 0 34 17 0 0 -24 0 
0 0 0 40 16 0 0 0 0 0 28 -7 0 -37 0 0 30 0 27 0 0 0 3 0 0 -44 -34 32 0 0 0 0 -11 -45 -13 -27 0 18 0 -12 43 0 -24 36 -14 -30 32 -4 0 5 -19 0 0 0 -1 0 -3 0 0 44 32 46 15 0 -12 0 0 0 0 46 27 30 0 0 0 -1 -45 0 -32 0 0 0 15 0 0 -36 -41 -45 -39 0 0 0 0 -3 0 -8 21 38 0 -3 42 0 0 -13 0 0 43 36 0 0 0 0 0 8 0 0 -49 0 48 0 -43 0 0 -21 23 
11 0 0 0 0 -13 0 46 0 -14 -41 48 40 -28 34 -27 -27 0 45 0 0 0 -1 3 0 -42 0 50 3 0 0 -25 0 0 -33 0 1 -13 -47 0 0 -46 -12 -25 2 -15 45 0 0 -13 13 -47 0 46 1 -48 -6 -24 0 0 0 19 35 0 -39 -46 0 0 0 0 -10 0 3 18 -1 0 47 0 0 44 18 0 -26 0 0 11 -29 34 0 -12 0 -42 -16 0 0 0 47 -25 0 0 9 -12 36 0 0 0 -21 0 26 -8 47 0 25 12 23 0 0 0 0 -44 0 0 0 47 -22 
42 0 0 0 -29 0 0 0 0 -22 29 39 50 0 20 1 -11 0 0 0 -28 0 0 -29 -21 0 0 -29 0 33 -25 0 35 -24 -12 -41 23 0 0 -24 0 -13 0 0 0 -11 22 -21 -38 29 16 0 0 0 0 0 -16 0 6 0 4 -17 0 -20 10 -3 0 -4 -25 -40 -16 0 13 0 -45 47 32 0 0 14 0 0 -12 0 0 0 0 -19 0 0 0 0 0 0 10 35 0 -36 20 0 0 0 44 -23 0 0 -3 42 22 38 0 0 0 38 0 0 0 0 0 0 24 0 -10 0 0 
-29 0 0 0 20 0 0 0 3 35 -36 16 -11 0 -4 22 0 0 13 -17 -40 0 0 14 0 0 0 0 -13 0 49 44 0 0 -14 0 -31 -28 -44 -28 0 0 -35 0 0 0 0 -17 7 0 0 0 0 -34 41 -34 0 0 10 -38 0 0 0 0 -44 0 20 -29 0 -2 0 34 0 15 0 0 0 0 -45 0 -46 17 22 0 28 0 -38 -50 -6 0 0 18 -4 -47 0 0 0 5 33 2 -26 -49 29 32 -27 0 50 0 0 -23 0 0 -45 -13 3 0 0 0 -11 0 -24 0 6 0 0 
0 -13 22 0 0 0 -31 -41 -11 0 -50 0 0 0 0 -32 0 2 -23 0 0 0 -6 -6 -33 -4 -4 0 -9 -15 0 0 0 0 27 -39 35 0 -33 0 -39 0 21 0 0 0 38 15 0 37 7 -15 2 0 0 24 11 -45 -9 -42 0 0 0 -36 0 0 0 42 -42 0 0 32 29 26 -32 0 0 -45 31 0 0 0 -30 -18 -21 0 44 0 0 13 2 0 32 50 0 0 0 0 -37 -6 -5 14 0 11 -35 0 -40 0 3 0 0 -7 -47 0 41 45 14 0 0 0 0 34 -31 0 4 
0 0 0 21 0 0 -18 -17 43 3 14 -49 -50 14 0 2 2 48 0 7 -26 0 15 0 -27 34 -12 0 0 49 42 0 0 0 0 0 15 0 -23 0 32 18 0 48 -24 0 0 -21 0 40 33 19 0 -5 0 0 -16 -12 0 0 -44 0 -34 -10 0 0 9 -4 -25 0 -8 28 39 30 0 44 14 0 0 16 -25 0 47 -6 -47 0 -19 0 0 21 0 0 -40 -23 0 0 31 -36 -46 0 -38 36 -47 -24 0 0 0 37 -46 39 0 -48 -48 0 6 -38 0 0 0 4 0 0 -24 0 43 
0 0 0 0 38 -35 4 -35 39 0 0 0 0 14 0 -4 0 3 0 0 15 11 -9 -36 -41 2 0 32 41 0 45 0 0 0 0 -1 0 46 0 -40 0 0 -11 0 0 -17 0 0 0 0 0 -5 0 0 0 0 0 -12 42 -46 -2 0 -41 0 4 0 -49 -47 0 0 -4 0 0 -15 0 18 0 -46 0 -25 0 13 28 0 39 42 0 7 0 0 -16 0 25 0 47 -15 33 0 -33 28 0 40 46 0 0 0 0 0 -43 0 -7 0 42 0 0 26 0 0 37 50 2 13 0 37 -14 
-16 0 0 19 0 0 0 19 -17 -9 -12 0 -27 0 0 0 0 0 23 0 0 -3 45 26 -33 -14 0 -48 11 -23 0 32 0 0 0 0 0 -13 0 0 -9 16 0 33 0 -32 0 -28 4 0 36 -31 6 0 14 -26 9 41 -32 0 0 22 -34 0 0 0 33 22 30 18 0 4 0 0 0 0 0 17 0 0 13 0 4 0 0 0 40 32 0 -10 -15 0 -35 0 0 10 0 -48 0 -41 0 44 7 -21 0 0 0 -26 2 -11 46 46 5 0 0 -12 0 11 0 0 3 0 0 0 0 
-29 0 -35 44 0 -38 -41 0 0 0 -46 -34 -29 0 -27 0 44 0 -46 0 11 11 -5 0 0 -14 0 -43 0 -27 0 0 0 0 36 36 -30 -1 0 0 25 -36 29 44 -46 -45 13 28 0 0 -15 0 10 0 0 -35 0 0 16 -21 0 -17 -25 38 28 0 0 0 0 -41 0 0 0 0 15 -26 -12 22 -30 47 28 4 29 48 -22 0 0 -28 0 21 0 0 0 0 -44 40 -6 20 0 -23 -19 50 0 50 -27 -47 0 0 0 37 -6 40 0 0 -4 0 47 0 0 -28 0 -14 29 11 0 
0 0 0 45 -49 0 0 0 0 14 0 0 0 -23 -11 -5 0 0 0 0 -1 45 15 0 -21 36 -6 0 0 -30 0 21 0 0 0 -31 0 45 16 0 0 42 0 0 -17 0 32 0 0 0 0 28 0 48 -16 0 0 0 4 27 0 0 0 -43 0 0 43 -44 35 0 32 34 0 0 0 0 0 0 -18 -6 0 0 48 -38 34 0 -8 0 6 32 0 0 0 -11 -20 0 0 0 0 0 0 0 0 0 -33 0 32 0 13 0 0 -49 19 0 0 0 0 22 -13 0 0 37 -5 0 -43 
23 -24 0 0 50 30 13 0 0 34 35 0 0 0 19 0 -44 42 44 -15 27 -23 0 0 39 0 -25 12 0 -34 0 0 0 0 31 -20 -42 0 0 23 -36 29 0 0 1 -40 33 0 7 0 48 -42 -7 -8 46 -25 -21 -13 0 -8 15 0 -49 15 -12 0 0 28 0 -16 0 0 0 -21 0 0 0 28 -21 -47 39 0 -22 34 -25 0 -30 0 0 0 -3 17 0 0 -9 0 0 0 0 -1 0 -3 0 -41 0 -30 17 24 0 -49 24 -37 -9 -30 0 0 -39 0 -44 0 0 0 0 -2 0 
0 38 0 0 0 0 49 0 0 0 31 -31 0 0 12 -45 0 0 0 -14 0 0 0 -33 0 -38 33 0 -25 0 0 0 13 0 0 40 0 0 -5 0 0 -1 -22 0 17 -35 -6 12 0 -20 43 0 -34 0 -11 43 5 0 0 -28 0 0 0 0 -47 0 0 0 11 0 -44 0 -5 0 -36 11 0 0 0 0 42 0 0 0 0 -20 0 0 0 0 0 0 -30 -7 39 0 21 20 0 -50 -14 19 0 0 0 44 2 0 -42 1 0 39 0 31 0 0 46 0 -8 0 6 6 0 33 -40 
0 23 0 -20 0 0 30 0 0 0 0 0 0 0 0 0 -22 0 -17 0 -36 44 1 26 -22 0 0 0 0 36 45 0 0 16 23 0 0 0 0 0 0 -4 19 45 47 0 0 0 0 0 12 -9 44 -48 -50 0 0 0 -28 0 -17 0 0 0 -41 34 8 0 0 0 0 37 0 0 -41 -29 0 -38 44 -19 0 40 0 -8 -30 0 0 0 0 -50 0 38 0 0 12 0 46 0 38 0 0 36 -3 0 0 -15 0 2 -43 -14 21 0 -12 -25 0 -8 -6 0 -23 -36 0 -27 21 4 0 
-4 -49 18 18 33 0 -15 42 0 0 -15 -28 32 -28 16 46 -7 0 0 -32 0 0 -15 0 -2 1 0 38 -2 14 -32 -10 -19 0 -36 1 2 0 13 0 -20 34 0 0 0 -37 -27 -13 -9 -31 -49 0 -32 0 0 -28 0 0 0 0 0 2 0 0 0 0 -43 0 22 0 0 0 -37 0 -45 34 -19 -50 0 0 7 32 -28 0 0 0 0 -3 0 0 0 27 -7 -9 0 0 0 0 25 -30 -34 10 -27 -33 0 0 8 0 0 34 0 -11 0 -18 0 0 -32 39 0 9 2 0 -40 -18 -28 
13 4 0 0 0 -15 0 18 -12 0 0 20 0 0 0 34 0 -24 3 0 0 0 18 0 0 36 3 0 0 39 41 0 0 0 15 0 0 39 -11 0 29 0 -29 0 0 0 -25 0 0 0 0 -42 -44 -46 -35 0 35 -13 -29 -15 0 0 -43 0 0 0 0 0 6 10 0 0 0 -46 -39 0 0 -6 0 0 0 0 0 6 0 0 0 0 0 0 -7 0 4 0 0 6 0 0 -19 -46 17 -39 -44 48 0 0 8 24 45 -34 0 -9 -8 40 0 -23 37 0 -20 0 11 32 -43 22 -1 
0 3 31 42 37 -26 -49 0 0 -32 0 -13 -45 -46 0 0 0 -26 0 -38 0 -14 -30 -15 0 0 0 44 0 -17 0 0 0 0 39 0 0 0 -44 -22 -20 38 -41 -44 0 0 -5 0 -25 17 0 0 0 0 0 29 0 -4 38 -2 0 0 0 0 29 -1 40 0 -45 -9 3 20 -1 0 0 -12 0 0 13 21 0 -10 21 32 0 0 -50 0 0 21 0 0 16 -33 0 -38 -22 0 0 0 -44 0 -13 28 49 0 -5 -22 -27 0 0 0 0 0 28 -13 0 0 0 0 44 0 -12 38 0 
44 0 -37 -7 0 6 0 0 0 0 -12 -39 0 -48 0 43 3 0 -12 0 48 -23 0 46 21 44 45 17 33 0 0 -22 0 14 0 -30 0 35 -18 0 -9 -16 0 5 -38 2 -6 31 26 -14 34 -19 0 -34 0 23 0 32 0 46 -40 0 0 0 0 35 0 5 0 0 11 17 0 31 0 0 0 0 2 0 -16 -15 0 0 -3 0 0 0 -7 0 -48 14 0 0 0 0 0 -16 26 0 0 23 0 26 -21 0 -26 -37 0 0 0 0 0 40 -47 0 49 0 0 0 -50 -11 16 0 0 
0 15 -44 -33 0 0 49 0 0 0 -47 12 36 0 0 46 -12 -5 0 0 0 -46 0 0 0 35 0 0 -46 49 0 0 0 0 40 0 -43 0 49 22 -15 0 33 0 0 -22 12 0 0 0 12 0 19 0 -41 -42 0 -47 0 -11 0 -48 15 0 -35 -34 0 0 -19 0 31 0 0 35 0 -42 0 18 0 0 0 0 0 0 17 0 38 27 0 0 14 -28 -27 0 49 41 -19 0 0 0 0 0 0 50 -8 0 0 0 -12 27 0 -6 0 0 0 27 3 33 0 0 0 0 0 0 -34 
0 5 -24 0 0 0 13 13 0 -9 0 -28 0 0 0 -32 0 0 -48 -14 0 13 0 0 0 -21 21 0 0 37 0 31 0 0 -24 -32 -43 -34 28 -4 0 -14 0 23 0 42 0 -32 -40 0 0 -9 -41 0 0 -9 0 0 31 0 0 28 -23 23 33 0 -19 -39 0 0 0 29 0 -9 0 -16 0 -4 32 -40 25 -35 0 0 0 -30 0 -7 4 16 0 -27 -14 0 0 0 0 -16 0 0 24 -28 0 0 0 -42 -15 -18 0 29 0 0 0 0 0 0 0 -32 0 6 0 0 8 0 0 
-4 -1 -50 0 0 32 50 27 -15 0 12 0 0 0 -23 -11 0 -2 0 0 0 32 0 0 0 -50 0 0 0 0 20 19 0 0 0 0 0 0 10 0 0 -24 0 0 0 0 -5 0 -2 0 0 31 30 0 0 0 0 0 -42 -32 0 18 0 0 0 -30 18 0 47 10 0 0 0 22 -3 0 0 -47 50 -23 0 0 0 -11 0 -7 0 -9 0 -33 0 0 0 0 -19 0 -34 -45 0 0 0 0 0 0 0 47 0 -42 -2 -38 0 0 -6 0 0 -23 -39 0 0 0 0 0 0 -16 -48 
50 0 -41 18 -17 47 -15 0 0 0 -14 34 30 0 0 0 0 0 0 0 0 -10 0 0 0 -16 -37 -41 49 0 35 0 0 0 0 40 0 -27 0 0 -13 0 0 -24 41 22 0 7 -44 0 0 0 0 -34 34 42 0 35 -31 0 43 0 2 0 0 0 0 39 0 5 -33 0 -30 -5 0 0 10 0 0 0 47 0 -44 -20 -9 39 12 0 0 0 0 49 0 -19 0 -12 0 0 0 0 -4 0 -4 0 0 0 0 0 -1 0 -29 -35 3 0 0 0 0 0 0 0 0 19 0 32 0 
0 12 33 0 0 -16 -24 0 -8 0 0 0 5 -44 -9 -50 -17 49 0 9 -17 0 0 0 1 37 0 0 -22 47 0 0 0 29 0 -25 12 32 0 0 -49 0 0 -39 29 0 17 0 -34 10 43 0 -40 0 0 37 16 13 0 -22 31 0 0 0 -34 0 0 -46 0 0 0 0 0 0 -8 0 35 0 0 0 -15 10 40 0 0 0 0 0 6 -38 0 41 0 0 -12 0 37 -25 -44 19 0 38 -41 -5 -27 -40 0 0 34 0 0 19 -43 -48 0 0 0 -17 -48 -22 0 50 -43 0 41 
30 0 27 -46 46 0 -19 0 0 0 40 0 0 -25 -15 39 0 -34 0 -4 0 0 0 0 0 0 -19 0 9 24 0 -3 0 0 0 0 -24 0 0 -32 26 0 8 22 0 -14 0 0 0 -12 -42 0 47 50 0 34 0 21 -41 -16 32 0 31 6 0 0 -41 3 -7 -7 -8 -36 17 2 21 47 0 0 0 31 33 0 -6 0 0 21 46 0 0 -22 0 -19 0 -34 0 37 35 0 0 14 0 0 19 0 33 0 0 -32 -31 9 -11 -13 0 0 0 0 0 41 0 0 0 0 18 0 0 
-7 8 -21 0 -42 0 -38 0 -43 0 32 16 0 46 -47 -3 0 -30 0 0 0 -25 -18 0 0 41 11 0 0 0 0 0 31 0 0 -41 -46 0 22 17 0 -1 0 -24 -19 0 1 35 1 0 0 4 43 0 7 -35 0 15 39 16 0 -21 21 -26 16 0 -8 -37 0 25 0 0 -25 -50 38 -25 -36 5 0 -36 0 -48 20 0 0 20 0 0 0 0 -16 0 -16 -45 0 -25 0 -21 -29 2 0 0 0 -45 23 46 0 42 43 -50 32 14 0 0 26 0 0 40 0 -46 -44 0 0 16 18 
0 -2 0 0 0 0 0 38 -46 0 0 -3 0 20 38 6 44 0 17 0 0 0 -38 0 0 37 0 0 0 -3 0 0 49 -23 -20 0 0 -37 46 0 -12 8 26 36 0 0 0 -44 0 -39 -18 -24 0 0 0 -13 -30 -5 30 0 -34 0 -49 42 0 -35 0 14 -17 0 -21 -18 0 35 0 0 20 33 -37 -46 -33 0 0 0 0 0 38 25 -19 0 26 0 0 0 0 -44 0 -29 -8 10 -43 0 -1 32 11 0 0 0 0 0 0 0 -35 0 20 38 0 0 0 0 -10 0 0 0 11 
-47 0 0 -36 0 49 0 16 -44 -50 14 -22 0 0 23 0 0 0 0 -12 0 0 4 41 43 0 0 50 -25 5 -47 0 -38 -33 0 0 0 0 0 0 0 17 -50 -18 0 0 0 -44 0 3 0 -26 30 1 41 -11 31 0 0 0 3 -36 0 0 -20 0 0 0 41 0 33 0 0 -30 -3 0 0 2 -6 0 28 -41 -23 0 -1 -50 0 -30 -46 0 0 0 0 0 0 19 14 2 10 11 -34 0 0 0 0 15 46 0 0 0 -8 0 0 1 0 0 0 0 1 -30 29 0 0 0 -25 
37 -25 -30 33 0 -35 1 0 0 35 10 0 -17 26 -21 -25 0 9 -21 0 0 0 -42 0 0 -36 28 0 -39 -26 32 0 4 25 -21 0 3 0 -26 26 0 2 0 0 1 0 0 30 34 0 0 0 -32 20 -46 -15 0 0 0 -32 0 0 -10 0 0 3 -9 0 20 0 0 0 0 -32 42 9 0 -26 -5 -38 0 0 -19 0 0 -14 0 -34 17 -44 0 0 24 0 -4 0 0 0 -43 -34 -8 10 -42 0 -5 18 0 0 0 -1 12 5 20 0 0 -18 0 -40 -26 0 31 0 -34 -4 0 
37 -39 0 -45 -3 0 -50 0 0 0 0 0 -16 0 0 30 6 35 -32 0 39 -40 0 25 0 0 12 0 -6 -20 35 0 -8 -28 0 0 43 2 0 50 0 13 0 34 0 0 12 0 -8 0 41 12 5 -34 49 42 8 0 0 0 0 -24 -8 0 0 0 0 0 0 -17 28 46 0 46 0 -12 0 -49 14 36 40 44 50 0 -3 19 36 10 -39 0 23 0 -28 0 0 38 0 0 0 0 10 0 4 43 0 41 0 41 0 -32 -16 0 -10 0 0 0 0 -42 0 -12 0 -48 0 0 0 
0 45 37 18 40 3 -23 34 0 0 -42 0 0 0 0 0 0 -42 0 -37 0 -37 0 6 -12 0 -42 0 49 0 3 0 -34 -38 14 -30 -11 -21 -29 0 24 0 0 49 0 -50 -26 0 42 -47 0 13 39 1 0 0 19 11 50 0 -1 -10 -45 0 43 -8 28 2 2 0 0 0 0 0 0 36 44 29 0 -47 46 7 0 0 0 0 -3 -27 -44 -13 0 0 0 0 -4 -41 19 0 -1 0 -42 4 21 0 0 0 0 0 0 15 -33 0 0 0 -33 0 36 33 -35 0 42 -20 0 0 -1 
0 -6 22 0 13 -30 0 -24 47 -10 48 0 43 0 0 9 0 0 -36 0 0 0 -19 43 46 0 44 0 0 10 2 0 0 0 0 -18 12 0 -28 0 39 0 -41 0 0 -35 0 -12 33 -43 0 0 0 15 0 -23 0 32 0 0 10 0 0 0 14 0 0 0 0 0 0 11 0 0 -13 0 -23 32 11 -24 0 -21 50 0 -41 0 0 -33 48 28 26 50 0 0 0 -5 0 -45 32 0 0 43 0 6 0 11 0 0 -48 0 0 0 20 0 -36 0 0 -39 0 0 8 0 28 0 0 
0 23 20 -44 0 0 -40 0 -24 0 -34 -29 0 0 0 -49 0 0 0 0 0 0 -12 0 23 0 0 38 28 -7 -50 0 0 0 0 0 21 -16 -3 0 46 -48 0 0 -23 0 0 4 -48 0 0 21 -5 0 0 0 0 0 0 -36 -31 -45 0 0 6 0 0 0 0 -14 0 47 0 -25 0 0 0 -27 -35 0 0 0 -27 -33 0 0 0 0 0 49 -21 -8 0 0 0 -27 33 23 11 0 -5 0 0 0 0 -20 0 16 0 0 0 12 44 31 0 -9 -28 0 -12 0 -34 0 0 0 0 
0 0 48 0 34 -38 0 0 19 -42 11 0 12 0 -4 0 0 0 45 38 30 48 0 22 47 -35 12 24 0 20 0 -8 6 0 0 0 -3 -13 0 0 0 0 -8 0 7 0 0 -25 0 0 -15 0 0 0 32 44 30 46 -39 0 0 -45 50 33 0 0 0 0 -18 0 0 19 -1 0 0 0 0 0 0 0 0 0 -47 0 -30 44 -15 0 0 0 0 0 -42 47 0 -40 0 46 0 15 18 41 0 11 -20 0 0 0 0 0 26 0 -38 0 0 0 0 46 0 0 0 -45 0 0 5 
0 6 0 -16 0 22 0 0 0 0 -18 -6 0 0 39 0 -10 43 0 30 -7 -24 -12 0 45 0 -50 10 0 0 -30 -29 2 -20 0 -8 4 29 -18 0 -5 0 0 0 0 25 0 -20 44 0 0 0 46 0 0 -43 0 0 -36 -21 -9 0 36 50 28 0 0 0 -17 -10 0 0 0 0 43 -21 -3 50 -40 0 0 0 0 32 17 2 0 8 8 -5 -26 0 -15 0 0 0 0 0 0 46 0 0 0 0 0 0 -48 23 0 0 48 0 0 0 25 17 20 -35 0 -4 0 33 0 16 0 
34 0 44 0 0 -48 22 0 -22 0 0 -40 -7 0 43 19 0 14 0 -15 2 23 3 -29 -38 0 -22 0 0 0 0 0 -24 0 -50 0 0 8 -15 29 0 0 -21 0 0 13 0 42 0 0 -10 0 -16 42 44 1 0 0 14 0 -46 0 0 0 -17 35 0 41 0 0 0 -44 0 37 36 0 42 0 0 37 0 -26 0 0 24 0 2 0 24 -22 -37 0 -18 -42 0 0 -32 42 0 0 0 41 0 0 16 0 23 0 43 0 -15 12 3 0 0 0 26 32 3 3 0 -2 -35 0 0 
-35 42 5 -50 -19 14 0 0 0 0 0 -13 -3 -47 -35 -17 0 0 -43 -13 -39 0 -34 48 -5 0 23 0 36 -9 0 0 -26 0 38 -41 0 0 -5 36 0 0 0 -15 29 0 -38 0 0 0 -43 0 -11 0 0 -30 -6 -42 0 0 0 0 -15 40 0 0 -43 -31 -18 24 0 -21 0 -50 0 26 22 0 3 -46 -43 2 0 13 0 -42 -43 0 45 -27 0 -12 0 -2 -1 34 -31 43 0 0 0 0 0 -48 0 0 0 43 -42 -35 38 -37 0 0 0 0 0 -26 19 0 33 8 0 -21 -31 
0 -38 0 0 0 8 0 -21 0 0 -35 0 0 -44 42 8 -33 0 -35 1 0 -50 0 0 0 0 0 22 39 0 22 -32 -50 8 0 46 -19 0 0 0 36 0 33 0 -22 34 47 3 0 0 24 0 -29 0 0 0 0 29 -27 -15 -39 0 30 0 0 32 0 0 0 0 -31 -10 20 0 0 -8 38 -23 0 39 0 -11 37 0 -49 1 -14 34 -34 0 0 27 29 -38 0 0 9 -50 0 0 -1 -32 15 0 0 0 0 0 -35 0 0 0 0 32 -50 0 0 0 45 0 -35 -26 0 -45 0 
0 0 0 -17 0 -36 8 43 0 28 31 29 0 46 0 0 -4 0 0 -8 0 0 -11 -49 0 0 0 0 -41 -42 -38 0 -41 47 0 -11 0 0 0 -29 -50 -45 0 38 0 0 0 0 6 -21 6 0 0 -11 29 0 0 14 26 9 -12 -1 -40 0 0 27 2 30 44 43 0 26 0 -34 0 47 0 0 0 0 -7 46 -6 0 24 0 21 0 0 0 0 0 0 0 -29 0 -11 32 0 -8 12 -16 -33 0 0 26 48 -15 38 0 -47 0 0 0 0 40 0 27 0 -35 0 0 0 0 -35 
7 -5 0 0 -24 -40 38 0 0 0 0 -35 28 0 23 0 -8 0 0 0 0 -22 0 46 -37 0 -33 14 40 -36 0 40 -18 -12 -50 0 -6 -33 -29 17 -44 0 -28 13 0 -40 0 -49 -41 -47 30 22 -8 -10 -3 0 0 -30 48 0 41 0 -21 45 0 0 0 -39 -29 1 0 45 0 0 0 0 0 0 -7 -48 0 46 40 -49 -37 39 0 -11 -9 0 0 -6 0 0 -35 19 -13 14 0 0 5 0 0 0 12 0 0 12 -37 0 0 0 -24 0 50 -29 0 -27 11 49 0 -47 0 3 42 
0 0 48 -27 41 25 -23 0 0 0 0 0 18 -31 48 46 0 0 0 33 0 0 35 0 -38 0 -13 0 36 -40 0 0 7 -31 -28 -48 0 18 -12 30 -20 -48 -49 -7 0 34 0 15 0 -38 0 -45 -32 0 0 0 0 0 0 0 0 16 4 -39 8 31 0 -50 16 0 35 -32 0 20 0 25 0 -45 -47 -48 42 5 0 19 -9 0 -12 0 -8 0 0 0 0 -6 3 -43 0 0 -35 0 20 -10 0 20 44 -38 0 3 0 0 0 -24 -4 11 -28 0 0 -35 0 17 0 26 0 30 0 
29 -21 49 0 48 25 0 -38 0 0 0 1 -6 9 -10 0 0 0 0 0 0 -37 0 0 12 34 0 -3 35 46 0 43 0 0 0 -14 0 0 0 -29 0 0 -11 26 0 11 -6 16 0 0 -42 0 33 -41 -21 -13 0 0 -28 -20 23 0 -46 2 -8 -2 0 0 0 -49 0 -50 0 0 8 12 38 -13 0 0 0 0 0 0 -30 31 -25 -18 40 0 40 0 0 0 0 -48 0 0 0 1 0 0 0 0 31 0 0 0 0 32 0 0 11 0 31 0 -46 -6 -23 0 46 6 0 0 0 
0 0 0 -48 0 -35 0 0 0 28 0 0 37 8 18 -21 -14 -42 0 0 0 37 0 0 -14 0 0 -39 6 0 0 0 0 0 0 33 26 0 -31 -8 0 -34 -28 0 0 0 27 24 0 -46 36 0 -36 0 11 10 -5 2 0 29 -42 0 0 0 0 21 0 0 50 -9 -26 10 -36 0 0 23 0 3 41 6 0 0 -4 0 0 0 0 0 0 28 -47 0 0 0 0 0 0 26 20 0 0 0 -33 -36 0 0 25 0 0 -50 0 50 -28 31 0 33 0 0 0 0 39 0 0 -21 47 
-27 0 0 34 32 -7 0 0 -12 40 0 -3 -32 0 42 0 0 0 0 42 -49 40 8 0 -29 0 -43 -28 25 -22 23 0 0 0 0 0 0 -8 -41 25 0 0 38 -38 -6 0 0 0 -13 0 0 -44 0 0 0 46 0 0 0 -48 -7 0 0 -50 0 -45 0 -24 0 -13 -14 19 -20 -13 0 0 0 0 45 -38 26 -12 0 0 0 0 -8 0 -23 -13 0 27 0 -23 0 0 0 0 38 0 -18 0 0 0 -9 0 17 0 0 0 40 -29 0 0 33 -50 0 0 0 -3 0 0 48 0 0 
0 -27 -22 0 33 35 0 0 0 0 0 0 0 0 15 -42 50 0 -30 -37 48 0 0 -12 0 -3 -47 19 19 21 0 -29 33 17 0 0 0 0 0 0 -5 0 0 12 1 -11 30 7 -9 0 0 0 -41 -44 0 -29 0 -45 -20 18 0 0 -3 0 0 0 50 0 28 0 0 -27 -47 0 -49 0 0 0 14 0 0 0 47 0 -39 46 -6 -32 37 0 49 3 0 -39 0 0 0 0 0 0 0 0 36 0 -28 0 20 26 0 0 0 0 0 -46 0 0 0 31 32 34 0 5 19 20 0 
0 -25 -38 0 0 0 -25 0 0 0 0 -49 -42 47 -5 0 0 30 24 0 -25 11 0 29 -6 38 0 39 0 45 -50 0 0 0 25 0 0 0 -48 0 0 5 -43 19 19 38 40 0 0 0 0 0 20 -25 0 -41 6 49 0 0 29 0 0 39 0 -26 0 0 16 -1 -34 0 -44 0 0 0 0 0 0 0 0 11 0 22 0 0 0 39 0 0 0 33 -32 0 0 -17 41 40 0 0 -40 -42 33 -39 0 46 -35 32 -26 0 27 -27 -35 -6 0 0 31 0 0 24 10 0 37 0 22 
33 -10 0 -8 29 0 0 0 0 0 -21 -29 0 0 0 0 -5 0 0 12 0 22 46 0 -13 -42 0 -33 0 0 0 0 0 0 15 0 0 0 25 -28 0 -22 0 -6 -4 0 0 0 0 0 0 0 -21 19 -44 -45 0 0 0 0 42 27 12 -49 1 0 30 28 -49 0 -25 0 0 0 48 0 0 -11 0 0 37 0 0 -13 -44 -8 -23 0 -20 0 0 0 0 0 0 -48 0 0 0 1 -26 0 -35 0 -12 0 0 3 19 45 0 11 0 -23 0 0 32 0 44 0 0 0 0 6 0 
0 0 28 -23 22 0 19 0 48 11 0 0 0 0 0 0 -49 -15 -30 24 15 0 0 0 0 -19 0 0 0 -18 -23 0 -20 -22 -13 0 15 -38 -29 17 0 0 0 48 37 0 0 0 0 0 0 -1 0 0 32 0 0 -41 0 4 0 -35 -46 0 40 -5 12 -39 41 0 0 0 -14 34 0 -44 0 0 0 4 50 0 -28 0 0 0 -36 9 0 0 0 0 6 0 0 -22 0 -46 0 -30 0 -12 0 0 0 0 -4 3 0 0 -35 49 17 0 0 -3 34 24 0 -13 0 34 -27 0 0 
0 0 0 44 33 0 0 -12 0 0 0 0 0 0 -23 0 0 0 0 -28 -39 19 0 0 47 0 0 -18 0 0 20 0 0 0 -22 15 34 -50 0 -38 0 45 22 0 0 0 0 -2 0 12 36 3 21 0 0 -35 31 15 -2 -1 -36 -19 -13 21 0 0 0 0 41 0 -25 -25 -21 17 -43 0 24 -24 0 0 2 3 0 0 0 6 0 2 11 44 -50 0 0 0 0 0 0 -44 -10 29 31 0 42 8 -34 0 0 0 33 -35 0 0 0 46 39 0 0 10 0 0 0 4 45 0 0 
0 11 0 35 0 -42 0 -6 0 0 0 29 1 46 0 22 -1 49 0 0 -46 0 0 0 0 0 0 0 0 0 -31 0 -49 0 0 0 -18 0 20 0 0 0 0 44 -2 -40 0 37 15 0 11 -15 0 0 1 -47 0 -37 0 0 -7 50 -26 0 -22 0 36 0 0 0 35 0 0 0 0 0 0 0 34 0 13 0 -14 37 0 6 -27 0 32 0 -11 0 0 0 19 50 0 0 0 0 0 -48 -20 0 0 -45 33 -2 8 -26 0 -47 26 6 0 0 5 0 0 34 4 -21 0 0 0 
-30 0 -21 0 0 -6 -28 0 45 0 -36 -28 0 0 0 0 0 -18 -42 0 0 41 0 0 0 0 33 -35 0 0 0 -2 47 -5 3 -10 -5 0 32 11 0 44 0 0 -8 1 50 0 16 38 -21 -7 0 0 -39 -39 -40 0 -7 0 0 -23 -13 -9 7 -15 0 0 0 0 -29 1 0 0 0 0 -10 6 -31 -24 0 0 29 -5 0 0 21 -40 -43 -12 16 0 8 0 0 -43 18 0 0 0 -34 0 0 28 0 0 0 -35 0 0 0 0 0 0 0 48 19 37 0 -27 45 0 -25 0 0 
16 -35 0 0 0 19 0 27 0 0 13 -35 0 0 -21 -1 0 0 22 13 14 0 14 0 29 -4 0 -39 -13 0 -48 1 12 0 0 45 46 0 0 -19 -19 0 12 0 -16 0 0 0 0 0 -50 0 -38 19 11 37 -39 -5 0 0 -13 24 22 0 0 -29 18 0 0 1 -18 0 0 -24 -21 47 0 0 0 0 37 0 11 0 -2 33 4 -18 22 38 0 0 0 -16 32 0 0 16 0 0 -4 0 0 0 0 0 16 0 -21 -45 0 3 30 0 -21 0 20 0 6 0 0 0 0 -5 42 
36 -35 0 4 -8 0 37 0 39 21 14 0 0 0 0 0 2 0 0 0 42 0 0 0 0 27 -40 0 13 27 0 -46 21 -21 -27 -38 0 32 0 0 -50 0 0 0 -5 43 0 -12 -47 0 0 0 -12 0 25 0 0 0 -44 -38 14 0 0 -1 -19 0 0 0 -17 0 -30 -13 0 0 23 -22 0 0 4 43 -14 0 0 -43 0 -40 0 -28 -1 0 0 -34 0 -48 0 41 0 18 11 -25 0 0 -1 0 0 5 0 0 -31 0 -35 42 0 0 47 0 0 22 0 0 0 0 0 42 -7 
