125
-2 12 47 -10 0 2 28 -45 -13 17 44 50 -18 -46 4 -7 -13 -13 -14 -27 31 40 -3 12 37 -42 -6 -23 -48 -48 -27 50 -4 -38 13 36 -5 21 -38 -32 -48 0 -25 10 40 38 37 -11 -45 44 -33 -32 28 -49 29 3 -35 -23 9 -34 -1 -48 20 50 44 4 15 21 -8 30 26 6 -27 -10 39 35 -43 -10 -6 25 -9 -27 -38 -49 -50 -3 -12 43 14 13 -26 28 -2 45 17 -5 20 50 -41 8 -39 -14 21 -43 15 -13 13 -23 -48 4 -13 49 -27 24 43 5 -13 -8 -35 -17 -15 7 -43 -30 20 
21 1 0 -4 -9 44 -28 -42 0 4 23 -46 0 0 34 0 -50 0 15 7 10 0 -7 0 -21 0 19 -42 0 0 30 -28 -11 0 0 -38 19 35 19 0 0 -3 0 34 -49 0 17 0 0 -37 0 -19 36 5 47 5 0 24 -17 0 18 -49 -9 12 14 -21 -22 0 46 0 -25 0 -25 24 -26 -30 -24 -46 -28 0 -12 0 -39 40 9 50 10 -12 -29 22 2 -9 12 49 0 14 16 -37 0 -15 0 19 0 -19 0 0 0 -17 0 0 -42 17 -13 25 14 0 38 0 0 -5 -25 -46 -26 -5 22 
1 0 -30 -22 20 0 -3 -14 19 -24 0 23 24 -2 -45 -28 21 -45 6 5 20 -20 25 -8 -11 -37 -40 6 15 -48 47 39 -29 0 18 49 37 0 27 20 7 -33 -4 -30 -10 0 0 0 0 25 0 35 -38 0 48 -2 29 0 0 0 -7 18 -10 -19 0 0 -25 44 31 31 50 1 -32 0 0 40 -42 -48 24 -26 0 0 -22 -11 14 -27 -21 49 0 27 48 -48 30 -35 -44 0 30 0 0 46 0 0 0 0 8 -21 -31 -13 0 14 -50 -14 18 50 -36 0 6 28 -16 12 1 -7 34 0 -43 
0 -30 -6 9 -35 41 -21 25 23 0 0 -2 20 34 -20 -2 -21 -9 0 0 -21 19 29 0 0 -50 -15 14 29 0 22 40 12 0 -10 22 -10 -6 16 0 2 47 -47 0 46 13 0 -19 34 48 0 21 3 0 10 0 0 25 50 39 41 0 -23 -13 23 22 -17 0 7 0 0 -17 11 37 0 19 42 42 5 0 48 0 21 21 1 -29 19 31 -12 -49 -47 -17 -33 -2 -50 40 26 28 -30 0 0 20 3 3 23 14 37 0 27 50 0 0 0 0 -41 -13 -31 0 -28 3 16 -18 0 -26 -30 
-4 -22 9 6 28 0 36 19 10 0 0 15 0 0 -35 -47 0 -2 4 8 0 -16 -43 5 0 -42 -38 -47 -36 16 0 0 0 -38 26 0 -10 28 -1 0 38 20 -7 -14 -5 0 0 -29 -9 49 -25 11 -10 18 -30 -41 -39 14 -3 -47 -22 -7 -38 -32 40 -48 -42 -13 31 50 -32 24 -9 -35 18 -27 36 0 3 5 -26 0 -45 -12 0 0 0 -50 6 -14 0 -50 0 31 0 -35 0 1 -31 -34 -26 44 -4 0 -41 0 11 -37 39 -18 42 -6 23 4 -31 0 -20 -48 31 -47 0 32 0 -14 -22 
-9 20 -35 28 -28 -41 -22 17 -43 -2 -41 0 -14 -29 0 -34 0 -8 -41 5 -35 -42 0 -42 49 -26 -8 0 12 21 0 0 16 8 -38 26 0 -47 11 -17 39 24 -14 48 8 0 32 30 39 -4 0 7 -28 -49 -40 -36 -39 24 0 0 -11 -1 -11 0 8 0 -15 42 -13 36 -14 24 4 25 -19 8 -4 -39 12 0 0 -19 -4 27 26 -28 0 -30 0 16 -5 -6 -47 -43 29 -1 0 -28 0 14 -14 11 0 23 42 -16 31 -13 3 0 15 -14 -35 41 3 -25 0 2 0 37 -28 -7 -38 -35 -5 
44 0 41 0 -41 6 -5 7 -35 0 43 -43 -36 0 33 30 24 40 -40 49 0 -36 -40 0 0 19 -39 -22 0 32 5 0 25 -47 -36 -12 0 0 -32 0 35 -22 4 -30 -29 37 47 0 0 0 0 0 7 18 0 0 -25 0 41 15 0 0 -1 -18 -39 -42 -12 -19 40 32 48 7 0 0 0 -44 36 38 0 25 -16 0 0 16 -20 0 43 36 19 -7 10 0 -37 0 15 0 0 -1 -5 -28 0 40 0 0 26 10 0 32 48 0 0 19 8 -42 -35 -49 0 -37 16 42 29 -45 43 -50 47 
-28 -3 -21 36 -22 -5 -30 -6 -37 16 0 -42 -8 0 -2 20 -3 29 -50 0 39 46 36 3 -7 0 0 22 -21 -17 36 -33 -24 -22 0 30 -28 0 27 -8 0 -33 3 32 32 0 14 0 -33 -43 0 3 0 34 18 21 -17 -48 -12 11 30 21 16 -36 49 1 -32 0 -15 46 0 45 0 -16 0 -14 46 4 46 0 -6 -36 -22 29 -19 -30 0 0 6 0 -7 0 0 8 -19 47 28 0 0 -14 -43 -26 0 31 -29 0 33 0 0 0 1 46 0 -38 0 -4 -9 -32 -44 -22 20 0 37 -3 -15 
-42 -14 25 19 17 7 -6 -26 -32 0 -5 0 0 -22 39 -46 0 0 -29 -46 -12 -48 29 0 21 -16 0 0 -30 -49 0 0 34 -18 -27 19 50 24 46 0 -14 0 -19 1 -9 -13 -13 7 4 -7 0 43 -22 8 44 0 0 0 0 0 45 -13 0 0 -34 14 0 -22 23 -22 -1 0 7 -10 26 25 0 -25 0 -47 -3 0 0 -46 0 0 0 0 -17 0 30 26 0 0 -14 0 40 0 0 0 0 0 -18 -31 0 3 6 0 0 -19 -29 -27 1 -19 0 4 -9 -31 0 -36 0 41 -22 -20 -21 
0 19 23 10 -43 -35 -37 -32 0 -14 -33 34 38 4 -44 -13 33 42 7 -31 0 -15 0 -16 -1 24 25 32 -9 20 0 0 0 16 -20 0 0 16 -11 8 17 -2 4 7 -32 -35 0 23 -14 -1 -50 0 26 23 -5 28 -1 -34 0 -48 42 -47 0 0 0 28 0 -20 38 0 0 0 0 -18 -15 20 -6 29 49 46 0 27 -4 24 0 0 29 -11 26 -21 0 0 45 2 -13 -45 0 0 14 -33 0 -10 0 0 4 0 0 31 0 46 0 45 0 -4 0 -50 0 0 -29 -42 16 -27 30 -34 38 
4 -24 0 0 -2 0 16 0 -14 -31 40 -24 0 34 4 -37 37 0 0 4 22 -44 -7 41 46 12 -40 -12 2 -20 0 -26 0 0 0 34 -2 -48 47 -36 -44 0 -11 0 41 0 0 16 -31 24 45 48 -5 -5 0 -34 50 -43 0 -46 -42 -44 0 42 0 0 -22 0 16 -37 34 8 0 42 -41 -9 -14 0 -20 -26 -20 -17 -10 -3 0 38 -44 6 -25 40 -40 3 -28 49 27 17 0 37 0 -34 6 1 -18 -47 0 15 -13 1 -42 -42 0 -16 -29 -24 0 -44 20 13 0 22 -39 -19 -26 0 -27 
23 0 0 0 -41 43 0 -5 -33 40 -36 40 0 28 -32 32 -5 7 40 -4 42 20 0 -45 48 0 -38 -21 42 0 -41 0 -12 44 9 42 0 4 12 0 21 8 0 34 22 24 6 -1 0 2 -25 0 0 0 -2 -33 -20 0 -2 -22 25 0 -14 -19 -30 0 4 17 11 0 22 0 0 0 11 -7 -8 -32 32 -37 -9 23 16 0 -37 -44 0 10 45 -24 0 8 46 -42 -40 16 -11 0 27 3 -25 6 -12 -45 0 -25 -41 -50 13 15 -49 -18 23 19 0 -4 6 45 39 31 0 0 0 35 9 
-46 23 -2 15 0 -43 -42 0 34 -24 40 -44 -30 47 0 -9 -4 26 25 -11 -2 36 37 0 49 -25 26 -18 -20 48 27 0 19 -8 -12 12 -49 38 49 0 -29 -7 43 -17 10 -23 7 -36 -12 -34 28 42 -42 -16 49 -6 -35 -41 41 -27 49 49 0 22 -2 -16 0 0 -40 17 0 3 0 0 23 -19 -27 0 -47 5 0 26 33 -10 -36 -11 0 0 -35 -25 8 0 19 10 -19 0 -9 -39 -27 -45 3 0 0 23 -32 0 6 -38 21 13 17 0 21 0 0 24 -39 -15 0 22 -25 -43 -1 -16 -8 
0 24 20 0 -14 -36 -8 0 38 0 0 -30 33 0 12 0 0 3 13 0 -14 0 13 18 31 -23 36 19 -25 -31 6 0 25 27 21 0 29 1 49 44 0 2 17 0 -6 0 -44 -40 -44 25 -46 0 17 -7 -8 6 39 1 0 10 -28 26 0 0 0 -8 -47 0 5 48 -39 -46 -30 -35 47 -31 48 0 23 -36 46 42 26 20 -38 20 0 18 -39 -16 -14 32 46 8 -29 -31 0 -30 -9 -5 -49 23 0 -25 28 -29 0 0 35 -2 1 -30 18 43 -37 26 0 -17 16 8 14 0 -13 -18 -4 
0 -2 34 0 -29 0 0 -22 4 34 28 47 0 45 12 -36 1 -43 44 0 -22 12 35 0 -6 48 -34 -11 10 0 -48 44 0 -8 -27 -29 -40 0 31 0 -43 0 -18 43 -50 0 23 1 37 9 -17 0 -13 -3 0 -21 38 0 -1 2 -18 0 0 -35 43 48 -33 -38 -15 0 -37 24 35 0 0 0 0 9 -23 23 -1 37 -12 44 21 -35 -49 -7 0 10 -23 45 6 0 0 0 1 0 19 0 -45 30 -34 -19 -31 0 25 0 41 31 -21 35 0 -45 19 17 0 15 17 -5 16 -14 -19 0 29 
34 -45 -20 -35 0 33 -2 39 -44 4 -32 0 12 12 -23 7 0 -1 0 -31 -29 1 0 3 20 0 -6 -46 -34 29 0 8 -33 -42 21 -13 29 0 22 38 0 19 39 30 43 43 -44 0 8 47 0 0 0 2 -17 0 0 -29 0 0 -34 -24 -48 18 -41 -9 0 -5 41 49 -16 -5 -32 26 38 0 0 -20 -8 -46 -4 -11 -37 -22 0 26 -4 2 -37 40 0 0 47 6 0 0 13 43 0 -8 0 36 0 6 -32 -23 0 15 -32 31 27 19 -15 40 -47 13 16 27 24 -6 -5 0 -20 -41 43 
0 -28 -2 -47 -34 30 20 -46 -13 -37 32 -9 0 -36 7 -46 0 29 4 0 3 48 -18 -33 -4 0 2 -8 4 0 -4 0 7 -43 -24 0 -48 23 -31 -25 -11 -11 33 -1 0 -10 22 16 29 0 -16 -29 42 35 -38 12 -48 13 46 47 0 15 -26 -49 49 -44 45 0 -11 -12 26 0 16 -47 -49 -49 -11 26 -19 -23 -22 -30 -29 -27 -32 -26 -42 21 0 -2 0 0 -19 11 -48 20 5 -37 -38 34 0 -5 29 19 40 0 -21 0 -22 -50 -8 -50 0 0 48 47 -3 -15 -17 0 28 0 -32 -26 17 
-50 21 -21 0 0 24 -3 0 33 37 -5 -4 0 1 0 0 -25 0 0 12 25 -36 10 -44 48 -15 0 0 -46 8 -37 0 -30 -31 3 12 -24 0 -33 0 -3 0 36 -21 29 12 39 0 -24 19 -43 30 -45 -29 -23 0 -47 0 29 45 -17 0 -26 29 0 30 -41 0 0 -38 32 0 0 -31 12 -44 -5 -8 0 41 -5 0 0 49 30 0 -28 27 -14 9 0 48 8 10 -24 0 0 28 0 0 0 0 -42 0 0 -43 22 0 41 -26 43 -29 -7 -4 36 40 24 -27 0 34 11 20 -34 44 -24 
0 -45 -9 -2 -8 40 29 0 42 0 7 26 3 -43 -1 29 0 13 -20 -17 -8 47 1 -39 6 0 0 33 45 -21 0 0 41 25 24 -38 -7 11 0 -9 -27 42 -46 16 -36 -25 10 -43 -47 -28 13 -4 0 42 43 0 5 12 0 -23 29 -5 -29 15 -5 0 0 0 32 -32 0 -2 -45 17 35 -32 -13 17 -9 -32 0 0 -17 -18 -32 39 0 3 0 -7 0 -13 0 -21 -26 23 -9 -2 0 0 -44 0 8 0 22 -39 0 0 -17 0 -45 49 0 8 42 19 0 -37 1 -34 43 0 13 0 48 
15 6 0 4 -41 -40 -50 -29 7 0 40 25 13 44 0 4 0 -20 -47 -11 38 0 -16 25 13 -32 43 -33 -36 -12 0 13 39 -2 0 8 -11 0 -19 -29 -37 31 12 0 -22 -3 25 -35 9 -31 36 38 0 0 -1 38 47 3 -25 15 0 0 -24 4 -36 -37 20 0 -8 0 0 -25 39 46 -41 0 29 -43 -50 47 33 8 37 0 26 9 -39 0 40 28 0 -45 -16 -39 -29 -8 -39 -22 -1 0 -12 49 -16 -45 -9 -5 -38 0 8 48 -41 45 -8 0 -15 -47 -45 0 -12 29 42 0 34 0 0 
7 5 0 8 5 49 0 -46 -31 4 -4 -11 0 0 -31 0 12 -17 -11 16 24 -49 34 27 38 -24 -9 1 0 -25 -45 -28 0 46 13 46 4 49 0 -5 0 20 -21 -40 -29 5 0 -22 0 1 36 23 4 -27 15 0 0 -14 -28 0 37 -22 1 -8 -16 0 1 34 0 41 0 0 0 26 -42 0 -49 -37 11 40 0 0 10 -7 -37 4 0 -27 -25 38 3 -50 28 -41 -18 -14 -36 0 0 12 21 0 0 0 -35 -22 30 46 -33 46 0 50 0 -2 -17 -13 -18 48 -24 44 0 48 0 8 41 
10 20 -21 0 -35 0 39 -12 0 22 42 -2 -14 -22 -29 3 25 -8 38 24 0 0 -27 30 35 0 49 -18 -22 0 49 0 -29 0 0 13 50 -27 17 -42 -35 -33 -10 -20 20 0 12 0 -28 -49 20 -19 -20 37 8 0 17 -42 -31 0 -42 -9 14 0 -5 45 35 0 26 27 -32 28 3 0 -42 25 35 14 0 -17 2 32 -19 0 0 -4 -23 0 34 8 -31 16 0 0 0 0 0 -28 -2 0 -6 -27 -7 19 -7 49 24 28 -39 -46 -28 0 24 37 -25 -3 2 -43 0 0 0 29 41 0 -10 
0 -20 19 -16 -42 -36 46 -48 -15 -44 20 36 0 12 1 48 -36 47 0 -49 0 0 -49 5 -36 -21 15 0 36 0 43 -14 0 35 -22 0 0 6 -31 -41 -31 -50 -38 -6 0 0 0 -46 8 -9 -39 0 0 -24 0 37 0 -39 17 33 2 39 46 33 9 -22 -33 13 49 4 -14 -45 -3 -3 0 5 32 -9 14 16 34 0 0 13 32 -29 -23 24 -50 16 15 34 -23 30 -23 30 0 -27 0 42 0 7 -48 0 -1 0 17 26 -23 42 44 31 0 -24 -26 -23 0 -17 19 -37 50 20 -10 0 -17 
-7 25 29 -43 0 -40 36 29 0 -7 0 37 13 35 0 -18 10 1 -16 34 -27 -49 35 -1 0 22 -35 43 6 10 0 -33 -40 9 -40 19 -25 38 -16 39 0 -46 40 29 -44 -17 0 -19 0 -46 26 0 -11 -10 -20 0 28 -33 -20 0 0 32 -22 0 24 0 -19 42 0 -39 0 9 0 2 11 46 46 50 -48 -21 -31 0 42 -25 0 -34 9 0 -49 -29 -33 26 17 0 -21 -18 5 18 45 0 16 18 0 -28 32 16 -14 0 -42 5 -16 -21 22 -9 -29 -26 0 0 0 -10 0 -1 43 0 0 
0 -8 0 5 -42 0 3 0 -16 41 -45 0 18 0 3 -33 -44 -39 25 27 30 5 -1 0 30 3 31 0 43 0 0 17 -2 45 27 0 0 -35 14 -37 26 38 5 38 -41 -47 -26 7 -49 -9 23 -11 -34 -27 -18 0 -11 -2 0 0 48 0 -22 0 -44 37 -39 42 -23 0 0 43 17 -19 -20 0 0 -23 -3 -17 0 5 -39 -6 16 -11 -44 0 0 30 -30 0 -2 10 0 46 14 -18 50 36 -3 -50 31 -48 -9 1 0 46 0 0 43 -37 29 0 6 14 -20 47 4 -36 39 -16 46 0 -50 
-21 -11 0 0 49 0 -7 21 -1 46 48 49 31 -6 20 -4 48 6 13 38 35 -36 0 30 38 -18 0 16 1 -15 -20 -18 42 40 -37 -2 0 5 -12 -33 0 -8 49 49 0 0 -24 -42 -26 -15 32 43 -50 -1 38 31 0 42 25 48 29 0 15 6 -43 -20 8 0 0 -3 -17 -46 -7 -12 10 6 -20 5 -18 0 -7 48 8 -18 31 49 -16 0 -9 -18 22 -14 -1 0 -26 30 33 45 -7 2 34 -39 49 11 0 12 -30 -6 41 -28 0 0 0 0 12 7 28 -15 0 7 39 47 -23 0 0 
0 -37 -50 -42 -26 19 0 -16 24 12 0 -25 -23 48 0 0 -15 0 -32 -24 0 -21 22 3 -18 -4 30 -14 16 0 13 0 50 -42 24 -21 -25 15 -11 49 12 -46 0 13 -33 0 41 42 27 0 -32 49 0 -29 24 39 -50 -21 -14 -14 -27 -26 0 0 29 0 -28 0 0 31 -26 0 -40 37 10 -21 40 -2 24 5 0 0 26 0 24 26 -30 25 30 46 3 -20 36 38 -20 47 0 28 3 0 -32 -6 -22 -34 -22 24 18 36 27 -18 0 -50 0 -42 -47 46 32 0 -45 -15 -27 -14 -28 -42 32 
19 -40 -15 -38 -8 -39 0 0 25 -40 -38 26 36 -34 -6 2 0 0 43 -9 49 15 -35 31 0 30 36 7 0 12 -30 45 -44 9 5 45 -21 -48 -37 25 0 0 -29 -28 -25 0 29 0 -36 20 0 13 -49 -7 -18 6 -28 19 0 0 0 -24 31 -18 -26 31 -22 -3 0 39 -35 1 0 0 0 -4 -46 -6 9 0 -20 -10 0 -48 -46 0 -32 1 34 -50 6 26 0 35 36 25 0 -17 -5 -7 45 -18 -42 -8 -19 9 26 -32 36 13 -4 4 0 34 -14 -20 -42 0 0 0 -30 34 0 -4 -27 
-42 6 14 -47 0 -22 22 0 32 -12 -21 -18 19 -11 -46 -8 0 33 -33 1 -18 0 43 0 16 -14 7 -43 13 0 24 33 0 0 10 9 0 0 0 -27 44 9 0 0 -4 0 -45 -23 0 -43 26 21 48 5 0 -41 -28 0 19 44 -24 0 0 -12 0 0 -49 -5 -17 47 -31 -24 0 -42 44 -5 -44 0 -39 0 -23 1 -24 22 -50 -12 5 0 0 0 30 7 -29 20 -24 19 0 15 -29 0 -15 7 -50 0 0 46 -2 -16 41 33 0 21 20 0 -31 0 37 0 6 33 12 38 36 41 49 
0 15 29 -36 12 0 -21 -30 -9 2 42 -20 -25 10 -34 4 -46 45 -36 0 -22 36 6 43 1 16 0 13 -34 19 -32 0 43 -15 -15 16 0 -11 0 0 2 11 -40 -13 31 -15 -28 1 0 -35 -26 42 0 -49 -12 13 44 0 15 0 28 -11 0 -9 -31 -33 0 -18 4 -29 0 12 0 10 1 -5 14 -49 37 26 38 28 38 -5 46 44 -31 -9 -42 -24 24 0 -43 0 39 -33 -37 0 -5 -16 11 40 0 -41 40 22 -25 0 -18 27 0 -29 28 0 0 0 34 47 -40 19 0 41 -15 -37 -37 
0 -48 0 16 21 32 -17 -49 20 -20 0 48 -31 0 29 0 8 -21 -12 -25 0 0 10 0 -15 0 12 0 19 15 49 -45 20 13 0 46 -8 37 -19 -46 0 0 -36 38 -34 -45 30 0 -11 -26 21 -22 50 -5 -27 0 -1 33 0 -17 0 37 -31 3 -32 0 7 0 6 39 0 23 -4 16 -11 37 16 0 0 -25 -9 23 34 0 -24 -23 -49 -39 -8 50 0 20 -33 0 0 0 -12 0 0 0 -8 -9 13 -6 3 -26 42 0 -14 0 -4 -2 0 1 37 18 -12 12 0 0 -16 42 11 0 0 
30 47 22 0 0 5 36 0 0 0 -41 27 6 -48 0 -4 -37 0 0 -45 49 43 0 0 -20 13 -30 24 -32 49 0 -5 -24 0 -13 -47 37 -41 0 11 43 -1 14 -46 7 4 10 -43 8 -50 25 -48 -10 0 -8 0 0 36 -40 0 0 -44 -24 4 19 0 0 39 -18 -30 -43 34 -49 -26 -45 -24 -48 -6 -9 0 46 -42 -48 -35 24 47 16 -11 -35 -50 0 0 -34 -23 36 -47 -16 3 0 -24 -38 34 15 -45 0 -19 25 -15 9 2 -27 5 -36 15 -32 -30 35 -44 -12 21 0 -34 4 0 0 
-28 39 40 0 0 0 -33 0 0 -26 0 0 0 44 8 0 0 0 13 -28 0 -14 -33 17 -18 0 45 33 0 -45 -5 2 46 -50 0 -43 -1 49 -31 -20 6 39 0 0 35 0 -50 0 -37 -19 0 -46 -44 35 0 22 -40 11 0 0 42 -28 0 0 -42 -5 -43 -42 28 11 -46 0 49 19 -18 0 23 23 34 0 7 -18 -31 -23 0 6 10 -36 0 -42 25 0 0 -13 10 5 0 0 0 0 -49 0 -26 0 34 47 0 0 14 -8 5 -11 0 28 0 36 0 -30 -17 -4 0 0 0 -44 -1 
-11 -29 12 0 16 25 -24 34 0 0 -12 19 25 0 -33 7 -30 41 39 0 -29 0 -40 -2 42 50 -44 0 43 20 -24 46 0 0 43 30 -6 -38 0 -20 -14 0 36 -42 -38 0 -40 -5 33 19 33 0 -35 5 -35 6 -7 0 -19 0 0 21 18 0 0 27 17 0 29 0 -46 46 -22 0 0 0 20 -46 21 18 -20 0 0 0 -40 -32 0 12 -30 31 0 -44 41 -49 4 2 23 2 0 0 -30 0 17 -34 0 -44 13 0 -25 39 0 0 -8 0 -12 -24 -42 8 0 -21 0 7 25 -11 -32 
0 0 0 -38 8 -47 -22 -18 16 0 44 -8 27 -8 -42 -43 -31 25 -2 46 0 35 9 45 40 -42 9 0 -15 13 0 -50 0 -14 16 8 -39 -44 0 50 28 -30 37 40 0 37 0 14 -32 0 49 0 3 0 0 23 25 49 38 11 -31 -44 0 0 46 -46 -40 28 -48 0 -36 0 -37 -17 15 -45 -5 15 -8 0 -18 -37 0 0 33 12 0 -43 14 17 0 -42 48 0 -12 0 -6 36 0 18 26 9 0 9 5 5 43 43 27 31 -16 41 26 -38 14 -44 13 -7 30 -47 0 31 7 -19 20 
0 18 -10 26 -38 -36 0 -27 -20 0 9 -12 21 -27 21 -24 3 24 0 13 0 -22 -40 27 -37 24 5 10 -15 0 -13 0 43 16 -45 0 0 -3 -41 0 0 0 -15 -46 0 0 0 6 23 0 49 8 -21 0 0 -40 -39 0 -35 0 -41 -26 27 -17 -29 0 0 -3 0 34 46 0 -18 -48 -14 -33 0 0 44 4 -44 -20 -46 -1 0 0 40 43 0 -14 -7 32 -10 -29 -18 5 45 17 0 0 -11 -13 -41 -35 -1 -5 -17 0 18 -5 -42 -41 23 -45 -3 -41 -49 23 0 7 19 -20 30 0 -38 
-38 49 22 0 26 -12 30 19 0 34 42 12 0 -29 -13 0 12 -38 8 46 13 0 19 0 -2 -21 45 9 16 46 -47 -43 30 8 0 49 19 0 -16 39 -44 22 -28 28 2 29 36 -44 0 -49 28 -32 0 31 0 26 0 -32 10 0 0 -22 25 31 0 -22 -36 5 0 12 -16 0 -4 0 -18 9 -28 -11 -23 -2 0 -15 -1 24 -36 9 0 -14 -26 -48 21 50 3 47 50 -41 3 -28 -18 14 16 49 -42 0 0 32 0 33 -6 28 0 49 12 18 -42 47 -14 -41 -30 12 0 -11 8 0 27 
19 37 -10 -10 0 0 -28 50 0 -2 0 -49 29 -40 29 -48 -24 -7 -11 4 50 0 -25 0 0 -25 -21 0 0 -8 37 -1 -6 -39 0 19 28 0 0 13 48 10 -38 0 -41 0 35 0 -39 0 0 0 48 -13 33 40 -39 0 -37 31 -1 0 -12 44 16 0 16 -37 -36 15 -9 -3 30 46 -40 0 0 41 -36 39 -30 0 47 0 -44 0 -29 0 8 -39 -18 -20 -39 -39 9 30 6 34 48 0 -22 0 -27 -24 1 14 0 -48 0 -40 -39 38 42 -22 -5 46 -44 -23 0 37 -35 -49 0 -18 -32 
35 0 -6 28 -47 0 0 24 16 -48 4 38 1 0 0 23 0 11 0 49 -27 6 38 -35 5 15 -48 0 -11 37 -41 49 -38 -44 -3 0 0 0 4 0 0 -46 0 0 31 -38 5 -7 -21 42 0 -20 -20 0 -19 -12 7 -40 -38 -37 -42 19 0 0 -15 -17 0 0 0 7 26 0 -41 19 -45 35 8 26 -9 42 38 -17 48 31 -33 26 39 36 0 -3 -23 -14 33 -49 0 0 -13 -33 2 0 1 0 0 0 -8 -24 -8 9 0 23 -39 -30 3 -26 21 48 48 0 6 14 41 -10 -18 9 11 
19 27 16 -1 11 -32 27 46 -11 47 12 49 49 31 22 -31 -33 0 -19 0 17 -31 -16 14 -12 -11 -37 0 0 -19 0 -31 0 0 -41 -16 0 4 45 6 0 -20 -36 0 7 10 -21 32 -16 0 -38 4 -37 0 -12 -30 -33 0 0 -28 47 0 -48 31 0 40 -14 -14 0 -3 -47 0 5 -3 -15 35 27 -50 17 21 28 0 -13 0 -23 -27 1 43 -39 -27 0 32 -13 40 0 35 -10 0 0 -32 -39 0 24 26 0 40 -13 10 36 0 -26 -11 -3 -39 -1 0 -41 23 -12 -13 -26 -35 -10 -46 -29 
0 20 0 0 -17 0 -8 0 8 -36 0 0 44 0 38 -25 0 -9 -29 -5 -42 -41 39 -37 -33 49 25 -27 0 -46 11 -20 -20 50 0 39 13 0 6 -40 8 -6 0 -43 38 -11 -24 45 17 -13 43 -41 0 -29 16 -46 -48 0 28 25 41 -47 0 0 -47 -47 -6 -22 0 49 0 -7 0 26 16 31 -47 -46 29 -43 -39 -22 -7 0 -12 29 40 36 0 22 0 -35 0 -8 40 45 -46 36 -49 -33 -4 8 -31 0 0 -2 -26 -6 37 0 43 16 -1 -29 37 0 0 14 -45 26 45 10 32 0 -29 
0 7 2 38 39 35 0 -14 17 -44 21 -29 0 -43 0 -11 -3 -27 -37 0 -35 -31 0 26 0 12 0 44 2 0 43 6 -14 28 0 -44 48 0 0 8 44 0 -46 46 -5 27 49 24 -35 -8 35 -22 36 -8 -43 40 9 -3 -22 26 0 17 0 14 -2 0 -7 -36 46 0 28 -37 22 0 0 -6 44 -19 1 34 50 -19 -6 38 -33 0 0 -25 -7 -25 -1 -12 -10 0 -33 0 0 0 0 23 0 0 18 -41 -34 25 -25 -35 0 15 17 -35 -30 32 -7 0 8 16 0 10 -50 12 0 48 35 
-3 -33 47 20 24 -22 -33 0 -2 0 8 -7 2 0 19 -11 0 42 31 20 -33 -50 -46 38 -8 -46 0 9 11 0 -1 39 0 -30 0 22 10 -46 -20 -6 0 15 15 -23 -27 37 0 0 0 0 -6 -11 28 0 -9 -2 -11 21 0 -32 0 1 0 45 -48 0 -38 0 39 5 0 26 -4 49 28 -44 -3 -4 -45 48 -11 -37 0 -26 0 0 -36 17 0 -34 -46 17 0 -3 12 0 -42 -35 0 30 -49 0 48 25 44 0 -6 -1 -36 16 -11 41 0 13 -9 -40 0 30 19 -28 -38 10 0 -45 0 
0 -4 -47 -7 -14 4 3 -19 4 -11 0 43 17 -18 39 33 36 -46 12 -21 -10 -38 40 5 49 0 -29 0 -40 -36 14 0 36 37 -15 -28 -38 0 -36 0 -46 15 17 0 0 17 -49 6 6 5 0 -45 20 31 0 -43 0 0 -12 0 -37 0 -44 22 0 0 -12 47 -25 -13 31 0 0 -34 32 10 0 -5 -1 6 32 33 43 33 -19 -3 -35 -14 34 42 0 -45 0 -49 0 -1 -43 26 15 35 16 -22 -33 44 -39 0 -23 -24 0 12 -50 -48 32 0 -28 -11 -32 7 0 -25 41 0 0 0 13 
34 -30 0 -14 48 -30 32 1 7 0 34 -17 0 43 30 -1 -21 16 0 -40 -20 -6 29 38 49 13 -28 0 -13 38 -46 0 -42 40 -46 28 0 0 0 -43 46 -23 0 0 -44 -11 39 -17 3 -8 -44 0 13 0 -10 32 0 -7 0 40 -26 -29 10 -14 0 24 43 14 -47 -45 -32 0 46 -34 46 49 11 0 0 0 0 16 -48 -17 0 -9 27 14 1 40 0 32 0 0 -39 13 8 0 0 0 43 23 21 -35 -16 0 0 -19 -47 48 18 -37 30 -21 -35 0 47 -9 0 0 14 0 -10 -33 -17 
-49 -10 46 -5 8 -29 32 -9 -32 41 22 10 -6 -50 43 0 29 -36 -22 -29 20 0 -44 -41 0 -33 -25 -4 31 -34 7 35 -38 0 0 2 -41 31 7 38 -5 -27 0 -44 0 10 36 -20 0 0 0 0 -49 34 0 -43 23 0 0 26 0 20 34 -13 15 0 37 10 0 0 -41 0 0 16 0 0 -34 -49 -27 16 -35 -22 -44 21 -22 -28 10 -8 30 42 43 26 40 -25 -26 0 0 -47 50 38 0 -13 0 3 -41 -2 -16 0 -7 27 11 35 -28 22 14 0 -16 0 -21 -36 0 -27 -9 0 -36 
0 0 13 0 0 37 0 -13 -35 0 24 -23 0 0 43 -10 12 -25 -3 5 0 0 -17 -47 0 0 0 0 -15 -45 4 0 0 37 0 29 0 -38 10 -11 27 37 17 -11 10 -14 -11 0 -46 0 4 45 0 0 0 20 0 0 -7 -33 -25 -9 35 40 -24 -42 0 44 -1 -38 -39 0 11 0 0 34 1 16 -46 0 -33 40 0 14 -25 28 0 -37 -14 23 0 27 27 -43 13 -7 -15 -7 50 33 -39 49 0 47 8 -32 20 -46 30 0 -23 27 0 0 -30 0 -34 -19 0 22 -19 50 -11 9 -45 
17 0 0 0 32 47 14 -13 0 0 6 7 -44 23 -44 22 39 10 25 0 12 0 0 -26 -24 41 29 -45 -28 30 10 -50 -40 0 0 36 35 5 -21 -24 49 0 -49 39 36 -11 21 -17 45 21 0 -2 -48 -16 0 2 -40 -44 -20 3 0 -20 30 22 12 49 -26 -47 -50 39 41 -36 22 -12 0 -28 0 12 36 0 38 48 0 0 -21 0 -32 -48 19 32 44 41 -3 39 -19 -4 30 0 13 37 17 19 -3 0 43 -3 -7 31 0 21 45 15 -47 28 -15 34 -13 0 -21 -7 4 15 -48 0 35 
0 0 -19 -29 30 0 0 7 23 16 -1 -36 -40 1 0 16 0 -43 -35 -22 0 -46 -19 7 -42 42 0 -23 1 0 -43 0 -5 14 6 -44 0 -7 32 45 24 0 6 -17 -20 0 -17 -26 -22 34 40 48 0 5 -32 -35 0 0 0 37 0 -47 23 31 0 30 0 0 0 0 46 -35 -8 38 -18 26 -49 0 35 18 0 -27 -26 0 0 29 10 -13 49 -26 -48 -43 13 0 22 35 27 -43 0 0 -26 -12 17 0 -17 49 48 0 32 0 12 0 39 -25 0 0 0 -39 -5 0 0 34 -47 23 34 
0 0 34 -9 39 0 -33 4 -14 -31 0 -12 -44 37 8 29 -24 -47 9 0 -28 8 0 -49 -26 27 -36 0 0 -11 8 -37 33 -32 23 0 -39 -21 -16 17 -35 0 6 3 0 -46 45 -22 -27 -31 -18 36 0 1 45 -15 -42 10 -26 -17 0 -34 26 30 16 28 49 -19 3 0 0 43 -37 0 46 12 -34 20 0 34 0 17 24 12 -47 -32 2 0 36 46 0 1 41 -16 0 20 19 -9 -29 22 0 0 4 -44 -26 0 -37 0 -27 0 -21 0 0 0 0 0 -17 0 0 0 -19 2 0 -14 28 
-37 25 48 49 -4 0 -43 -7 -1 24 2 -34 25 9 47 0 19 -28 -31 1 -49 -9 -46 -9 -15 0 20 -43 -35 -26 -50 -19 19 0 0 -49 0 42 0 -13 -8 0 5 -8 0 0 21 34 -31 -47 0 -29 -26 0 0 48 0 0 10 31 0 16 -44 0 41 0 0 48 28 -22 22 0 -3 45 -23 0 -24 45 0 9 36 20 -25 0 -15 43 41 -7 16 28 16 -37 0 -15 20 46 -30 -28 15 -42 -46 8 23 45 -26 -3 12 -46 -24 45 41 1 25 0 -5 -33 -48 0 28 -31 49 33 36 -45 18 
0 0 0 -25 0 0 0 0 -50 45 -25 28 -46 -17 0 -16 -43 13 36 36 20 -39 26 23 32 -32 0 26 -26 21 25 0 33 49 49 28 0 0 -38 43 35 -6 0 -44 0 4 0 40 -18 0 0 -26 -42 50 12 -49 30 38 0 17 21 -45 4 -25 0 0 -37 -30 -26 -45 49 35 0 -20 5 0 0 -36 30 -5 1 41 49 -12 29 -40 -25 23 -37 -50 21 -18 29 18 32 0 -32 0 30 16 -34 -45 34 -22 40 -5 0 5 -22 -17 -37 27 -44 30 0 -36 -44 5 48 -44 0 36 0 0 -6 
-19 35 21 11 7 0 3 43 0 48 0 42 0 0 0 -29 30 -4 38 23 -19 0 0 -11 43 49 13 21 42 -22 -48 -46 0 0 8 -32 0 -20 4 -41 -22 -11 -45 0 0 45 -2 48 36 -29 -26 39 47 -42 31 21 0 11 35 0 24 25 14 -41 -4 -41 39 23 36 10 0 -8 0 -24 40 -2 -8 -23 -45 45 -32 -14 0 20 22 -9 -38 1 0 0 9 0 0 50 -27 0 -45 -21 -39 27 42 50 0 -27 42 -2 -29 0 0 14 22 2 -13 18 0 -8 -6 -36 -33 0 0 -13 0 -33 0 
36 -38 3 -10 -28 7 0 -22 26 -5 0 -42 17 -13 0 42 -45 0 0 4 -20 0 -11 -34 -50 0 -49 48 0 50 -10 -44 -35 3 -21 0 48 -20 -37 0 36 28 20 13 -49 0 -48 0 0 -26 -42 47 8 5 -15 -20 35 -31 38 19 0 0 20 23 0 0 -36 0 31 -35 -21 0 4 -1 17 -43 37 0 0 22 -1 39 0 -24 0 0 -26 2 -13 43 -25 28 5 -12 -49 -32 -10 0 -11 0 -42 0 28 34 -35 27 7 -29 -48 29 -8 47 50 -29 -10 34 8 0 23 0 -21 46 -30 -45 0 
5 0 0 18 -49 18 34 8 23 -5 0 -16 -7 -3 2 35 -29 42 0 -27 37 -24 -10 -27 -1 -29 -7 5 -49 -5 0 35 5 0 0 31 -13 0 0 -29 -8 0 31 0 34 0 -16 5 1 0 50 -42 5 0 4 -13 0 40 41 -6 -19 32 8 -25 26 43 43 -34 34 -29 -44 0 -14 0 15 0 -13 29 -27 34 -45 -10 25 34 -17 -14 -22 16 -2 36 6 33 0 40 0 30 -35 0 -2 35 0 -21 -48 -9 0 0 -7 0 3 0 12 -16 0 0 44 -12 0 -33 -34 40 47 -23 -48 25 31 
47 48 10 -30 -40 0 18 44 -5 0 -2 49 -8 0 -17 -38 -23 43 -1 15 8 0 -20 -18 38 24 -18 0 -12 -27 -8 0 -35 0 0 0 33 -19 -12 16 -43 -9 0 -10 0 0 0 -32 45 0 12 31 -15 4 4 18 11 0 -40 -25 11 24 -34 -3 0 9 -31 -34 33 16 -43 0 0 -11 18 -33 19 -18 0 0 -5 8 0 18 -21 0 -19 0 0 42 23 17 31 4 0 4 -15 0 0 0 -29 0 0 37 0 22 18 30 -18 32 -42 0 3 36 37 37 9 -46 -41 -36 18 0 -22 0 0 
5 -2 0 -41 -36 0 21 0 28 -34 -33 -6 6 -21 0 12 0 0 38 0 0 37 0 0 31 39 6 -41 13 0 0 22 6 23 -40 26 40 -12 -30 -46 40 -2 -43 32 -43 20 2 -35 -15 48 -49 21 -20 -13 18 -8 27 45 18 46 49 2 26 0 -24 -38 38 28 -4 0 -17 -6 40 0 20 34 0 16 -43 40 0 32 -28 -14 -12 49 47 0 38 0 -43 34 36 35 27 -49 -16 38 0 45 -18 -26 -37 -15 0 10 -49 0 48 -38 -5 -48 43 -47 0 28 0 0 24 12 6 48 -14 0 0 
0 29 0 -39 -39 -25 -17 0 -1 50 -20 -35 39 38 0 -48 -47 5 47 0 17 0 28 -11 0 -50 -28 -28 44 -1 0 -40 -7 25 -39 0 -39 7 -33 -48 9 -11 0 0 23 0 -40 0 -42 0 30 0 35 0 11 27 19 35 -29 0 -9 0 -1 0 29 -16 0 -2 43 -30 0 0 41 0 18 -6 0 42 0 -47 0 43 -24 32 -6 -16 40 42 15 0 21 -39 0 -15 0 0 40 -15 -36 15 -26 25 20 33 -40 -11 -22 -46 0 0 -28 28 0 35 -33 -50 34 -38 0 13 1 -3 -42 31 -48 
24 0 25 14 24 0 -48 0 -34 -43 0 -41 1 0 -29 13 0 12 3 -14 -42 -39 -33 -2 42 -21 19 0 0 33 36 11 0 49 0 -32 0 -40 0 0 -3 21 0 -7 0 0 -44 0 10 0 38 11 -31 40 0 45 35 -4 8 -6 0 33 0 0 -28 0 13 14 0 -34 0 39 4 -17 0 47 25 0 -13 -17 36 -4 0 6 -29 3 -45 37 6 46 -28 20 -37 -16 35 -47 35 0 0 -41 -27 38 0 19 -35 4 0 -40 0 30 0 -32 1 -35 2 -24 -32 22 0 0 -12 33 -8 4 -49 
-17 0 50 -3 0 41 -12 0 0 0 -2 41 0 -1 0 46 29 0 -25 -28 -31 17 -20 0 25 -14 0 19 15 0 -40 0 -19 38 -35 10 -37 -38 0 28 -22 0 -12 0 0 -7 -20 0 -26 10 0 35 38 41 -40 18 -29 8 -36 0 -30 34 0 -49 0 0 2 -4 36 18 0 -35 -10 0 -9 0 38 -25 -50 11 0 19 0 0 -22 0 38 -1 35 2 48 -24 -7 -36 0 5 4 41 0 44 30 6 24 49 0 10 13 7 0 -9 -11 11 0 45 -45 48 -10 -9 0 50 -27 0 39 0 0 
0 0 39 -47 0 15 11 0 -48 -46 -22 -27 10 2 0 47 45 -23 15 0 0 33 0 0 48 -14 0 44 0 -17 0 0 0 11 0 0 31 -37 -28 25 26 -32 0 40 26 -33 3 37 -17 31 17 0 19 -6 -25 46 0 -6 0 0 -23 17 -26 36 0 43 13 37 -50 6 32 0 45 0 19 0 0 0 -23 0 -30 15 29 0 0 0 4 30 -32 21 0 -25 0 -41 2 -31 -39 0 -6 -24 -36 0 -40 25 39 14 -29 41 6 0 2 40 0 0 -50 17 -18 8 2 25 0 26 -32 -7 26 
18 -7 41 -22 -11 0 30 45 42 -42 25 49 -28 -18 -34 0 -17 29 0 37 -42 2 0 48 29 -27 0 -24 28 0 0 42 0 -31 -41 0 -1 -42 47 41 0 0 -37 -26 0 -25 0 0 0 0 21 24 0 -19 11 49 -9 0 -30 -23 -6 37 0 -19 -12 45 -13 -10 22 -11 -21 -33 -13 2 -25 -18 -38 16 16 47 -4 0 39 0 46 -32 40 0 36 -23 22 0 22 -3 1 0 40 23 19 0 -29 -40 21 0 7 -35 -8 7 -11 25 0 -36 25 -33 0 5 0 -25 0 0 -7 -25 0 -35 0 
-49 18 0 -7 -1 0 21 -13 -47 -44 0 49 26 0 -24 15 0 -5 0 -22 -9 39 32 0 0 -26 -24 0 -11 37 -44 -28 21 -44 -26 -22 0 19 0 -47 17 1 0 -29 20 -9 -20 -47 -34 16 -45 25 0 32 24 2 0 33 34 17 37 0 36 -16 40 -12 0 -15 -41 0 0 16 5 -16 0 0 0 0 31 -18 26 0 15 0 0 -30 -1 -3 27 -39 0 -8 -40 20 0 -44 37 34 0 44 -28 43 12 32 -7 -30 0 28 10 0 -22 0 1 -44 0 0 39 -21 -10 9 46 39 40 20 -18 
-9 -10 -23 -38 -11 -1 16 0 0 0 -14 0 0 0 -48 -26 -26 -29 -24 1 14 46 -22 -22 15 0 31 0 0 -31 -24 0 18 0 27 25 -12 0 -48 0 0 0 -44 10 34 35 30 23 26 -44 4 14 20 8 -34 26 -1 0 0 -26 0 36 0 -3 -22 31 0 8 0 -47 0 -1 7 -38 -30 8 50 -36 24 0 15 -4 0 0 -35 46 10 -22 -36 0 0 47 0 -48 0 4 -48 0 40 0 4 -50 46 -25 0 3 2 -1 -46 45 29 -44 0 6 11 11 40 -31 -17 0 14 0 -1 13 6 
12 -19 -13 -32 0 -18 -36 0 0 42 -19 22 0 -35 18 -49 29 15 4 -8 0 33 0 0 6 0 -18 -12 -9 3 4 0 0 0 -17 31 44 0 31 0 14 45 22 -14 -13 40 22 31 30 0 -25 -41 23 -25 -3 0 0 0 -49 36 -19 -16 -3 -26 0 -33 -20 18 -15 36 34 -30 -27 -7 0 8 -39 10 -3 -25 -29 39 -9 0 -41 -24 -17 -45 49 0 0 0 -12 0 0 -28 20 0 0 0 0 -42 -9 -7 0 -21 13 0 28 39 -2 27 39 28 -44 5 -40 0 -35 -49 41 -39 0 40 29 
14 0 23 40 8 -39 49 -34 0 0 -30 -2 0 43 -41 49 0 -5 -36 -16 -5 9 24 -44 -43 29 -26 0 -31 -32 19 -42 0 46 -29 0 16 -15 0 -47 -2 -48 0 0 15 -24 12 0 16 41 0 -4 0 26 0 -24 29 -28 0 0 -12 40 -22 0 -6 41 0 16 -16 -32 0 48 -30 0 0 -23 -45 -50 0 28 32 -11 -19 0 0 0 29 -30 0 0 -13 0 -50 35 18 -47 -36 0 0 -1 16 43 11 23 41 -21 -6 -11 -37 -9 -43 0 -20 0 0 47 5 0 -14 -30 0 -43 37 0 21 
-21 0 22 -48 0 -42 1 14 28 0 0 -16 -8 48 -9 -44 30 0 -37 0 45 -22 0 37 -20 0 31 0 -33 0 0 -5 27 -46 0 -22 0 -17 40 -47 0 0 0 24 0 -42 49 30 28 0 0 -41 0 43 9 -38 -16 0 0 43 45 -12 31 -33 41 36 5 -42 39 -11 -34 -45 5 -36 36 31 -38 -29 39 -41 -46 -46 0 0 21 -28 -29 48 36 -22 0 -22 -28 -6 -46 -21 -37 -41 7 0 8 0 45 -24 8 15 48 0 -49 17 -32 -9 -22 19 23 0 -50 27 0 49 20 -22 49 0 -15 
-22 -25 -17 -42 -15 -12 -32 0 0 -22 4 0 -47 -33 0 45 -41 0 20 1 35 -33 -19 -39 8 -28 -22 -49 0 7 0 -43 17 -40 0 -36 16 0 -14 -6 -7 -38 -12 43 37 0 -26 0 49 0 -37 39 -36 43 -31 38 0 13 2 13 -13 0 0 -20 0 5 -43 19 -40 -34 -14 -5 14 4 -41 0 24 -5 -10 0 -25 -19 -8 -25 0 40 10 -39 0 0 -33 0 0 15 0 0 28 -50 0 42 29 50 -29 28 9 -1 0 0 48 0 0 0 -25 0 39 -23 -6 46 20 -10 -16 0 -3 26 -2 
0 44 0 -13 42 -19 0 -22 -20 0 17 0 0 -38 -5 0 0 0 0 34 0 13 42 42 0 0 -3 -5 -18 0 39 -42 0 28 -3 5 -37 0 -14 -22 -36 0 47 14 10 44 -47 0 -19 48 -30 23 0 -34 -34 28 -2 14 -4 37 -10 -15 8 18 16 -42 19 17 38 -16 -8 34 2 -19 0 0 8 -34 -13 -37 -6 0 -14 0 -30 -30 0 -34 0 -14 11 16 33 49 -38 -22 -42 -24 -26 41 20 0 3 -49 -9 0 0 28 -50 -25 15 -7 18 0 46 7 -30 -41 0 -45 32 0 -20 0 0 
46 31 7 31 -13 40 -15 23 38 16 11 -40 5 -15 41 -11 0 32 -8 0 26 49 0 -23 0 0 0 -17 4 6 -18 28 29 -48 0 0 -36 0 0 0 46 39 -25 -47 0 -1 -50 0 3 28 -26 36 31 34 33 -4 43 0 36 -50 22 -41 0 -15 -16 39 -40 38 -33 -23 -34 0 1 0 0 7 0 -9 0 22 0 0 12 -34 0 32 0 0 0 -49 30 34 0 -37 -1 -28 14 39 0 12 40 -17 15 28 9 8 41 -29 -43 0 -44 45 0 -10 0 -4 -47 -4 -44 45 0 -6 27 41 11 
0 31 0 50 36 32 46 -22 0 -37 0 17 48 0 49 -12 -38 -32 0 41 27 4 -39 0 -3 31 39 47 -29 39 -30 11 0 0 34 12 15 7 -3 49 0 5 -13 -45 0 -38 39 0 0 -22 -45 10 -35 -29 16 0 -30 -34 18 6 -11 0 -47 36 -32 -11 -34 -16 -23 16 30 -14 0 43 14 12 0 43 -5 8 21 0 -40 0 17 13 -8 0 -43 -26 28 0 0 0 -40 0 6 0 20 0 0 7 0 0 0 0 -35 45 35 -36 -15 -9 0 0 0 19 -5 0 -32 14 -49 -40 -16 0 -43 
-25 50 0 -32 -14 48 0 -1 0 34 22 0 -39 -37 -16 26 32 0 0 0 -32 -14 0 0 -17 -26 -35 -31 0 0 -43 -46 -46 -36 46 -16 -9 26 -47 0 28 0 31 -32 -41 -39 41 46 0 22 49 0 -21 -44 -43 -17 0 0 0 32 -21 0 0 34 0 -34 -14 -8 -34 30 9 -31 11 40 -46 31 15 22 -44 13 0 -25 3 18 47 0 44 0 0 10 29 -8 0 42 -40 41 -24 -9 9 24 0 47 0 -24 24 -25 -44 0 0 10 26 0 -8 0 0 -40 0 -10 29 -35 23 0 0 16 45 
0 1 -17 24 24 7 45 0 0 8 0 3 -46 24 -5 0 0 -2 -25 0 28 -45 9 43 -46 0 1 -24 12 23 34 0 46 0 0 0 -3 0 0 -7 -37 26 0 0 0 0 -36 -35 43 0 35 -8 0 0 0 -6 0 39 -35 0 -33 16 -1 -30 48 -45 -5 34 0 -14 -31 0 7 0 -43 33 47 -11 32 45 14 43 17 31 27 -40 -13 -21 50 -39 18 0 0 45 30 0 5 42 0 38 -10 0 5 5 0 -24 0 1 -46 -41 35 -7 -33 21 22 12 -8 38 0 49 35 33 18 0 0 
-25 -32 11 -9 4 0 0 7 0 0 0 0 -30 35 -32 16 0 -45 39 0 3 -3 0 17 -7 -40 0 0 0 -4 -49 49 -22 -37 -18 -4 30 -41 5 0 22 -4 0 46 0 11 22 -8 -37 -3 0 0 4 -14 0 40 41 4 -10 45 -13 5 7 -27 -30 5 14 2 1 0 11 7 34 0 -11 33 18 31 -3 0 -33 0 35 6 8 0 -30 6 7 21 34 -21 19 -16 4 4 0 0 46 46 -30 46 0 15 -25 -35 24 44 9 0 -16 17 0 0 29 -29 -47 0 -17 -45 29 0 47 0 0 
24 0 37 -35 25 0 -16 -10 -18 42 0 0 -35 0 26 -47 -31 17 46 26 0 -3 2 -19 -12 37 0 -42 10 16 -26 19 0 -17 -48 0 46 19 -3 26 0 49 -34 -34 16 0 -12 38 0 45 -20 -24 -1 0 -11 0 0 -17 0 0 2 -16 -38 -7 0 -36 4 -19 0 43 40 0 0 -16 -14 0 6 -40 0 -45 0 5 0 -26 -19 7 -34 -17 -46 7 -50 5 26 -37 0 34 0 0 -44 -17 -47 -21 0 0 -32 37 -16 6 -13 41 -46 0 -10 43 47 -4 0 0 -14 -48 -14 -43 -12 -4 4 
-26 0 0 18 -19 0 0 26 -15 -41 11 23 47 0 38 -49 12 35 -41 -42 -42 0 11 -20 10 10 0 44 1 -11 -45 -18 0 15 -14 -18 -40 -45 -15 16 0 28 32 46 0 0 0 -18 46 -23 5 40 17 15 18 20 18 0 -9 19 -25 0 -30 0 0 36 -41 0 0 14 -46 -43 -11 -14 0 -25 19 41 -33 0 0 34 -24 37 -41 5 42 -41 0 -32 -28 50 -23 -49 0 32 3 5 0 15 40 42 -38 -40 -38 12 5 43 48 26 0 16 -27 7 -18 39 -25 0 0 8 10 40 43 -17 0 
-30 40 19 -27 8 -44 -14 25 20 -9 -7 -19 -31 0 0 -49 -44 -32 0 0 25 5 46 0 6 -21 -4 -5 -5 37 -24 0 0 -45 -33 9 0 35 35 31 -6 -44 10 49 0 34 -28 26 12 0 0 -2 -43 0 -33 34 -6 47 0 0 -18 0 8 8 -23 31 0 0 7 12 31 33 33 0 -25 22 13 -18 48 47 -13 -17 1 0 11 -8 -38 9 -35 28 0 -34 -13 -14 0 0 0 -1 0 29 44 0 -18 14 -9 -32 -19 18 0 8 4 0 0 2 7 -48 -50 7 0 -27 -20 -49 -43 -4 0 
-24 -42 42 36 -4 36 46 0 -6 -14 -8 -27 48 0 0 -11 -5 -13 29 -49 35 32 46 0 -20 40 -46 -44 14 16 -48 23 20 -5 0 -28 0 8 27 -47 44 -3 0 11 -34 1 0 -49 -34 -24 0 -8 37 -13 19 0 0 25 38 0 -38 0 50 -39 -45 -38 24 8 0 0 15 47 18 6 19 13 -31 -30 -17 -12 -35 -4 -41 0 -24 -18 0 0 -8 -6 -28 0 30 -36 0 0 -33 43 0 8 2 -44 -49 26 0 0 -10 0 -40 -47 -49 0 -23 -13 0 0 0 0 0 26 0 42 1 47 0 
-46 -48 42 0 -39 38 4 -25 29 0 -32 0 0 9 -20 26 -8 17 -43 -37 14 -9 50 -23 5 -2 -6 0 -49 0 -6 23 -46 15 0 -11 41 26 -50 -46 -19 -4 -5 0 -49 16 12 0 20 45 -36 -23 0 29 -18 16 42 0 -25 0 16 0 -36 10 -50 -29 -5 -34 -9 43 22 -11 31 -40 41 -18 -30 41 8 9 0 34 16 27 32 -23 0 -6 13 44 -23 -29 -25 10 0 0 -20 20 -11 0 14 -21 14 0 0 0 21 0 5 0 13 28 -31 38 24 23 43 43 0 0 0 43 -31 -37 0 
-28 24 5 3 12 0 46 0 49 -20 32 -47 23 -23 -8 -19 0 -9 -50 11 0 14 -48 -3 -18 24 9 -39 37 0 -9 34 21 -8 44 -23 -36 -9 17 29 1 -45 -1 0 -27 -46 36 35 0 0 30 -45 0 -27 0 -43 0 -13 -50 -23 16 31 24 -3 0 39 -10 -13 0 -5 -44 32 -3 0 -33 48 -17 8 39 29 0 30 -39 49 0 46 0 -39 44 44 -50 -49 42 12 -7 -12 35 19 -1 0 -23 0 50 47 28 0 40 17 0 0 -1 0 0 -11 -30 31 -40 50 -23 -41 -44 0 43 35 19 
0 -26 0 5 0 25 0 -47 46 -26 -37 5 -36 23 -46 -23 41 -32 47 40 -17 16 -21 -17 0 5 0 0 26 -25 0 0 18 0 4 -2 39 42 21 -43 34 48 6 0 16 0 0 18 34 9 -5 45 22 34 0 40 -47 -17 11 0 47 -18 0 -25 28 -41 0 -37 22 8 13 45 0 -45 0 47 -12 9 29 0 0 0 0 -5 -35 8 -27 -33 -46 26 8 -22 45 42 -14 0 37 9 22 38 2 0 29 -28 0 0 0 -12 -33 -15 50 8 19 -25 -48 -41 40 -27 32 0 18 6 -21 21 1 
-12 0 48 -26 0 -16 -6 -3 0 -20 -9 0 46 -1 -4 -22 -5 0 33 0 2 34 -31 0 -7 0 -20 -23 38 -9 46 7 -20 -18 -44 0 -30 38 28 -39 50 -11 32 0 -35 -33 38 0 0 36 1 -32 -1 -45 -5 0 0 36 0 -30 -4 26 15 -29 32 -46 -25 -6 0 21 0 14 -33 0 0 -13 -35 0 0 0 -8 -45 0 1 50 1 -2 -21 32 32 0 26 0 0 46 0 0 43 -6 0 -17 0 -20 44 39 13 -4 -29 23 35 -43 -38 -50 -13 33 -18 -24 46 5 -10 0 -3 -37 0 -47 
0 0 0 0 -19 0 -36 0 27 -17 23 26 42 37 -11 -30 0 0 8 0 32 0 0 5 48 0 -10 1 28 23 -42 -18 0 -37 -20 -15 0 -17 0 -22 -19 -37 33 16 -22 40 48 -27 17 20 41 -14 39 -10 8 32 43 -4 19 15 0 0 -4 39 -11 -46 -19 0 0 0 -25 43 0 5 34 -17 -4 34 30 0 -45 -37 -20 -1 18 0 -48 -38 49 22 6 33 -20 -12 42 -16 0 -26 33 0 -16 48 -25 43 0 -20 -6 0 43 -33 -36 36 -40 -18 -37 4 -41 0 -36 -43 -3 0 -26 0 8 
-39 -22 21 -45 -4 0 -22 0 -4 -10 16 33 26 -12 -37 -29 0 -17 37 10 -19 0 42 -39 8 26 0 -24 38 34 -48 -31 0 0 -46 -1 47 48 -13 -7 -6 0 43 -48 -44 0 0 -26 24 -25 49 0 0 25 0 -28 -24 0 0 29 39 15 0 -9 -19 0 -8 -14 12 -40 3 17 35 0 -24 1 -41 16 -39 0 0 -20 -20 0 5 49 -22 -46 32 0 0 -5 0 -24 41 0 10 0 -47 9 44 -31 0 2 43 32 -23 0 0 8 -25 -12 16 0 -29 -28 -17 -49 0 0 -25 -27 0 15 -50 
40 -11 21 -12 27 16 29 -46 24 -3 0 -10 20 44 -22 -27 49 -18 0 -7 0 13 -25 -6 -18 0 -48 22 -5 0 -35 -23 0 0 -1 24 0 31 0 0 38 -26 33 -17 21 14 0 0 12 0 -12 20 -24 34 18 -14 32 6 0 0 0 0 0 0 0 0 -25 0 -34 0 18 31 6 -26 37 0 0 27 49 -5 1 -1 0 -5 0 0 25 32 0 -17 12 0 -30 -31 -38 47 0 -32 0 -45 0 -26 -28 25 -21 0 0 -7 0 9 36 0 -40 0 -43 -46 -45 0 -31 -42 0 43 0 50 -5 
9 14 1 0 26 -20 -19 0 0 0 -37 -36 -38 21 0 -32 30 -32 26 -37 0 32 0 16 31 24 -46 -50 46 -24 24 0 -40 33 0 -36 -44 -33 -23 -12 -33 0 -19 0 -22 -25 -21 0 -47 -15 29 22 0 -17 -21 -12 -6 -29 -22 0 46 0 -35 -41 0 21 0 -30 0 17 47 27 8 -19 -41 11 -24 32 0 -35 50 18 5 0 37 29 0 0 -24 -38 8 10 23 5 38 -43 -15 -49 46 -14 -26 0 9 5 33 0 -13 24 0 0 13 8 -6 0 0 38 -3 -17 0 22 -12 -10 -27 -2 0 
50 -27 -29 0 -28 0 -30 0 0 38 -44 -11 20 -35 26 -26 0 39 9 4 -4 -29 -34 -11 49 26 0 -12 44 -23 47 6 -32 12 0 9 0 26 -27 29 0 0 -3 -9 -28 28 0 29 -32 43 -40 -9 0 -14 0 49 -16 3 0 0 -32 -30 46 -24 0 -28 40 -30 32 13 0 -40 0 7 5 -8 -18 -23 46 8 1 0 49 0 29 40 -7 27 -13 -34 -30 46 0 -36 -33 0 16 0 16 -41 0 -11 0 8 2 32 18 41 0 -18 0 -37 29 10 0 50 27 -47 0 -13 -22 -5 39 -38 0 
10 -21 19 0 0 43 0 0 29 -44 0 0 0 -49 -4 -42 -28 0 -39 0 -23 -23 9 -44 -16 -30 -32 5 -31 -49 16 10 0 0 40 0 -29 39 1 40 0 -36 -35 27 10 0 -32 10 2 41 -25 -38 -26 -22 -19 47 40 -45 38 4 40 -1 10 -17 29 -29 10 0 0 -8 44 -13 -30 -34 42 -38 0 0 0 -27 -2 -48 -22 25 0 -7 8 -11 -42 0 -35 -19 0 13 13 -40 32 -46 0 -24 33 -39 9 -27 0 0 29 0 -40 26 -13 -31 -49 -19 -44 48 0 8 19 0 0 0 -36 -34 0 
-12 49 31 -50 -30 36 0 0 -11 6 10 0 18 -7 2 21 27 3 0 -27 0 24 0 0 0 25 1 0 -9 -39 -11 -36 12 -43 43 -14 0 36 43 36 -25 17 -14 14 -8 -37 -48 -13 0 -7 23 1 2 16 0 0 42 37 -1 30 0 -3 -22 -45 -30 48 -39 -34 0 0 0 -21 6 -17 -41 9 0 -6 -39 -33 -21 -38 -46 32 0 27 -11 -30 47 -26 -22 46 48 0 -17 -3 17 17 -9 0 -25 -5 11 0 -49 29 -50 -4 19 15 0 1 47 0 -39 23 0 20 41 -41 47 0 -42 0 -42 
-29 0 -12 6 0 19 6 -17 26 -25 45 -35 -39 0 -37 0 -14 0 40 -25 34 -50 -49 0 -9 30 34 0 -42 -8 -35 0 -30 14 0 -26 8 0 -39 0 -7 0 34 1 30 -14 19 49 36 16 -37 0 -13 -2 0 38 15 6 35 -32 36 27 -36 49 0 36 0 0 0 -43 0 50 7 -46 0 -35 -8 13 44 -46 32 49 32 0 -24 -13 -42 47 32 -33 38 -43 18 0 -2 47 17 17 -31 -1 -31 0 49 -33 -15 -42 -19 0 0 8 -48 -34 -24 18 29 1 0 32 -4 0 0 49 -2 0 0 
22 27 -49 -14 16 -7 0 0 -21 40 -24 -25 -16 10 40 -2 9 -7 28 38 8 16 -29 30 -18 46 -50 0 -24 50 -50 -42 31 17 -14 -48 -39 -3 -27 22 -25 -34 42 40 42 23 32 -26 46 28 -50 0 43 36 42 0 0 46 2 21 -23 -39 0 0 0 -22 0 -14 -49 -26 10 -39 21 7 -32 28 -6 44 44 26 32 22 0 -17 -38 -34 0 -26 -33 39 -7 15 0 -26 18 -21 -36 0 48 28 -25 -38 8 34 -21 26 27 -4 -1 -44 -10 0 -50 37 0 -35 5 -47 -37 -17 0 8 0 14 30 
2 48 -47 0 -5 10 -7 30 0 -40 0 8 -14 -23 0 0 0 0 0 3 -31 15 -33 -30 22 3 6 30 24 0 0 25 0 0 -7 21 -18 -23 0 0 -1 -46 0 0 43 0 44 -48 0 16 21 9 -25 6 23 -43 21 -28 48 0 22 0 0 0 -13 0 -33 11 30 28 29 18 34 -50 -28 0 -28 -23 -50 8 0 6 0 12 8 -30 -35 -22 38 -7 -37 50 -19 41 0 -50 -22 16 20 17 0 -43 47 -16 -49 17 14 6 0 15 -13 -49 0 0 -40 0 4 0 17 32 0 0 23 48 -43 
-9 -48 -17 -50 -6 0 0 26 0 3 8 0 32 45 0 0 48 -13 -45 -50 16 34 26 0 -14 -20 26 7 0 20 0 0 -44 -42 32 50 -20 -14 32 -35 -12 17 -45 32 26 27 41 -43 1 -37 -18 0 28 33 17 34 -39 20 -24 -25 0 -8 47 0 0 -22 0 16 34 0 -8 0 -21 5 50 -34 0 -29 -49 -22 26 33 -5 0 10 46 -19 46 -43 15 50 -35 1 24 -6 -24 -30 38 0 -42 -45 4 -40 -14 22 0 42 -1 43 -8 0 -14 -37 -20 -21 4 -31 0 0 41 -2 17 -34 46 -15 
12 30 -33 0 -47 -37 0 0 45 -28 46 19 46 6 47 -19 8 0 -16 28 0 -23 17 -2 -1 36 0 -29 -43 -33 -34 0 41 48 -10 3 -39 33 -13 0 -10 0 0 0 40 27 -3 13 41 0 29 0 5 0 31 36 0 -37 -7 0 22 -40 0 -12 -50 -28 0 33 0 0 0 0 19 26 -23 -13 30 -25 42 45 0 -20 0 -30 23 0 0 48 18 0 -19 1 -39 -14 -33 29 26 34 0 -40 21 -28 -37 0 0 39 0 -10 15 -8 0 30 29 -40 0 -44 -40 40 -34 50 0 0 0 -32 16 
49 -35 -2 31 -43 0 8 0 2 49 -42 10 8 0 6 11 10 -21 -39 -41 0 30 0 10 0 38 35 20 0 0 -23 -13 -49 0 -29 47 -39 -49 40 -8 0 -3 -49 0 -25 -43 39 0 -16 -15 18 50 -12 40 4 35 -15 -16 -36 -41 -3 20 -48 0 35 -6 15 49 -37 0 42 45 -16 -37 -49 -14 -36 10 12 42 0 -12 -24 -31 5 -36 13 0 0 -26 41 24 -14 5 -8 20 -39 46 15 11 -39 0 11 0 -5 -27 0 -10 4 23 48 0 0 0 -36 6 0 -32 42 18 30 0 0 -22 0 
0 -44 -50 0 29 15 -19 -14 -13 27 -40 -19 -29 0 0 -48 -24 -26 -29 -18 0 -23 -21 0 -26 -20 36 -24 39 0 36 10 4 -12 -18 50 9 0 0 40 -33 12 0 -39 -26 13 -19 22 0 20 32 -27 -49 0 0 27 0 35 0 2 1 0 0 0 18 -46 0 -38 -1 -40 -40 30 4 0 0 0 0 0 -7 -14 46 42 41 -38 38 -33 13 -17 -2 18 0 -6 -33 -8 18 41 38 12 37 0 0 0 0 -41 41 0 -20 4 0 -29 14 -38 -31 0 35 -8 -38 -48 -25 -27 -17 -14 -40 0 30 
14 0 40 -35 -1 0 47 0 -45 17 16 0 -31 0 0 20 0 23 -8 -14 0 30 -18 46 30 47 25 19 -33 0 -47 5 2 0 5 -41 30 0 35 45 0 0 -1 13 0 -7 -4 35 20 46 0 0 -32 30 4 -49 0 -47 5 -31 0 -44 4 -28 -47 -21 0 -22 -28 0 41 0 4 34 32 0 0 0 -12 0 0 -16 0 47 -43 0 -40 -3 47 -21 -50 -24 29 20 41 -33 0 11 -36 0 23 29 11 29 0 -33 47 -37 17 -22 6 42 -13 -4 5 0 -40 -25 37 -32 0 0 0 -33 16 
16 30 26 0 0 0 28 40 0 0 -11 -9 0 1 13 5 0 -9 -39 -36 0 0 5 14 33 0 0 0 -37 -12 -16 0 23 -6 45 3 6 -13 -10 -46 0 -42 -43 8 0 -15 30 27 19 -30 -32 -45 -10 -35 -15 -16 40 35 4 -39 40 37 -48 20 -36 -37 28 -42 14 6 -24 5 0 0 3 0 -33 -20 35 37 0 0 10 0 -15 16 32 17 17 -36 -22 -30 26 -39 38 0 0 43 -34 -6 31 0 11 0 0 36 0 -22 0 2 47 -36 22 4 27 -6 -44 0 32 0 5 -11 -14 48 25 
-37 0 28 1 -28 -1 0 0 0 37 0 -39 -30 0 43 -37 28 -2 -22 0 -28 -27 18 -18 45 28 -17 15 0 0 3 0 2 36 17 -28 34 -33 0 36 0 -35 26 0 -47 -7 0 -43 -9 -28 0 -21 0 0 0 38 -15 0 41 0 23 34 0 0 0 -41 -50 -24 39 0 -9 42 0 0 5 -1 43 20 19 9 43 -26 0 -32 -49 0 -46 17 17 0 16 38 34 46 12 11 43 9 -34 9 -17 19 0 8 -15 -10 -44 0 -2 0 0 -22 -28 0 48 15 0 18 -14 -8 0 1 40 0 0 
0 0 -30 -31 0 -5 0 0 14 0 27 -27 -9 19 0 -38 0 0 -1 0 -2 0 45 50 -7 3 -5 -29 -5 0 0 0 0 0 0 -18 48 2 0 -49 0 0 15 0 50 50 13 0 -29 15 30 -39 -11 -2 0 0 -36 0 0 -6 19 0 40 0 0 7 0 -26 0 20 9 0 46 -44 0 0 0 -11 -1 22 -6 33 -47 0 46 16 0 -9 -31 48 20 0 0 15 37 -36 -34 -34 -49 5 0 0 29 0 0 -5 25 -48 -22 -39 -26 -18 -40 -23 -5 1 23 -29 0 -21 -7 -11 -22 46 -40 
-15 46 0 -34 14 -28 -14 0 -33 -34 3 -45 -5 0 -8 34 0 0 0 12 0 42 0 36 2 0 -7 0 -16 0 -24 0 0 18 0 14 0 0 -32 -33 23 30 35 0 38 33 37 0 22 -42 16 27 0 35 0 45 15 -41 44 -24 0 44 0 0 -1 0 42 41 12 0 24 38 46 -17 15 29 8 0 0 38 0 0 9 -45 -14 -41 -24 0 -1 28 17 -42 -40 11 0 0 -6 9 5 -25 37 13 50 50 20 -44 0 0 12 7 16 22 0 48 0 1 5 28 -38 -4 50 0 0 27 41 
0 0 0 -26 -14 0 -43 0 0 6 -25 3 -49 -45 0 0 0 -44 -12 21 -6 0 16 -3 34 -32 45 -15 11 -8 -38 -49 -30 26 -11 16 -22 1 -39 -4 0 -49 16 43 0 -39 17 -26 0 -46 -34 42 -42 0 -29 -18 -26 -27 30 -36 -29 -28 4 0 16 8 29 20 40 0 0 -10 -30 -47 40 44 2 14 -23 2 -17 -16 44 0 -26 0 33 -25 -31 -25 0 -45 21 -39 0 23 31 -17 0 37 -18 0 1 22 -49 40 0 0 43 -23 -23 0 0 0 20 35 13 0 43 -41 0 -36 -45 -36 0 
19 0 20 44 11 40 -26 0 -10 1 6 0 23 30 36 -5 0 0 49 0 -27 7 18 -50 -39 -6 -18 7 40 -9 34 0 0 9 -13 49 0 0 0 8 0 0 -22 23 -13 49 19 -12 0 8 -45 50 0 -21 0 -26 25 38 6 0 -40 43 -50 -42 43 0 50 0 -17 7 47 0 46 -21 42 0 -44 -21 0 0 0 48 -31 -26 0 -11 -39 -5 0 -38 -43 4 -28 0 0 29 0 19 0 13 0 34 -19 42 -40 42 -35 -21 11 -18 0 43 44 49 -3 -41 0 -12 50 19 -19 -11 0 -40 -8 
0 0 3 -4 0 0 0 -18 0 -18 -12 0 0 -34 0 29 -42 8 -16 0 -7 -48 0 31 49 -22 -42 -50 0 13 15 -26 17 0 -41 -42 -27 0 24 -31 18 48 -33 21 0 0 -3 17 4 23 34 0 28 -48 0 -37 20 0 24 -40 21 12 46 -9 11 45 -29 3 15 0 0 5 0 0 -38 -18 -49 14 50 29 -20 -25 0 -28 9 0 9 11 49 8 47 -40 -37 11 0 11 11 0 29 50 1 -19 -23 1 31 0 -15 -5 0 35 11 0 -25 50 26 0 0 -17 0 0 0 10 0 27 0 
-19 0 3 0 23 0 31 -31 0 -47 -45 23 -25 -19 6 19 0 0 -45 0 19 0 -28 -48 11 -34 -8 0 -41 -6 -45 0 -34 9 -35 0 -24 0 26 0 -41 25 44 -35 3 47 0 0 -44 45 -22 -27 34 -9 37 -15 33 19 49 25 0 32 -25 -7 23 -24 28 -49 28 0 -24 5 15 0 -40 14 26 0 47 -28 44 43 2 25 5 8 -27 0 -33 34 -16 -14 0 0 -41 29 0 8 0 50 22 42 1 -29 46 0 15 0 21 0 16 0 0 -19 -11 0 30 0 27 0 0 -19 0 19 19 
0 8 23 -41 42 26 -29 0 4 0 0 -32 28 -31 -32 40 0 22 -9 -35 -7 -1 32 -9 0 -22 -19 0 40 3 0 34 0 5 -1 0 1 -8 0 0 -34 44 -39 -16 -41 8 43 -17 -26 -26 40 42 -35 0 0 0 -40 -35 0 39 7 -7 0 0 41 8 9 -9 9 0 24 0 -25 -32 -38 -9 0 0 28 0 39 0 43 -21 33 2 0 -49 -15 -21 -49 22 0 -5 41 0 0 -15 0 20 -49 -40 31 46 50 0 1 0 31 -37 31 2 0 24 -38 -35 22 -37 -3 0 -38 -26 0 -43 6 
0 -21 14 0 -16 10 0 3 0 15 -25 0 -29 0 -23 0 -43 -39 -5 -22 49 0 16 1 12 24 9 46 22 -26 -19 47 -44 5 -5 32 14 -24 40 -2 25 0 0 0 -2 -32 -3 49 0 -3 -5 -2 27 0 22 10 -11 4 10 14 -35 -30 3 -21 -21 15 -1 0 8 0 -25 -24 -35 37 12 -32 0 0 0 0 13 -20 32 0 0 32 0 29 -42 26 17 0 39 -27 0 -33 36 -10 -5 -44 40 42 0 0 0 -13 22 -9 4 0 0 50 -37 0 5 -4 -16 -48 0 -37 12 0 -33 0 -27 
0 -31 37 11 31 0 33 6 0 -13 -41 6 0 25 0 -21 22 0 -38 30 24 17 -14 0 -30 18 26 -2 -25 42 25 0 13 43 -17 0 0 -8 -13 -26 -25 -6 -23 0 -16 20 -7 48 -37 12 0 -29 7 -7 18 -49 -22 0 13 -29 -8 0 2 13 -6 48 0 0 41 -35 -44 0 24 -16 5 -19 -10 21 40 0 -4 -6 -23 0 -13 18 29 -50 -19 27 14 42 0 0 -20 47 0 -44 25 0 0 -35 -15 15 1 22 -9 -18 -34 17 -6 10 50 36 -4 0 -6 -36 0 -32 0 0 4 2 0 
-17 -13 0 -37 -13 32 0 0 31 1 -50 -38 0 0 15 0 0 0 0 46 28 26 0 46 -6 36 -32 -16 0 0 -15 0 0 43 0 33 -48 9 10 -6 -35 -1 -24 -19 0 -46 31 0 0 -46 5 0 -29 0 30 0 -46 -40 7 41 7 28 -1 0 -11 0 0 28 -29 45 0 1 44 6 43 18 0 0 17 -12 -29 0 0 -7 24 41 0 -4 0 -4 6 -1 -10 -10 4 -37 -22 0 -48 0 0 -21 -5 0 0 -9 -18 0 0 29 0 19 -24 12 0 -41 -48 -41 25 -16 32 -11 4 22 -15 
0 0 27 39 3 48 0 0 0 -42 13 21 35 41 -32 -22 41 -17 8 -33 -39 -23 -42 0 41 27 36 41 -18 -14 9 14 -25 27 18 -6 0 0 36 37 0 -36 0 -47 -7 30 0 32 -27 -24 -22 0 -48 3 -18 48 0 0 0 6 -11 10 -46 28 -37 -49 48 -50 -43 35 0 -46 9 -13 48 0 -40 5 0 -33 23 43 0 0 0 0 -40 19 0 -1 0 43 15 4 0 17 0 -2 -22 12 43 11 0 21 31 4 -34 0 0 0 0 -45 -21 0 -9 0 -38 -47 14 32 0 0 0 24 -19 
0 14 50 -18 0 0 0 -19 46 -42 15 13 -2 31 31 -50 -26 0 48 46 -46 42 5 0 -28 -18 13 33 27 0 2 -8 39 31 -5 28 -40 23 0 0 15 16 12 48 27 0 21 0 0 45 -17 14 29 0 32 -38 0 30 -9 0 25 0 45 39 -9 17 0 -25 0 -36 10 -41 0 41 26 8 -47 0 0 -15 35 -33 8 9 0 -18 26 15 8 -44 15 -8 -8 23 -29 -22 2 0 -39 7 -23 -18 35 0 -37 0 17 29 0 40 -2 27 18 10 -41 -38 46 0 -11 0 31 0 15 -26 -19 
-42 -50 0 42 15 0 1 -29 0 0 -49 17 1 -21 27 -8 43 -45 -41 0 -28 44 -16 43 0 0 -4 0 0 -4 -27 5 0 -16 -42 0 -39 -39 -26 43 17 -11 -50 18 11 -23 45 12 -21 41 -37 22 -8 12 -42 -5 -28 0 -11 2 0 -22 29 -2 -43 -32 0 15 -44 -15 26 35 -16 -46 0 4 -49 13 -1 50 -43 -36 -25 36 13 0 -13 0 -48 -10 -13 0 0 48 14 6 47 0 -26 16 -23 0 11 16 31 0 -6 0 0 -2 0 28 21 46 22 0 7 -4 32 30 -39 0 0 0 36 
17 -14 0 -6 -14 19 46 -27 45 -16 -18 0 -30 35 19 -50 -29 49 45 50 0 31 -21 -37 0 -50 4 21 -29 -2 5 -11 0 41 -41 49 38 -30 -11 16 -35 41 -48 -37 35 27 15 0 0 1 27 2 47 -16 0 -48 28 -32 11 40 -36 0 -44 27 0 -9 0 -7 45 -9 0 -7 17 0 16 0 0 28 0 8 -38 36 -12 0 8 -37 -31 1 -34 0 -49 -14 30 0 -38 42 -36 -22 -18 22 0 43 0 0 2 50 10 19 -45 27 28 34 -11 0 0 0 -25 -29 -30 -13 -22 0 -42 -46 35 
-13 18 0 23 -35 8 0 1 0 -29 23 21 18 0 -15 0 -7 0 -8 0 24 0 22 29 0 0 0 20 28 0 -36 0 -8 26 23 12 42 3 -3 -1 -30 0 32 30 -28 0 -47 39 0 25 -44 -13 50 0 3 43 0 1 0 0 25 1 0 39 -20 -22 -25 18 0 0 -8 -33 0 -10 -27 0 -23 -31 0 19 -50 -40 16 -40 -6 29 -49 47 -24 -50 0 -37 29 0 -31 -13 22 -28 -40 0 0 44 -25 0 0 -37 50 -24 -21 18 21 -11 45 40 36 -11 17 8 -42 -20 -39 49 28 0 -11 
25 50 0 4 41 -42 -38 -19 -4 -24 19 0 43 -45 40 0 -4 8 0 -2 37 -24 -9 0 0 -42 34 0 0 1 15 28 0 -38 -45 18 -22 -26 -39 -29 32 13 0 -21 22 0 28 -25 0 0 30 18 -29 0 36 -47 35 -35 45 0 -33 -44 6 28 0 19 0 0 -10 0 0 21 0 43 7 2 -13 38 -11 -25 -13 -18 0 0 0 10 -19 0 18 37 0 -20 -40 0 0 -4 4 0 -23 48 0 49 50 -19 24 0 36 12 0 10 46 0 40 -49 0 -48 -38 -34 -36 0 0 6 -25 -37 20 
14 -36 -41 -31 3 -35 0 0 0 0 0 0 -37 19 -47 48 36 42 -15 -17 -25 -26 -29 6 12 -47 -14 -31 0 37 -32 0 -12 14 -3 -42 -5 21 -1 37 -7 -9 -28 -35 14 -30 -15 0 0 -5 0 0 -10 44 37 0 -33 2 -45 -50 0 0 11 -44 0 23 39 46 0 0 0 22 29 47 -18 7 0 24 -30 -48 33 -37 -29 -43 0 0 -44 -39 29 0 -40 -21 0 -36 35 5 27 48 -5 0 20 -3 26 -11 -38 5 -4 0 -9 -41 22 0 36 0 8 -21 -39 8 48 -27 -9 23 22 27 0 
0 0 -13 0 -25 -49 -4 4 -50 -44 -4 24 26 17 13 47 40 19 -47 -13 -3 -23 -26 14 7 46 -20 0 0 18 -30 36 -24 -44 -41 47 46 48 0 0 0 -40 -11 0 0 0 34 0 0 -33 -36 -8 34 -12 37 28 -50 -24 48 17 5 0 11 5 47 0 -23 7 -4 19 -40 12 -29 -4 39 -48 0 23 31 -41 -18 4 -28 -46 38 50 48 23 1 -35 0 4 -44 6 -8 0 -6 15 1 1 35 -41 0 0 -35 -4 0 -41 0 -38 0 0 -11 -48 -21 3 13 -1 0 0 0 0 0 0 37 
38 6 -31 -20 0 0 -9 -9 0 20 6 -39 0 0 16 -3 24 0 -45 -18 2 0 0 -20 28 32 -42 37 34 -12 35 0 -42 13 -49 -14 -44 48 -41 0 8 0 -32 47 -16 -34 -13 0 -17 -48 -44 -6 8 0 9 0 34 -32 -10 -18 0 39 40 -40 5 -50 -6 -30 -47 -5 0 -8 -47 0 -25 -50 0 43 -40 40 -24 -41 -17 -45 -3 27 0 0 0 5 4 -31 -40 0 -38 -40 -44 0 23 5 13 0 0 30 22 -16 -6 -48 -38 46 7 -25 17 -38 -39 13 -50 0 0 -22 0 -23 28 0 -18 
0 28 0 -48 2 -37 -32 -31 0 13 45 -15 -17 15 27 -15 -27 -37 0 48 -43 -17 0 47 -15 0 0 0 47 12 -44 -30 8 -7 23 -41 -23 0 23 14 16 30 7 -9 0 -19 0 -39 0 0 5 -36 0 -33 -46 0 -38 22 -9 8 -25 -21 -31 0 0 27 46 -41 -4 0 -10 38 0 0 0 7 0 43 50 -27 46 0 -49 0 -17 -47 8 20 32 -47 0 0 40 -32 -48 -25 0 18 -29 28 0 -12 -17 0 -37 -48 -36 -41 -47 0 -4 -29 8 -34 8 -1 0 0 0 -11 27 0 42 -8 -2 
0 -16 -28 31 0 16 -44 0 -29 0 39 0 16 17 24 -17 0 1 -12 -24 0 19 0 4 0 -45 0 6 -40 0 -12 -17 0 30 0 -30 0 6 -12 -45 0 19 0 0 -21 0 -21 -5 0 28 48 -33 23 -34 -41 24 0 0 0 2 0 -10 -17 -35 -14 0 20 0 -44 -32 29 0 -17 -14 0 0 0 0 -23 32 5 -36 0 -31 0 0 19 41 -4 -37 17 0 -34 42 -25 37 32 -14 0 -38 43 50 0 27 -3 0 0 25 14 -11 32 -30 -42 -36 48 0 0 0 49 -11 0 24 21 2 -13 
-5 12 3 -47 37 42 -22 -36 -42 22 31 22 8 -5 -6 0 34 -34 29 44 0 -37 -10 -36 7 -15 0 33 19 0 21 -4 -21 -47 7 12 37 14 -13 26 10 -28 -25 0 -36 22 -7 0 0 -31 -44 0 0 40 -36 12 13 0 50 25 0 9 0 -49 -30 49 -10 -45 45 14 -35 49 -45 -48 8 -27 26 0 -41 0 -10 -43 0 -42 22 -13 0 -41 0 -17 32 41 50 18 -27 -32 0 -8 -21 -4 -41 19 0 0 0 -37 -32 -16 32 0 30 -13 -20 0 -27 0 -22 -11 -11 28 40 -23 -25 49 0 
-25 1 16 0 -28 29 20 0 16 -39 0 -25 14 16 -5 28 11 43 42 0 0 50 0 39 39 -27 -30 12 0 -16 0 0 0 0 19 0 -35 41 -26 45 -50 -38 41 14 0 -19 4 0 -19 49 0 0 -21 47 18 6 1 -12 -27 0 -7 46 14 41 0 20 -16 32 0 -49 23 35 29 -14 10 -20 0 0 -44 18 0 -3 -25 0 -12 -22 0 47 0 0 0 -2 0 30 -17 0 5 0 -7 50 0 -19 0 0 -38 12 0 32 0 31 -39 -22 -39 0 -9 0 0 27 0 40 46 0 0 49 0 
-46 -7 -18 32 -7 -45 0 41 -27 -19 0 -43 0 -14 0 0 20 0 0 48 29 20 -1 -16 47 -14 34 38 41 42 -34 0 7 31 -20 -11 -49 -10 -35 10 12 10 0 0 -27 50 15 34 2 33 36 -13 46 -23 0 48 -3 33 0 26 -25 39 0 -39 -43 -22 0 0 -6 -40 0 33 0 -43 40 -49 42 43 0 6 -3 0 -27 43 -10 -5 0 0 49 8 0 17 0 0 -14 0 -11 1 -11 0 -36 -11 10 -19 -26 0 0 -11 0 0 0 0 49 6 23 0 -23 0 24 -23 0 0 -43 13 44 
-26 34 0 0 -38 43 37 -22 30 -26 0 -1 -13 -19 -20 -32 -34 13 34 0 41 -10 43 46 -23 -28 0 36 -15 11 4 0 25 7 30 8 0 -18 -10 32 0 0 0 -10 -9 -11 -48 -47 0 36 0 0 -30 -48 -22 -14 -42 -8 39 -32 0 40 -1 0 37 49 -3 -20 27 -16 0 18 47 -12 43 -43 1 -31 43 -21 -37 -26 0 0 -27 39 -36 -42 -2 0 23 -34 0 0 -40 0 -14 40 -22 0 -45 0 0 0 0 -33 4 4 0 15 0 -42 28 -25 22 0 28 42 21 -25 0 -43 42 -6 -1 
-5 0 -26 -14 -35 -50 -3 -20 -34 0 35 -16 -18 0 -41 -26 44 0 0 8 0 0 0 0 0 -42 -4 41 -37 0 0 -44 -11 -19 0 0 -18 9 -46 0 48 -45 0 -33 0 9 0 23 -14 -45 0 -33 -45 25 0 0 31 4 0 -7 -35 20 13 40 0 0 26 0 41 0 16 0 0 -4 -17 -4 47 -37 35 21 0 0 15 50 -2 -38 -34 0 0 14 48 46 -32 -22 0 -33 48 0 46 27 -36 -40 27 19 -43 0 2 22 24 -26 0 -46 0 -37 27 0 0 -8 2 49 49 13 -6 0 -46 
22 -43 -30 -22 -5 47 -15 -21 38 -27 9 -8 -4 29 43 17 -24 48 0 41 -10 -17 0 -50 0 32 -27 49 -37 0 0 -1 -32 20 -38 27 -32 11 -29 -29 35 0 13 -17 -36 -45 35 34 28 18 -6 0 0 31 0 0 -48 -49 0 26 0 -18 6 29 21 -15 -2 0 11 -43 45 0 0 4 0 0 0 0 19 1 -47 8 -50 -5 0 0 0 -42 0 30 -43 -15 16 0 30 16 25 0 -40 41 0 -8 0 19 6 -27 0 -15 -19 -19 36 35 -11 20 0 37 -18 -2 -13 0 0 44 -1 -46 45 
