125
38 -16 8 38 11 -25 3 -24 -11 -35 -6 37 -5 12 -19 -32 50 39 39 27 -17 13 -23 -20 -3 32 35 -32 0 -16 32 44 8 29 -4 -42 -5 26 -5 17 41 -26 39 -49 -27 28 -22 -33 10 36 -19 -10 -25 -5 -37 -44 -40 40 -47 42 43 30 42 1 -13 37 25 -31 14 37 -46 11 -8 31 39 -25 33 2 6 35 8 -13 -32 -41 0 6 43 -49 25 45 3 -21 -22 22 35 -1 -38 -47 30 -11 24 21 17 -33 -14 27 9 -30 -21 18 -38 26 -25 -2 -11 -25 -36 42 -23 25 39 -47 13 -48 43 
0 0 0 -30 0 0 0 0 0 0 0 0 0 0 0 0 0 -45 0 0 0 0 -37 0 0 0 0 0 3 0 0 0 0 0 2 0 0 0 0 0 0 0 0 0 0 0 0 -17 0 0 0 0 0 0 0 0 0 -23 -28 0 0 0 -43 0 -13 -12 0 0 39 41 -40 0 0 0 0 0 0 0 27 0 0 0 -37 0 0 0 0 0 10 0 0 0 0 0 0 46 0 0 0 0 -5 0 0 -2 -39 0 0 25 -18 0 0 -37 0 0 0 2 48 0 0 0 0 0 0 1 -2 
0 0 0 -6 0 0 -11 15 0 0 -26 46 0 0 -45 0 -29 0 -23 0 0 0 -29 0 0 0 0 0 0 0 0 0 0 0 0 21 0 0 -32 15 0 0 0 0 0 0 0 0 48 0 0 49 0 0 0 0 0 0 8 0 0 0 -45 0 0 0 0 38 0 0 18 0 19 18 -22 -49 0 0 0 0 5 26 0 -25 0 0 0 41 10 0 0 0 0 0 0 0 0 0 0 0 -30 0 43 0 -34 38 0 0 -21 -33 0 0 0 0 -29 0 -5 0 0 0 0 4 0 -29 0 
0 0 0 -4 0 0 0 0 0 0 0 0 0 0 46 -19 0 0 0 20 0 0 2 5 0 0 0 0 0 0 0 0 -9 -46 0 0 0 0 0 0 0 -30 0 0 50 0 0 0 0 0 0 0 -12 0 0 0 0 0 0 0 0 0 0 0 0 -46 39 0 -32 0 0 0 0 7 0 0 0 0 0 0 -37 0 0 50 0 0 0 0 0 0 0 0 -36 -36 0 0 0 0 0 0 -40 -37 0 -48 0 0 0 0 0 0 -20 0 -14 0 0 -2 0 0 0 0 0 39 0 0 -21 
-30 -6 -4 0 6 0 0 0 0 0 19 0 0 -33 0 0 0 0 -28 0 1 0 0 0 0 0 0 0 0 0 -24 -18 0 0 0 0 0 0 0 0 0 40 0 0 0 0 0 0 0 44 0 -29 0 0 0 -14 0 0 0 0 0 43 36 45 0 0 0 -48 27 0 -25 0 0 0 0 0 5 -22 0 0 0 0 0 0 0 45 2 0 0 0 0 0 0 -9 0 0 0 0 0 0 0 13 0 -22 0 0 42 0 0 -47 0 0 33 0 0 -22 0 -19 0 29 0 0 0 0 0 
0 0 0 6 0 5 0 -9 0 0 0 0 0 40 0 0 0 48 -2 0 0 26 0 0 0 0 0 0 0 0 15 0 0 0 0 -17 0 0 0 0 0 0 0 9 0 0 0 0 2 0 43 0 0 -6 0 17 0 0 23 0 -43 0 0 -48 -9 0 0 -47 0 0 0 0 0 0 15 15 0 0 0 0 0 0 48 -32 -34 0 0 19 0 0 0 15 0 0 0 0 0 0 0 0 0 0 29 0 0 0 0 0 0 -37 0 0 0 0 0 0 0 0 0 0 0 0 6 0 -37 
0 0 0 0 5 0 0 0 0 0 0 0 -31 0 -24 38 0 0 -47 -8 0 3 0 0 0 0 0 35 0 0 -32 0 15 0 0 -49 0 -28 0 0 0 16 -36 0 0 49 0 0 0 0 0 0 0 0 33 0 0 44 -46 -27 0 48 -13 0 0 0 -41 0 15 0 0 0 0 24 0 4 0 0 0 0 0 -23 0 -14 30 -34 0 0 0 0 -25 -50 0 0 0 -22 36 0 0 0 0 0 -44 0 0 0 0 0 0 0 -20 0 0 0 0 0 0 0 0 0 0 15 19 0 0 
0 -11 0 0 0 0 0 0 -30 0 0 0 0 -9 0 0 0 0 0 -26 -25 -43 0 -46 41 0 0 0 0 0 -9 0 0 33 0 0 22 0 45 0 -25 0 -29 0 0 0 0 0 0 -33 0 10 0 1 24 0 0 -5 0 -4 0 0 0 0 0 37 0 0 0 0 36 0 0 -15 0 0 43 0 6 50 0 0 49 0 0 0 0 0 0 39 22 20 29 0 0 0 0 0 0 0 -33 0 0 0 0 0 0 0 0 0 0 0 0 0 23 -32 0 0 0 40 0 0 0 0 0 
0 15 0 0 -9 0 0 0 0 0 0 0 0 -29 0 0 0 -2 18 0 0 0 0 -31 39 0 0 0 38 0 0 0 14 -33 0 0 0 -32 0 40 -17 0 0 46 0 13 49 -36 39 0 10 -43 0 0 0 0 0 0 -36 0 0 0 0 -26 31 0 0 0 0 0 0 0 -37 0 0 0 0 -21 0 0 0 0 0 0 0 -1 0 0 0 0 0 0 0 0 0 0 0 5 -9 0 0 26 0 -7 6 0 0 -18 0 0 0 0 0 0 -6 -48 0 0 0 0 0 11 0 -41 0 
0 0 0 0 0 0 -30 0 -2 0 -43 0 0 0 0 0 34 39 0 -21 0 0 0 0 0 0 20 0 18 0 0 0 0 1 0 0 0 0 0 0 15 0 0 -47 -25 0 0 0 35 0 0 0 0 0 0 0 0 0 0 -49 0 0 0 0 0 0 0 0 -29 0 0 0 0 0 0 0 0 0 0 0 0 0 0 0 0 0 0 0 0 -49 0 0 0 0 -25 0 -17 0 0 0 0 0 0 0 0 -32 -26 0 0 0 0 0 35 0 45 0 0 0 0 0 0 0 0 0 0 
0 0 0 0 0 0 0 0 0 0 -35 0 0 0 37 -26 0 0 0 0 22 0 0 0 0 0 0 0 0 46 0 18 0 0 0 0 0 0 0 12 0 0 0 0 -21 0 0 0 0 0 -48 0 0 29 0 0 0 0 0 0 36 0 -28 -9 0 33 0 0 13 0 0 0 43 0 0 0 -8 0 0 0 35 0 0 -1 0 -31 -14 0 0 0 0 0 0 0 0 0 0 0 0 0 0 -12 0 0 0 0 0 0 0 0 0 7 0 0 0 0 -27 0 -45 0 0 0 35 0 0 
0 -26 0 19 0 0 0 0 -43 -35 -37 0 0 0 0 0 0 -43 0 0 0 0 0 0 0 0 0 0 3 48 -16 0 30 0 21 0 0 0 0 0 0 0 0 -18 0 0 22 44 0 0 0 36 0 -36 0 0 0 0 0 0 20 0 0 0 0 -19 0 0 0 0 0 0 0 0 0 0 0 0 43 0 0 0 -15 0 0 0 0 0 -6 -3 21 0 0 -45 0 0 0 0 0 0 0 0 13 0 -41 0 0 0 -20 -42 0 24 0 0 0 0 0 0 -14 0 0 -41 0 0 0 
0 46 0 0 0 0 0 0 0 0 0 0 -1 0 0 0 47 0 0 0 0 0 0 0 0 0 0 1 0 49 24 0 0 0 0 0 0 0 16 42 0 0 26 0 0 -35 0 0 0 0 0 0 0 -22 0 0 -49 0 0 0 0 0 0 0 0 0 0 0 12 0 31 0 0 0 -49 0 0 0 0 -40 0 4 46 34 0 -45 40 49 0 28 0 0 42 0 0 0 0 0 0 34 0 0 0 0 0 0 0 0 0 0 18 0 0 0 6 45 0 37 -41 0 20 0 0 0 0 
0 0 0 0 0 -31 0 0 0 0 0 -1 0 0 20 0 0 -32 -6 0 0 13 0 -11 0 0 31 0 -26 0 12 -36 0 0 0 0 0 -6 0 0 0 0 0 0 0 5 -33 0 0 0 0 0 13 -29 0 14 0 38 8 -49 -19 -29 0 0 0 0 6 0 0 0 0 0 0 0 0 0 0 47 0 0 14 0 0 0 0 0 0 0 0 0 36 0 0 0 0 0 0 0 0 0 0 0 -42 49 0 0 0 -1 0 0 0 -36 1 35 0 28 0 0 -24 -11 0 -4 0 -29 0 
0 0 0 -33 40 0 -9 -29 0 0 0 0 0 0 0 0 0 0 0 0 0 0 0 0 0 0 0 0 -34 0 0 0 0 0 24 0 0 0 0 0 0 0 0 0 0 0 41 0 0 -22 0 0 -28 20 -10 0 0 0 0 0 0 0 -22 5 0 0 0 0 0 0 0 0 0 -10 0 0 0 0 0 -36 10 0 0 0 24 0 0 -47 15 0 -4 0 0 0 0 0 0 0 -14 0 0 0 0 31 0 0 -50 -46 0 0 -19 0 0 0 0 0 0 -39 0 -41 0 36 0 0 0 
0 -45 46 0 0 -24 0 0 0 37 0 0 20 0 0 0 0 0 0 0 0 0 4 0 0 0 0 0 -21 -6 0 0 25 0 0 47 0 0 0 0 0 -27 0 0 0 0 0 -25 0 0 0 0 0 0 0 0 0 0 -26 -15 0 0 0 0 0 0 0 0 -14 0 0 0 0 0 0 0 0 -20 0 0 0 0 0 0 24 0 0 -40 -14 0 0 0 0 0 4 0 0 34 0 0 0 47 42 0 0 -31 0 0 0 46 0 0 0 0 0 0 0 14 0 0 -21 0 17 4 -15 
0 0 -19 0 0 38 0 0 0 -26 0 0 0 0 0 0 0 0 -28 0 0 0 0 0 0 -21 0 0 0 20 -25 28 0 0 0 29 0 0 0 41 0 0 0 49 0 0 0 0 21 38 15 0 0 0 0 0 0 0 0 0 0 -4 0 0 0 0 0 0 0 0 0 0 0 0 0 0 -4 0 0 0 0 0 0 0 7 0 0 0 0 0 0 0 0 8 0 0 0 0 0 0 0 0 0 -13 0 0 43 0 0 0 0 12 0 0 0 0 0 -26 0 0 0 0 -15 0 0 
0 -29 0 0 0 0 0 0 34 0 0 47 0 0 0 0 0 0 0 33 0 0 -20 42 0 17 0 -27 0 0 -23 0 0 0 43 0 0 0 0 0 0 0 0 0 0 29 0 0 0 -2 0 -20 0 -27 0 0 0 0 -32 20 0 0 0 0 0 -47 18 0 12 29 0 0 21 0 0 0 0 0 0 -31 0 28 0 -25 0 0 -10 0 0 0 46 18 0 -17 0 0 0 0 -40 32 0 0 -16 16 0 0 36 43 0 0 -39 0 18 0 -46 0 36 10 0 0 0 0 0 0 0 
-45 0 0 0 48 0 0 -2 39 0 -43 0 -32 0 0 0 0 0 0 37 0 0 0 0 -14 0 0 -49 0 0 0 0 0 -14 0 0 0 0 0 0 0 0 0 0 0 0 0 0 0 0 0 35 38 49 0 0 0 0 23 0 0 0 0 0 0 0 0 0 -46 0 -48 0 0 0 0 0 0 0 -33 38 50 0 0 -42 0 0 0 0 0 0 0 0 0 0 39 28 0 0 0 0 0 -32 0 0 -31 0 42 0 0 0 49 0 0 0 0 0 0 0 0 0 -9 -7 -34 0 0 
0 -23 0 -28 -2 -47 0 18 0 0 0 0 -6 0 0 -28 0 0 0 0 0 0 25 0 0 -48 29 0 0 0 0 0 0 0 0 0 -40 0 -34 0 0 0 0 37 0 0 0 0 40 0 0 0 0 0 0 0 0 0 0 5 -32 0 0 0 0 0 0 0 7 0 0 0 0 0 0 -12 0 0 0 0 0 0 -39 0 0 0 0 0 -7 0 -6 0 0 0 0 -7 0 -45 0 0 0 0 -23 0 -10 0 0 44 0 0 0 0 38 0 0 0 0 0 17 0 0 0 0 3 -49 
0 0 20 0 0 -8 -26 0 -21 0 0 0 0 0 0 0 33 37 0 0 0 0 0 -17 0 0 0 0 0 0 0 -40 42 0 0 0 0 0 0 0 0 3 0 0 0 0 0 -33 0 0 -47 41 -14 7 0 0 0 0 0 -31 0 0 -42 -46 0 0 0 -40 0 0 -1 0 0 -38 25 -9 0 0 0 0 0 0 0 0 0 -31 -13 0 18 0 -14 0 -36 0 0 0 0 -37 17 0 -19 0 0 0 0 0 0 0 0 -19 6 0 0 -32 -14 0 0 0 0 14 0 0 0 0 0 
0 0 0 1 0 0 -25 0 0 22 0 0 0 0 0 0 0 0 0 0 0 0 0 0 0 0 33 0 5 6 0 0 0 -43 0 0 0 28 0 -24 0 0 0 0 0 0 -36 0 37 0 -7 -46 0 0 0 0 0 0 -26 5 0 0 17 0 0 0 0 -30 42 0 0 0 -19 0 0 0 -36 0 36 0 0 26 -3 0 0 0 0 0 0 0 0 0 0 0 21 0 46 0 35 0 0 0 0 0 0 0 46 42 -44 0 0 0 8 0 -48 0 0 0 -23 -23 0 0 0 -31 3 
0 0 0 0 26 3 -43 0 0 0 0 0 13 0 0 0 0 0 0 0 0 -7 0 0 -1 0 0 0 -1 0 0 -8 0 0 6 -12 0 0 16 0 0 0 0 0 44 0 0 0 -11 0 -14 0 -42 0 0 0 0 0 0 -7 0 0 -13 0 0 0 0 -40 -21 -28 -27 18 0 0 0 0 0 0 -22 0 0 0 31 0 0 -25 0 0 0 0 0 0 0 0 -43 0 0 18 0 0 0 0 0 0 23 0 0 16 0 0 0 0 0 0 0 0 0 0 -36 0 0 -33 0 0 0 
-37 -29 2 0 0 0 0 0 0 0 0 0 0 0 4 0 -20 0 25 0 0 0 0 16 0 -33 -33 0 0 0 0 0 22 0 0 0 0 0 0 0 0 0 0 0 0 -10 0 24 0 0 0 0 0 0 0 22 -19 6 -16 0 0 0 0 0 -30 0 0 0 0 0 10 0 0 0 0 0 0 0 0 0 0 0 0 0 0 0 0 45 0 0 0 0 -50 30 0 0 0 0 -24 0 0 0 0 0 -24 0 0 0 -10 0 0 0 0 0 0 0 0 -28 0 0 0 0 9 5 0 
0 0 5 0 0 0 -46 -31 0 0 0 0 -11 0 0 0 42 0 0 -17 0 0 16 10 0 0 0 0 0 0 0 0 0 0 0 47 31 43 0 0 0 0 0 0 0 0 0 -36 0 0 0 0 0 0 0 0 -29 -17 0 0 -20 0 0 0 0 0 8 0 0 -23 0 0 0 0 0 0 0 0 9 0 -7 40 0 0 0 -25 0 -20 0 0 -4 -31 0 0 0 0 0 0 1 0 0 0 0 0 0 43 0 0 0 0 0 0 1 0 0 0 0 0 0 -17 0 0 0 0 0 
0 0 0 0 0 0 41 39 0 0 0 0 0 0 0 0 0 -14 0 0 0 -1 0 0 0 0 29 0 0 0 0 0 0 29 1 0 0 0 0 0 -19 0 0 0 0 0 0 0 -27 0 0 0 0 0 0 0 0 0 0 0 0 0 0 0 0 -32 1 0 0 0 0 0 0 0 33 0 0 0 0 0 0 0 0 0 0 0 0 -24 0 0 0 -46 18 29 48 38 0 0 0 0 0 0 -21 0 0 50 0 0 50 0 33 -1 -43 -49 0 0 0 -28 0 0 0 0 0 0 50 
0 0 0 0 0 0 0 0 0 0 0 0 0 0 0 -21 17 0 -48 0 0 0 -33 0 0 0 0 0 0 35 23 0 0 0 0 0 0 0 0 0 0 0 0 0 0 -44 0 0 0 0 0 0 -2 0 0 -44 0 0 -35 0 0 0 0 0 47 45 0 0 0 0 0 0 0 -47 0 0 9 0 -42 -13 0 0 0 0 0 0 -19 0 0 0 0 0 0 0 0 0 32 0 24 0 0 0 0 0 0 0 0 0 -20 0 0 0 0 0 0 0 0 0 0 0 5 0 46 0 0 
0 0 0 0 0 0 0 0 20 0 0 0 31 0 0 0 0 0 29 0 33 0 -33 0 29 0 -7 0 0 0 0 14 0 -34 0 0 0 0 0 0 0 0 0 -9 35 -47 -11 -11 40 0 -19 0 0 -4 0 0 0 0 0 0 0 43 0 0 48 0 0 -40 33 0 0 0 0 0 0 0 0 0 -15 0 0 0 0 0 1 0 -47 0 0 -5 0 -22 -34 43 0 0 0 -10 0 0 -17 0 -30 0 0 0 0 0 0 0 0 0 4 0 0 0 50 0 0 0 0 0 0 0 0 
0 0 0 0 0 35 0 0 0 0 0 1 0 0 0 0 -27 -49 0 0 0 0 0 0 0 0 0 34 0 33 0 0 0 0 0 0 47 0 0 -38 0 0 3 0 0 0 0 -38 0 0 0 0 0 0 0 0 0 0 6 0 0 49 30 -5 10 0 0 0 36 0 0 0 0 -23 0 0 0 0 0 0 -4 0 -16 -34 0 4 0 0 0 0 0 0 0 -43 0 46 0 0 -39 -25 0 -49 -32 18 0 -46 -39 0 0 0 0 1 0 -48 27 0 0 0 0 0 0 0 -46 0 0 
3 0 0 0 0 0 0 38 18 0 3 0 -26 -34 -21 0 0 0 0 0 5 -1 0 0 0 0 0 0 0 30 0 0 0 0 0 0 0 8 0 8 0 -40 0 0 -6 0 26 0 -32 0 0 39 0 35 39 0 0 0 0 42 0 0 0 0 0 0 -43 0 11 25 0 0 -30 0 -9 0 0 0 0 -20 -24 0 0 0 0 0 0 0 0 0 0 0 0 0 0 0 0 0 0 0 0 0 0 0 0 0 0 6 0 -23 2 0 0 0 19 0 0 0 0 0 -31 0 0 0 0 
0 0 0 0 0 0 0 0 0 46 48 49 0 0 -6 20 0 0 0 0 6 0 0 0 0 35 0 33 30 0 0 0 0 0 0 0 -45 0 0 0 0 0 0 0 28 0 0 25 42 0 0 -14 0 0 0 0 0 0 0 42 0 0 4 -16 -10 0 32 25 0 -14 0 0 0 0 0 0 9 0 -32 0 0 0 0 0 0 0 0 -11 0 0 0 -39 0 -13 0 0 0 0 0 -34 0 0 0 0 -30 -35 0 0 0 0 0 0 0 -31 0 -34 0 24 0 0 -1 0 0 0 0 
0 0 0 -24 15 -32 -9 0 0 0 -16 24 12 0 0 -25 -23 0 0 0 0 0 0 0 0 23 0 0 0 0 0 0 0 0 0 0 0 0 0 -38 0 0 12 -2 0 0 0 0 0 42 0 0 0 28 0 0 23 46 0 0 0 0 -20 0 36 0 0 0 49 0 0 0 0 21 34 0 -41 0 0 0 0 0 -17 0 0 7 2 0 0 0 0 0 0 -50 0 -20 0 0 -20 0 0 0 -31 2 -29 0 0 0 0 0 0 0 0 0 -21 0 0 8 0 0 0 0 39 -30 0 
0 0 0 -18 0 0 0 0 0 18 0 0 -36 0 0 28 0 0 0 -40 0 -8 0 0 0 0 14 0 0 0 0 0 0 0 36 0 0 0 0 0 0 0 0 0 41 0 0 38 0 31 0 0 18 0 0 0 0 0 0 -13 0 0 0 0 0 0 3 -41 0 0 0 30 0 0 0 44 0 -16 0 0 0 0 0 0 0 0 0 0 0 0 -13 0 0 0 0 0 0 0 -20 0 0 0 0 0 0 0 0 0 -12 0 0 0 0 -44 -15 0 0 0 -25 44 0 0 0 0 0 
0 0 -9 0 0 15 0 14 0 0 30 0 0 0 25 0 0 0 0 42 0 0 22 0 0 0 0 0 0 0 0 0 19 14 0 0 0 0 0 0 0 20 20 0 0 0 0 0 0 0 0 0 0 0 -15 0 0 0 -41 0 0 0 0 0 0 0 0 0 0 0 0 0 0 0 0 0 0 0 0 0 0 0 0 0 -2 0 0 0 0 0 29 0 0 0 18 0 0 0 0 0 0 0 -20 0 0 13 0 -50 0 0 8 -19 0 0 -10 40 0 -45 0 0 50 23 0 -1 0 
0 0 -46 0 0 0 33 -33 1 0 0 0 0 0 0 0 0 -14 0 0 -43 0 0 0 29 0 -34 0 0 0 0 0 14 0 32 0 0 0 0 0 49 0 0 12 0 27 -31 -12 12 0 0 16 0 0 -45 0 0 0 0 0 0 0 0 0 0 4 0 -39 27 0 0 0 0 0 0 0 29 0 0 39 0 32 0 0 0 0 0 0 0 0 -49 0 0 16 0 0 0 0 0 31 0 0 0 0 0 0 0 0 17 -1 0 0 0 0 0 0 0 -5 0 0 0 0 0 0 10 
2 0 0 0 0 0 0 0 0 0 21 0 0 24 0 0 43 0 0 0 0 6 0 0 1 0 0 0 0 0 0 36 0 32 0 0 0 0 25 0 -14 0 0 0 0 0 0 0 0 -33 17 0 0 0 0 0 0 0 0 0 0 0 -34 0 0 4 0 0 0 0 0 42 6 0 0 0 0 0 0 44 -4 0 34 -26 0 0 0 0 0 0 35 -25 0 31 0 46 0 -10 0 0 20 0 0 0 6 0 0 0 0 36 0 0 0 0 -35 0 5 0 0 0 0 0 0 0 0 
0 21 0 0 -17 -49 0 0 0 0 0 0 0 0 47 29 0 0 0 0 0 -12 0 47 0 0 0 0 0 0 0 0 0 0 0 0 0 40 0 0 0 0 0 0 16 0 0 0 44 -50 0 0 0 -46 0 0 0 0 0 5 0 0 -50 0 0 0 -35 0 28 0 0 0 0 24 23 0 -13 43 0 0 0 0 0 0 0 0 0 0 0 -45 0 29 31 0 9 0 1 16 0 0 0 0 0 3 0 -46 0 -49 15 0 0 0 0 0 0 0 0 0 0 0 0 0 0 -9 0 
0 0 0 0 0 0 22 0 0 0 0 0 0 0 0 0 0 0 -40 0 0 0 0 31 0 0 0 47 0 -45 0 0 0 0 0 0 0 0 0 0 0 10 13 -14 0 0 0 0 0 0 0 0 0 0 0 0 -2 0 0 -8 0 0 0 0 0 0 0 -33 0 -40 0 10 0 0 0 0 -29 0 0 0 0 -50 0 22 28 -25 7 0 0 0 0 0 -40 0 0 -32 0 33 21 -26 0 -11 0 0 0 0 0 0 0 0 0 0 0 9 0 0 0 0 -8 0 0 28 0 0 0 
0 0 0 0 0 -28 0 -32 0 0 0 0 -6 0 0 0 0 0 0 0 28 0 0 43 0 0 0 0 8 0 0 0 0 0 0 40 0 0 -24 0 0 -15 0 0 -20 0 14 0 0 -22 39 0 0 0 0 0 -9 0 17 0 0 12 0 0 0 0 0 0 0 0 0 0 0 0 0 0 0 0 0 0 -10 0 15 31 -45 0 34 0 0 19 0 0 0 -3 0 0 0 0 0 37 0 0 0 0 0 0 -18 0 0 -26 0 0 0 0 0 -43 0 34 0 -44 0 0 -41 0 0 
0 -32 0 0 0 0 45 0 0 0 0 16 0 0 0 0 0 0 -34 0 0 16 0 0 0 0 0 0 0 0 0 0 0 0 25 0 0 -24 0 0 0 0 0 0 0 0 0 0 0 0 33 0 -8 0 37 -26 0 0 11 0 0 38 -41 0 0 0 0 -36 0 0 0 0 0 0 -44 0 0 0 2 0 -15 0 0 0 0 0 24 0 0 0 0 37 0 0 0 0 23 0 0 0 0 0 0 34 0 49 -48 0 0 -48 0 0 0 0 0 0 0 0 0 0 0 34 25 0 0 
0 15 0 0 0 0 0 40 0 12 0 42 0 0 0 41 0 0 0 0 -24 0 0 0 0 0 0 -38 8 0 -38 0 0 0 0 0 0 0 0 0 0 0 0 20 38 0 0 0 43 0 0 0 0 0 0 0 0 -33 0 21 -49 0 0 -18 0 0 0 0 0 0 0 0 0 33 0 0 33 0 26 0 0 0 0 0 0 7 0 0 5 0 0 0 -18 0 0 0 0 -12 0 0 0 29 0 24 0 32 0 0 0 -41 11 0 0 0 40 0 0 0 0 0 0 0 44 -19 0 
0 0 0 0 0 0 -25 -17 15 0 0 0 0 0 0 0 0 0 0 0 0 0 0 0 -19 0 0 0 0 0 0 0 0 49 -14 0 0 0 0 0 0 0 0 0 0 0 4 0 0 0 0 34 0 0 0 0 0 0 0 34 0 0 0 0 49 -41 -49 0 0 0 0 0 0 34 0 0 0 0 45 -19 0 0 0 25 0 0 37 -38 0 0 0 0 0 0 22 0 4 0 0 0 0 0 0 0 0 0 0 0 0 38 10 0 0 0 0 -47 0 0 28 0 0 -4 -35 0 -25 
0 0 -30 40 0 16 0 0 0 0 0 0 0 0 -27 0 0 0 0 3 0 0 0 0 0 0 0 0 -40 0 0 0 20 0 0 0 10 -15 0 0 0 0 0 0 0 6 45 0 0 -46 -46 -17 0 0 0 41 0 0 0 0 35 0 50 0 -8 -36 21 0 0 0 48 11 0 17 0 0 0 37 0 0 0 0 0 -38 0 0 0 -7 0 0 0 0 23 0 34 -43 0 6 0 0 -18 -6 0 0 0 0 14 0 0 0 -21 0 0 -28 0 0 0 12 0 -25 0 0 0 0 0 
0 0 0 0 0 -36 -29 0 0 0 0 26 0 0 0 0 0 0 0 0 0 0 0 0 0 0 0 3 0 0 12 0 20 0 0 0 13 0 0 0 0 0 -2 0 0 0 0 0 -14 0 0 0 0 0 0 0 0 0 0 11 0 -32 0 0 0 0 -20 0 0 0 0 0 0 0 0 -14 0 -20 43 0 0 -26 49 -43 0 -45 -30 0 17 35 0 0 0 0 0 0 0 46 0 49 35 0 17 0 0 0 0 0 0 0 0 -33 0 0 4 0 -18 0 0 0 0 0 0 0 0 
0 0 0 0 9 0 0 46 -47 0 -18 0 0 0 0 49 0 0 37 0 0 0 0 0 0 0 -9 0 0 0 -2 0 0 12 0 0 -14 0 0 20 0 0 0 -11 0 0 0 0 28 0 0 0 0 0 0 0 -43 0 0 35 0 0 0 -7 -17 21 0 0 0 -15 0 0 0 0 20 0 31 0 0 0 0 0 0 9 50 0 0 -36 0 31 0 0 0 0 0 0 0 -17 0 -5 21 0 0 0 0 0 0 0 0 48 -24 34 -25 0 0 0 0 0 0 0 0 24 0 0 35 
0 0 50 0 0 0 0 0 -25 -21 0 0 0 0 0 0 0 0 0 0 0 44 0 0 0 0 35 0 -6 28 0 41 0 0 0 16 0 -20 0 38 0 0 0 0 0 0 0 13 0 0 0 0 0 37 -31 0 0 -31 0 0 0 -20 -44 0 -38 0 0 23 0 0 0 33 -13 0 0 0 0 0 0 0 0 0 0 0 0 0 0 0 0 -6 0 26 0 0 0 0 -6 0 0 0 0 -8 1 0 0 0 0 0 -37 -10 39 0 0 0 9 -43 0 0 0 39 0 0 0 0 -23 
0 0 0 0 0 49 0 13 0 0 0 -35 5 0 0 0 29 0 0 0 0 0 -10 0 0 -44 -47 0 0 0 0 0 0 27 0 0 0 0 0 0 0 6 0 0 0 0 0 0 -44 0 0 0 0 0 0 -5 -37 0 0 0 0 4 0 -24 0 0 0 0 0 0 0 0 0 0 0 0 0 0 0 0 0 0 0 -16 0 0 0 0 0 0 -46 -8 0 0 0 32 0 0 0 0 0 0 40 1 0 -42 0 0 0 0 0 0 0 0 0 0 0 0 -9 0 0 -13 0 0 0 
0 0 0 0 0 0 0 49 0 0 22 0 -33 41 0 0 0 0 0 0 -36 0 0 0 0 0 -11 0 26 0 0 0 0 -31 0 0 0 14 0 0 4 45 0 0 0 0 0 0 0 0 0 0 0 25 0 -23 0 0 0 0 31 0 -8 0 0 0 0 -40 0 -17 0 0 13 0 -34 0 -15 0 0 0 -22 0 0 0 -24 0 0 -19 0 -23 -19 0 5 -5 -25 0 0 10 -19 0 -30 0 0 0 0 47 16 0 -37 0 0 0 -42 4 37 0 0 0 0 0 0 0 0 0 -43 
-17 0 0 0 0 0 0 -36 0 0 44 0 0 0 -25 0 0 0 0 -33 0 0 24 -36 0 0 -11 -38 0 25 0 38 0 -12 0 0 0 0 0 0 0 0 0 0 13 0 0 0 0 0 0 -1 -8 0 0 0 0 0 0 0 4 -43 0 0 43 -34 0 0 47 43 0 29 49 0 26 0 0 0 0 0 0 0 0 0 0 0 0 0 0 0 0 0 0 0 0 0 0 -19 0 0 0 0 0 -9 0 0 0 -1 -18 -39 0 0 0 0 -48 0 0 0 0 0 0 12 -44 0 -39 
0 48 0 0 2 0 0 39 35 0 0 0 0 0 0 21 0 0 40 0 37 -11 0 0 -27 0 40 0 -32 42 0 0 0 12 0 44 0 0 0 43 0 0 -14 28 0 -44 0 0 0 0 -38 0 0 0 0 0 0 0 -19 0 0 0 0 -27 0 0 0 0 0 0 0 0 0 0 0 0 0 43 0 0 0 0 0 26 0 0 0 43 0 49 0 -43 0 -25 11 14 0 0 0 0 0 0 -6 -39 -35 0 0 0 0 0 10 0 -17 0 0 32 -49 0 3 0 0 46 45 0 0 
0 0 0 44 0 0 -33 0 0 0 0 0 0 -22 0 38 -2 0 0 0 0 0 0 0 0 0 0 0 0 0 42 31 0 0 -33 -50 0 -22 0 0 0 -46 0 0 0 0 0 0 0 0 40 0 0 0 0 0 0 -35 0 0 0 0 0 -1 0 19 0 39 0 0 0 0 0 0 0 31 -4 0 0 0 0 33 45 0 0 0 0 40 0 0 0 0 0 0 0 -35 0 0 0 -5 0 0 -39 -11 0 0 0 0 28 0 0 0 0 0 0 0 0 0 30 0 0 0 -22 0 0 
0 0 0 0 43 0 0 10 0 -48 0 0 0 0 0 15 0 0 0 -47 -7 -14 0 0 0 0 -19 0 0 0 0 0 0 0 17 0 0 39 33 0 0 -46 0 0 0 0 0 0 -38 40 0 0 0 0 0 -50 25 0 0 0 0 0 0 -29 0 0 0 0 0 0 0 0 26 0 0 0 0 0 -34 0 0 0 0 40 0 0 0 0 0 0 0 -6 0 0 0 0 0 0 0 9 47 0 0 0 36 0 0 0 33 -13 38 0 0 0 -36 0 0 0 0 0 0 0 0 0 0 
0 49 0 -29 0 0 10 -43 0 0 36 0 0 0 0 0 -20 35 0 41 -46 0 0 0 0 0 0 0 39 -14 0 0 0 16 0 0 0 0 0 0 34 -17 0 0 0 0 0 -1 0 0 0 0 -32 0 0 -40 0 0 0 0 -18 -45 0 0 0 0 0 0 38 0 0 -42 0 -38 0 0 -48 0 0 0 0 0 -33 0 0 0 42 0 0 0 -22 0 0 0 0 0 0 0 0 0 0 0 10 -9 0 0 0 0 17 0 0 0 18 0 0 0 0 0 0 0 0 0 -28 0 0 
0 0 -12 0 0 0 0 0 0 0 0 0 13 -28 0 0 0 38 0 -14 0 -42 0 0 0 -2 0 0 0 0 0 18 0 0 0 0 0 0 -8 0 0 0 0 0 0 0 0 -8 0 0 0 -32 41 0 0 0 7 0 24 0 0 0 0 0 0 0 0 0 0 0 0 2 0 0 -26 0 0 0 -39 -2 31 0 0 0 0 0 0 0 0 0 0 0 0 0 0 0 0 -9 0 0 0 0 0 0 21 0 0 0 0 0 0 0 0 0 -9 0 0 0 0 0 0 0 0 0 0 
0 0 0 0 -6 0 1 0 0 29 -36 -22 -29 20 0 0 -27 49 0 7 0 0 0 0 0 0 -4 0 35 0 28 0 0 0 0 -46 0 0 0 0 0 0 0 0 37 0 25 0 0 0 0 0 0 0 0 0 0 29 2 24 0 0 0 0 0 0 -39 35 0 0 11 0 0 0 0 -25 0 0 0 0 0 0 0 0 0 0 0 0 0 16 20 0 0 0 0 36 0 0 20 0 8 0 0 0 0 0 0 29 0 0 0 0 0 0 0 0 0 0 -34 0 0 45 0 0 0 
0 0 0 0 0 33 24 0 0 0 0 0 0 -10 0 0 0 0 0 0 0 0 0 0 0 0 0 0 39 0 0 0 -15 -45 0 0 0 0 37 0 0 0 0 0 -31 0 0 0 0 0 0 0 0 0 0 0 -29 -24 0 0 0 0 0 0 0 0 -39 0 -31 0 0 0 15 0 36 -41 15 0 0 0 0 0 0 31 46 -7 0 -26 0 0 -5 50 0 9 0 0 0 0 0 0 0 3 -47 -12 -14 5 0 0 0 0 0 27 0 0 0 0 0 0 0 -18 0 0 0 0 0 
0 0 0 -14 17 0 0 0 0 0 0 0 14 0 0 0 0 0 0 0 0 0 22 0 0 -44 0 0 0 0 0 0 0 0 0 0 0 0 -26 0 0 41 0 0 0 -5 -23 0 0 0 -50 -40 0 0 0 0 0 -47 15 -25 0 0 0 -49 0 0 0 0 40 0 0 0 0 0 0 23 0 27 0 0 0 36 -22 0 0 -40 46 0 0 0 0 -23 49 0 -25 0 0 0 0 0 0 0 0 0 0 0 0 0 -13 0 0 0 0 0 -18 0 0 0 0 19 0 -49 0 0 0 
0 0 0 0 0 0 0 0 0 0 0 -49 0 0 0 0 0 0 0 0 0 0 -19 -29 0 0 0 0 0 0 23 0 0 0 0 0 -2 -9 0 0 0 0 0 -43 0 -37 0 0 0 0 25 0 7 0 -29 0 0 9 0 0 35 -2 48 0 0 12 -43 0 0 0 0 29 0 16 0 0 0 0 14 0 0 -50 -45 -28 0 0 0 0 0 0 0 0 -20 0 0 -32 -37 0 -22 0 -41 0 0 0 0 16 0 0 0 0 0 -45 15 0 0 0 0 0 0 0 0 0 0 0 0 
-23 0 0 0 0 44 -5 0 0 0 0 0 38 0 0 0 0 0 0 0 0 0 6 -17 0 0 0 0 0 0 46 0 0 0 0 0 0 0 0 -33 0 0 0 0 -31 0 0 0 0 -35 0 0 0 29 -24 -47 9 0 9 0 21 0 0 0 -18 0 0 0 0 0 0 0 0 0 0 0 0 0 0 0 -13 22 10 7 0 0 0 0 0 0 44 0 0 0 0 -1 0 0 0 0 0 -32 0 0 0 -7 0 0 0 0 0 0 0 0 0 0 0 0 0 0 4 15 -15 0 0 
-28 8 0 0 23 -46 0 -36 0 0 0 0 8 0 -26 0 -32 23 0 0 -26 0 -16 0 0 -35 0 6 0 0 0 0 -41 0 0 0 0 17 11 0 0 0 0 0 0 0 0 0 -19 0 0 0 24 2 0 15 0 9 0 0 0 0 0 0 0 0 0 0 0 0 -37 26 0 0 -19 0 0 0 0 0 0 0 -35 -16 0 0 0 0 0 0 0 -2 0 8 0 0 0 0 -16 0 0 -30 0 0 -25 0 22 0 0 0 0 -29 18 -16 0 0 0 0 0 0 44 0 33 0 0 
0 0 0 0 0 -27 -4 0 -49 0 0 0 -49 0 -15 0 20 0 5 -31 5 -7 0 0 0 0 0 0 42 42 0 -13 0 0 0 5 -8 0 0 21 34 0 11 35 0 0 0 0 0 0 0 0 0 24 0 -25 0 0 0 4 0 0 0 35 0 38 0 19 35 0 0 0 0 0 0 0 0 0 45 0 0 42 0 0 0 0 21 -19 0 0 0 0 -47 0 50 -25 0 38 0 0 0 46 0 36 0 0 0 3 -25 0 0 0 0 0 -24 0 0 0 0 0 0 0 19 0 0 
0 0 0 0 -43 0 0 0 0 36 20 0 -19 0 0 0 0 0 -32 0 0 0 0 -20 0 0 0 0 0 0 0 0 0 0 0 0 0 0 0 -49 0 35 0 0 0 0 31 4 0 0 0 -18 0 0 0 0 35 21 0 0 7 0 0 5 0 0 0 24 0 0 8 0 0 0 0 0 16 0 7 0 -15 0 -6 0 0 0 -11 0 30 0 27 0 23 0 -37 0 0 34 0 0 0 0 0 43 0 0 -17 36 0 0 0 0 0 0 5 0 0 0 0 0 0 5 0 0 0 
0 0 0 43 0 48 0 0 0 0 0 0 -29 0 0 -4 0 0 0 0 0 0 0 0 0 0 43 49 0 0 0 0 0 0 0 0 0 12 38 0 0 0 -32 0 -20 4 0 -43 0 0 0 -45 0 0 0 0 -2 0 0 0 0 0 0 0 0 0 0 0 0 0 0 0 -9 0 0 0 0 0 0 0 0 0 0 0 0 0 0 0 0 0 0 0 -23 0 0 0 0 0 0 0 0 0 0 0 -50 0 0 -28 0 0 0 0 0 0 0 0 0 18 0 11 -39 0 0 -14 0 
-43 -45 0 36 0 -13 0 0 0 -28 0 0 0 -22 0 0 0 0 0 -42 17 -13 0 0 0 0 0 30 0 4 -20 0 0 0 -34 -50 0 0 -41 0 0 50 0 0 -44 0 -8 0 0 0 0 0 0 0 0 0 48 0 0 0 0 0 0 0 0 0 0 0 -17 0 26 0 39 0 27 0 0 0 0 0 0 0 0 0 -7 -50 0 0 0 0 15 -49 0 -26 0 0 0 -15 0 0 0 0 0 0 0 40 20 0 0 0 27 -36 40 -43 0 23 -29 0 -3 0 0 0 0 0 0 
0 0 0 45 -48 0 0 -26 0 -9 0 0 0 5 0 0 0 0 0 -46 0 0 0 0 0 0 0 -5 0 -16 0 0 0 0 0 0 0 0 0 -18 0 0 0 -7 0 -24 0 0 -27 -1 -29 0 0 0 0 -49 0 0 0 35 5 0 0 31 0 0 0 0 0 -50 -32 0 32 0 0 -49 0 0 -4 0 38 0 0 0 0 0 0 0 0 43 0 0 0 0 0 0 0 28 0 0 0 0 14 0 43 -24 38 0 0 0 -29 0 0 0 0 0 0 0 0 0 0 0 0 0 0 
-13 0 0 0 -9 0 0 31 0 0 0 0 0 0 0 0 0 0 0 0 0 0 -30 0 0 47 48 10 0 -10 36 0 0 0 0 0 0 0 0 0 49 -8 0 -17 -38 0 0 43 0 0 0 0 0 0 0 0 0 -18 0 0 0 0 0 0 0 0 0 14 0 0 0 0 0 0 0 36 0 26 0 0 0 0 -23 0 -6 -22 26 -15 -41 0 0 0 0 0 0 0 0 0 0 0 0 -31 -36 0 -9 -25 -26 -50 0 0 0 0 9 0 0 0 0 0 0 0 0 -18 0 -45 0 
-12 0 -46 0 0 0 37 0 0 33 -19 0 0 0 0 0 -47 0 0 0 0 0 0 0 -32 45 0 0 0 0 0 0 0 4 4 0 0 0 0 0 -41 -36 0 21 0 0 0 -34 0 19 0 0 0 0 0 0 12 0 0 38 0 0 0 0 0 0 -35 24 0 0 40 42 0 0 0 0 0 0 -40 42 0 0 12 49 0 0 0 -41 0 1 0 0 0 0 0 0 48 0 0 0 -35 0 0 0 0 0 0 0 0 41 0 1 0 10 0 0 0 0 0 35 0 0 0 0 46 
0 0 39 0 0 -41 0 0 0 0 0 0 6 0 0 0 18 0 0 0 0 0 0 8 1 0 0 0 -43 32 0 3 0 0 0 -35 0 0 0 0 -49 21 -20 0 0 0 0 0 0 0 0 0 0 -39 -39 0 -43 0 0 0 0 0 0 0 0 -35 0 0 0 35 0 0 -26 11 31 0 0 0 0 0 0 0 0 0 0 6 0 0 0 0 0 23 0 0 0 0 -27 -9 13 -10 0 0 0 0 0 0 8 0 0 0 -39 -16 0 0 -33 0 0 0 -2 0 -46 0 0 -41 0 
0 38 0 -48 -47 0 0 0 0 0 0 0 0 0 0 0 0 0 0 -40 -30 -40 0 0 0 0 -40 0 0 25 0 -41 0 -39 0 0 -33 0 -36 0 0 0 0 0 23 0 -40 0 0 39 0 0 0 35 0 0 0 0 0 19 24 0 0 0 14 24 0 0 0 0 0 -31 0 -45 0 -16 0 24 -36 0 0 24 0 0 0 0 0 0 14 0 11 -46 0 0 0 -31 0 0 0 -20 0 21 0 0 0 10 0 0 -22 0 0 0 0 0 0 0 0 0 0 0 -39 -30 0 0 0 
39 0 -32 27 0 15 0 0 -29 13 0 12 0 0 -14 0 12 -46 7 0 42 -21 0 0 0 0 33 36 11 0 49 0 0 27 0 28 0 0 0 0 0 0 0 0 0 0 0 47 0 0 0 38 0 0 -31 40 0 0 0 35 0 0 -17 0 0 0 0 0 0 0 -33 0 0 -7 0 -3 0 0 16 0 -40 0 0 0 0 0 0 0 0 0 -34 15 0 0 0 0 0 47 0 -20 0 0 0 0 0 40 2 0 0 0 -47 0 0 0 0 -41 5 -46 -15 0 0 0 0 0 0 
41 0 0 0 0 0 0 0 0 0 0 0 0 0 0 0 29 0 0 0 0 -28 0 -23 0 0 0 0 25 -14 0 0 0 0 0 0 -40 0 0 0 0 0 0 -15 0 0 -17 43 0 0 0 0 0 0 0 0 0 0 0 0 0 0 0 -50 0 0 35 0 0 41 3 50 0 15 0 0 0 0 0 0 0 0 0 0 0 0 0 0 21 0 1 0 -50 0 0 0 20 0 -6 0 0 13 0 0 0 0 0 0 0 0 0 0 0 0 35 0 0 -35 0 0 0 0 0 43 -5 
-40 18 0 -25 0 0 36 0 0 0 0 31 0 0 0 0 0 -48 0 -1 0 -27 10 0 0 0 0 0 0 0 0 0 0 0 0 0 0 0 0 0 0 48 0 0 0 0 0 0 0 0 0 0 0 11 0 0 0 0 -37 0 8 0 26 -32 0 40 0 0 -33 3 0 0 0 0 -19 11 0 -1 -14 0 0 39 0 20 0 0 0 0 -30 0 0 0 0 0 -45 0 0 0 -18 0 5 0 0 0 0 0 0 0 0 5 0 0 0 0 37 -47 0 0 0 0 38 0 0 0 0 
0 0 0 0 0 0 0 0 0 0 0 0 0 0 0 0 0 0 0 0 0 18 0 0 0 0 0 0 0 0 0 30 0 0 42 0 10 0 0 0 0 11 0 0 33 0 0 29 0 0 0 -42 2 0 0 0 29 0 26 0 0 0 0 0 0 42 0 -31 0 50 0 0 0 1 22 0 0 0 0 0 -15 31 0 -29 4 0 0 0 0 0 0 0 0 -48 0 15 0 0 0 0 0 0 0 0 -2 0 0 0 34 0 0 -21 8 -50 0 0 0 0 0 0 0 29 0 0 47 
0 19 0 0 0 0 0 -37 0 43 0 0 0 0 0 0 21 0 0 0 -19 0 0 0 0 0 0 0 -30 0 0 0 0 0 6 0 0 0 0 0 0 0 0 0 -13 0 13 49 0 0 26 0 0 0 15 0 0 0 0 0 0 -9 39 32 0 0 -26 0 0 0 0 0 37 14 0 0 29 0 0 -18 0 0 -47 0 -36 0 0 0 0 0 1 0 0 0 0 -29 0 0 0 -9 0 39 0 0 0 0 38 0 0 0 0 0 0 0 0 39 0 0 0 0 0 0 0 0 0 
0 18 7 0 0 24 -15 0 0 0 0 0 0 -10 0 0 0 0 0 -38 0 0 0 0 0 -47 0 -23 0 0 21 0 0 0 0 24 0 0 0 33 34 17 0 0 0 0 0 0 0 0 0 -38 0 0 0 0 16 0 0 0 0 0 0 0 0 0 11 -45 -7 15 0 1 14 0 -35 23 0 0 0 0 0 0 0 0 0 -44 0 0 0 0 -18 0 0 0 0 0 0 0 13 0 0 0 -45 0 -35 -7 0 8 0 0 -3 -26 0 0 0 0 0 35 0 0 0 0 -24 -3 -18 
0 -22 0 0 15 0 0 0 0 0 0 -49 0 0 0 0 0 0 0 25 0 0 0 0 33 0 0 0 -9 0 34 0 0 0 0 23 0 0 -44 0 0 0 0 20 0 0 -34 26 0 0 0 0 -26 0 36 0 0 0 -19 0 0 0 27 0 0 0 31 0 0 0 -19 22 0 -35 0 0 41 28 0 0 0 0 0 0 0 0 0 0 0 0 0 26 0 -40 0 0 39 0 0 0 0 0 0 6 0 0 0 -30 0 0 0 -20 0 0 0 -9 0 0 -36 0 0 0 0 -45 0 
0 -49 0 0 15 4 0 0 0 0 0 0 0 0 0 0 0 0 -12 -9 0 0 0 0 0 0 0 0 0 0 0 44 0 0 0 0 0 0 0 0 0 0 -14 0 0 0 0 0 0 31 0 0 0 -25 -41 23 0 0 0 0 0 0 0 -49 36 0 0 -16 -3 0 11 0 0 23 0 0 0 0 0 0 0 0 0 0 0 0 0 0 -30 0 0 -50 -48 23 0 -46 0 -6 0 -32 0 0 4 16 -30 0 10 0 0 0 36 0 0 0 0 0 41 38 7 0 0 0 0 0 0 
0 0 0 5 0 0 43 0 0 -8 0 0 0 0 0 -4 0 0 0 0 -36 0 0 0 0 9 0 0 0 9 -41 0 0 29 0 -13 -29 0 0 33 0 0 0 31 0 0 -15 0 0 -4 0 -48 0 0 15 0 0 0 0 0 16 0 0 0 0 0 0 0 0 0 0 0 29 0 41 0 0 0 -39 0 0 0 23 0 0 0 0 -20 0 0 0 0 -3 0 9 0 0 0 0 0 0 0 40 0 0 0 0 -5 0 0 0 0 0 0 0 0 0 33 3 0 0 0 -49 0 0 
0 0 0 -22 0 0 0 -21 0 0 0 0 47 0 -20 0 0 0 0 0 0 0 0 0 0 0 0 0 0 0 0 -16 0 0 0 43 0 0 0 0 0 37 -20 0 0 0 0 0 43 0 0 0 0 0 0 27 0 0 0 0 0 0 0 0 26 0 0 24 0 0 -1 0 0 0 28 0 0 0 0 40 0 32 0 0 0 0 -42 0 0 0 0 -13 -18 -36 29 0 8 43 0 -37 8 0 0 0 0 0 0 0 0 0 0 0 44 0 0 0 0 37 0 0 0 -28 0 0 0 
27 0 0 0 0 0 6 0 0 0 43 0 0 0 0 0 0 -33 0 0 36 -22 0 9 0 -42 -15 0 0 -32 0 0 0 0 0 0 0 0 2 26 45 0 43 0 0 0 0 0 0 0 -34 0 -39 0 0 0 14 0 0 45 7 0 0 -4 0 -40 0 -36 16 0 -14 0 0 0 0 0 -39 0 0 28 0 46 -34 -21 0 0 0 0 0 8 0 0 24 23 0 -6 32 0 0 0 34 0 0 0 0 8 30 0 5 12 -43 0 0 0 0 0 -6 0 0 0 0 0 0 -35 0 
0 0 0 0 0 0 50 0 0 0 0 -40 0 -36 0 0 -31 38 0 0 0 0 0 0 0 -13 0 0 -20 0 0 0 0 39 44 0 0 0 0 0 -19 0 0 0 0 0 0 0 0 0 0 0 -2 0 0 0 0 0 0 0 0 0 0 0 0 42 0 0 0 0 0 0 -18 0 0 0 0 40 28 0 0 0 0 0 0 0 0 0 0 0 0 0 0 0 -12 0 43 -24 -34 0 -28 0 10 0 -26 16 0 0 0 0 39 39 0 0 16 5 0 22 0 0 0 0 0 0 0 
0 5 -37 0 0 0 0 0 0 35 0 0 14 10 0 0 0 50 0 0 0 0 0 -7 0 0 0 -4 -24 0 0 0 0 0 -4 0 0 -10 -15 0 0 0 0 0 0 0 -22 0 0 0 0 0 31 0 0 0 0 -13 0 0 -15 0 0 38 0 0 0 0 -40 0 0 -15 0 0 0 0 0 0 0 0 0 0 0 0 0 0 16 0 -27 0 0 0 0 -36 0 21 0 42 0 0 0 0 0 23 0 -29 0 0 0 0 0 0 0 0 0 0 0 -42 0 0 0 0 0 0 0 
0 26 0 0 0 -23 0 0 0 0 0 4 0 0 0 0 28 0 0 0 26 0 0 40 0 0 0 0 0 0 0 0 0 32 0 0 -50 0 0 0 0 0 -26 0 0 0 0 0 0 33 0 0 0 0 0 36 -50 22 0 42 0 0 0 0 0 0 0 24 0 0 39 31 0 0 0 0 0 32 46 0 0 0 -23 34 0 0 0 19 0 0 0 0 0 0 48 0 0 0 0 0 -30 -23 0 0 0 30 40 0 0 0 0 0 0 19 0 0 0 0 0 0 0 9 0 0 0 
-37 0 0 0 48 0 49 0 0 0 -15 46 0 0 0 0 0 0 -39 0 -3 31 0 0 0 0 0 -16 0 0 -17 0 0 0 34 0 0 15 0 0 0 0 49 0 0 0 0 0 0 45 0 -33 0 0 0 -22 -45 10 -35 0 -6 0 0 0 -23 12 0 0 0 0 0 0 -47 0 0 0 23 0 -34 0 0 -23 0 0 0 0 2 -12 0 0 0 0 -8 41 -26 0 0 0 0 0 0 0 0 0 0 0 8 0 30 0 0 0 23 0 17 0 40 0 0 0 0 0 5 -40 0 
0 -25 50 0 -32 -14 0 0 0 -1 0 34 0 0 0 0 -25 -42 0 0 0 0 0 0 0 0 0 -34 0 0 0 0 0 0 -26 0 22 31 0 0 25 -38 -43 9 0 -16 0 0 26 0 40 0 0 0 31 0 -28 7 -16 0 0 0 0 0 0 49 0 0 0 0 20 -29 0 0 0 0 0 0 -21 0 0 34 0 -34 0 0 0 40 -44 0 0 0 0 0 0 0 0 -7 0 0 0 0 0 0 -39 0 -14 1 0 0 0 0 -8 30 0 0 0 0 0 0 0 0 15 -35 40 
0 0 0 0 -34 30 0 0 0 0 0 0 0 24 24 7 0 0 0 0 0 0 0 0 0 0 1 0 0 0 0 0 -2 0 0 0 28 -45 0 0 0 0 0 50 0 0 -24 0 0 0 0 0 0 0 46 0 0 0 0 0 0 0 -7 0 -6 0 0 0 0 0 0 4 -36 0 0 0 0 0 0 0 0 0 0 0 0 11 0 0 -14 0 0 0 0 17 0 0 15 0 0 0 0 0 0 0 0 46 -23 0 -7 29 0 0 0 26 0 0 0 0 0 0 0 0 0 0 -2 
0 0 0 45 0 -34 0 -1 0 -31 0 -45 0 0 0 0 0 0 0 -31 0 -25 0 -25 0 0 0 4 0 0 7 0 0 0 0 0 -25 0 0 7 0 0 -45 0 0 0 0 0 0 0 0 0 0 0 -7 -40 0 0 0 0 0 0 -50 0 -22 0 6 0 0 0 0 0 0 -44 0 0 0 0 0 0 0 0 0 0 11 22 0 0 25 7 0 0 -9 0 0 41 0 0 24 0 0 0 -19 0 -7 0 0 0 -2 -12 0 0 0 0 -36 0 0 0 0 0 3 0 -40 39 0 
0 0 0 2 0 0 0 0 0 -14 0 40 0 0 0 0 -10 0 0 -13 0 0 0 0 0 -19 -47 0 0 0 2 0 0 0 0 0 7 34 24 0 37 0 -30 0 0 0 0 0 0 0 0 42 0 0 0 46 0 0 0 21 -11 0 0 0 26 0 0 0 0 0 0 0 0 0 0 0 0 -42 0 0 16 0 2 0 0 0 0 0 0 0 0 -9 34 0 0 0 0 0 0 24 -44 0 0 0 0 31 0 -45 0 0 0 0 0 0 0 0 0 35 -39 -27 0 0 14 0 0 
0 41 0 0 19 0 0 0 0 0 0 49 0 -47 -40 0 0 0 0 0 0 0 45 -20 -24 0 0 0 0 -11 0 0 0 0 0 0 0 0 0 0 -38 -7 0 -36 0 0 -19 0 43 40 0 0 0 0 -26 0 0 0 0 -19 0 0 0 0 -15 -41 0 0 0 0 0 0 0 0 0 0 -20 0 0 0 0 19 -12 40 0 0 0 0 0 0 0 0 0 0 0 -13 0 0 31 0 0 0 0 0 0 -24 0 0 0 10 0 -12 0 0 0 0 0 0 -4 7 0 0 0 0 0 
10 10 0 0 0 0 0 0 0 0 -6 0 0 15 -14 0 0 0 -7 18 0 0 0 0 0 0 0 0 0 0 0 0 0 0 0 0 0 0 0 5 0 0 17 0 0 0 0 0 0 0 0 0 0 0 0 0 0 0 0 0 30 0 0 0 -41 0 0 14 0 21 -30 0 0 0 0 -30 0 0 0 0 -27 0 0 -44 -14 25 0 0 0 0 38 12 0 -17 -3 -35 0 0 0 -17 0 0 0 0 0 50 0 0 0 41 0 0 0 0 -30 9 0 0 0 18 0 47 0 -7 0 
0 0 0 0 0 0 39 0 -49 0 -3 28 0 0 0 0 0 0 0 0 0 0 0 0 0 0 -5 0 0 0 0 0 0 0 0 -45 0 19 0 0 0 0 35 31 -6 0 -23 0 49 0 0 0 0 16 0 0 0 0 0 0 0 0 0 43 0 1 0 0 0 0 0 0 0 0 0 0 0 0 8 0 0 0 0 0 0 7 0 0 0 0 0 0 0 0 0 0 0 0 0 -11 20 0 0 42 0 -50 0 -35 0 0 0 0 0 0 0 43 44 0 -49 0 0 0 0 0 0 
0 0 0 0 0 -25 22 0 0 0 21 0 36 -4 0 0 46 0 -6 -14 0 0 0 -4 0 0 0 0 0 0 0 -13 29 -49 35 0 0 0 0 0 0 0 0 0 0 -46 -19 0 0 0 0 -22 0 20 -5 0 0 44 0 0 27 0 15 0 0 0 0 11 -34 1 0 0 1 -18 0 0 0 0 0 0 0 0 0 0 0 0 0 0 38 0 -38 0 0 0 0 0 0 0 38 0 0 0 0 0 0 -42 0 0 0 0 0 0 0 0 0 -26 0 15 0 8 0 -41 47 0 -2 
0 0 0 0 15 -50 20 0 0 0 0 0 0 0 0 0 18 0 0 0 0 0 0 -31 -46 0 -22 0 0 -39 0 0 0 0 -25 29 0 0 37 0 0 0 0 0 26 -8 0 0 -43 0 -6 0 0 0 50 -23 0 0 -2 0 0 0 -49 0 0 0 23 -46 15 0 0 0 0 0 26 -50 0 -13 0 0 0 0 0 0 0 0 -9 0 12 0 0 0 0 0 0 0 0 0 0 -24 -12 0 0 0 0 0 0 0 0 0 0 0 0 0 0 0 0 -41 0 -12 0 19 0 0 0 
0 0 -36 0 0 0 29 0 0 0 0 42 0 0 0 0 0 0 0 -36 0 0 -50 0 18 0 -34 0 0 0 0 0 0 0 0 31 -40 0 0 -18 0 23 0 0 0 0 5 0 0 0 0 0 0 0 0 49 -20 0 0 -47 23 -23 0 0 0 0 0 0 0 -50 0 0 0 0 0 -48 -3 -18 24 0 0 0 -8 0 0 -9 34 0 0 0 0 0 0 0 0 -8 0 0 -14 0 0 0 0 0 0 0 -31 0 0 0 0 9 0 0 -34 -32 0 44 0 0 0 0 -31 0 -34 
0 0 -36 -9 0 0 0 0 0 0 -45 0 0 0 0 8 -17 0 0 0 0 0 30 0 29 0 43 -43 0 -13 -50 0 0 16 31 0 0 -3 0 0 0 0 0 0 0 0 -5 0 -25 0 0 0 0 0 9 0 0 0 8 0 0 0 -26 0 0 0 0 0 0 0 0 -48 0 0 -40 23 0 -36 23 0 -36 0 41 0 17 0 0 0 -17 0 0 0 0 0 0 0 0 -28 0 0 0 0 -13 0 -14 0 0 0 0 0 0 0 0 0 0 0 0 0 0 0 0 0 0 8 0 
0 0 0 0 0 0 0 0 -25 0 0 0 0 0 4 0 0 39 0 0 21 -43 0 0 48 0 0 0 0 0 0 0 18 0 0 9 0 0 0 0 22 34 0 0 0 0 -25 0 11 0 0 0 0 0 0 -25 0 0 0 50 -37 0 0 0 0 0 0 0 0 0 -45 0 0 0 0 0 9 29 0 -12 0 48 -26 0 0 0 0 0 -3 0 0 0 0 0 0 0 -3 0 0 0 26 0 0 0 0 0 0 0 10 0 0 0 0 -11 0 31 0 0 0 0 0 0 43 0 0 
46 0 0 0 0 -22 0 0 0 0 0 0 0 0 0 0 0 28 -7 0 0 0 0 0 38 0 0 46 0 0 -20 0 0 0 46 0 -32 0 0 0 0 -43 0 0 0 32 0 0 14 -35 0 0 0 36 0 0 -32 -1 0 -25 0 0 0 0 0 0 0 -31 0 0 0 15 -29 0 0 -46 0 0 -6 0 21 0 0 0 0 41 0 -13 -35 0 0 0 -8 0 0 0 0 0 0 0 0 0 -17 0 0 -14 0 0 0 0 35 0 47 -9 0 0 0 0 0 0 0 0 0 0 0 
0 0 0 0 0 36 0 0 -17 0 0 0 0 0 0 0 0 0 0 0 46 0 0 0 0 32 0 0 0 0 0 0 0 0 0 1 0 0 23 0 4 0 0 0 -6 0 0 0 0 0 0 0 0 0 0 0 -37 0 0 0 0 0 0 0 0 48 -27 0 0 20 0 0 0 0 39 0 0 8 32 43 0 0 0 0 15 0 0 0 0 0 0 0 0 0 -3 0 0 0 0 -3 0 0 -9 0 0 -48 10 0 0 0 -15 0 25 0 -37 11 0 44 -38 0 0 0 0 0 0 
0 0 0 0 0 0 0 5 0 0 0 0 0 0 34 0 0 0 -45 -37 0 18 0 0 0 0 -10 0 0 0 0 0 0 0 -10 16 33 0 0 -12 0 6 46 -17 0 0 10 -19 0 0 0 0 -9 0 0 0 0 0 0 38 34 0 -15 28 0 0 -9 0 47 0 0 0 0 0 0 -6 0 43 0 -24 42 0 0 -7 0 0 0 0 0 0 0 0 0 -28 0 0 0 0 0 0 0 0 0 0 0 -39 -45 0 -19 0 0 0 19 1 0 0 0 0 0 0 0 0 0 0 0 
0 0 0 0 0 0 0 -9 0 0 0 0 0 -14 0 0 -40 0 0 17 35 0 -24 1 0 24 0 -39 0 0 -20 -20 0 0 0 0 21 0 0 0 0 0 0 0 0 0 -19 0 0 0 0 0 0 20 0 0 -22 0 -16 0 0 0 0 0 0 0 13 0 0 -6 -18 0 0 13 0 0 0 0 0 -34 0 0 0 0 0 24 0 31 0 0 38 0 -14 0 0 0 0 0 14 0 0 0 0 0 36 -3 0 8 0 0 0 24 0 0 28 0 47 0 0 0 0 0 0 0 -3 
0 0 0 0 0 0 0 0 0 0 0 34 0 0 0 0 32 0 0 0 0 0 0 0 0 0 0 -25 0 -34 0 0 0 31 0 0 -26 37 0 0 0 0 49 -5 0 0 0 0 0 -5 9 0 0 0 0 0 0 0 0 0 0 0 0 0 0 0 -10 -20 -20 0 0 0 -9 0 0 -32 0 -37 0 0 0 0 0 0 0 0 24 0 -17 -11 0 -24 0 0 0 0 -3 0 0 0 4 0 30 -22 0 0 0 0 0 0 -36 0 47 0 0 0 0 0 36 0 0 29 5 0 0 
-5 -30 -40 0 0 0 -33 0 0 0 0 0 0 0 0 0 0 0 0 -19 0 0 0 0 0 0 -17 0 0 0 0 0 0 0 20 0 0 0 0 0 0 -18 35 21 0 0 -30 0 0 0 47 0 0 8 0 0 -41 0 0 0 0 0 0 0 0 -35 0 0 0 0 5 0 0 0 0 0 0 8 34 -28 0 -30 0 0 0 0 -44 0 0 20 0 -12 0 0 26 0 0 0 0 4 0 19 0 0 0 -21 0 32 0 0 -41 0 0 5 0 0 0 0 -46 0 0 50 8 0 0 
0 0 -37 13 0 0 0 26 0 -12 0 0 0 0 47 0 0 -32 0 0 0 0 0 0 0 0 0 -49 0 0 0 0 0 0 0 0 -11 0 0 29 0 -6 0 0 -8 0 0 0 0 0 0 0 0 0 3 0 0 -32 -30 46 0 0 0 0 -31 0 0 21 0 13 0 0 39 0 0 0 0 0 0 0 0 -23 0 0 0 0 0 0 0 0 0 0 0 0 0 0 0 0 0 0 19 0 0 4 -37 0 6 45 -27 0 0 -39 -5 0 0 16 -11 0 0 34 29 1 0 0 -2 
0 43 0 0 29 -44 0 0 0 0 13 0 -42 0 42 0 -16 0 -23 0 0 0 0 0 -21 0 -30 -32 0 0 -31 0 -20 0 0 0 0 0 0 0 0 0 17 0 1 40 0 0 -6 -39 0 10 0 0 -47 0 0 0 0 0 0 0 0 14 -36 0 0 0 0 0 0 0 0 -45 0 4 40 0 0 10 0 0 0 0 0 -19 0 0 0 0 0 0 0 -13 0 -17 -9 0 0 30 0 0 0 -28 0 0 30 0 0 0 0 0 0 0 -18 38 0 42 -31 0 0 -19 27 0 0 
-2 0 -48 -22 0 0 0 -7 0 0 0 0 49 31 0 -13 16 0 0 0 0 0 0 0 0 0 0 18 0 0 2 0 0 0 0 3 0 0 34 24 0 0 0 0 0 1 0 -9 -39 -11 0 -9 0 0 -12 0 0 0 0 36 43 0 0 0 0 0 0 0 0 0 0 0 0 0 6 16 0 0 0 0 23 0 0 0 0 0 0 0 0 42 0 0 0 0 0 0 0 0 0 -22 0 4 -28 0 -13 0 0 0 0 0 0 18 2 0 0 0 0 0 0 0 0 0 -33 0 0 
-39 -34 0 0 0 0 0 6 0 0 -41 0 0 0 0 0 0 -31 -10 0 0 23 -24 0 0 0 0 0 0 -30 -29 0 0 0 6 0 0 0 0 0 0 0 0 0 0 0 0 0 -35 0 36 0 21 0 -14 0 0 0 -25 0 0 -50 0 43 -9 0 0 0 0 0 0 -2 0 -35 0 -30 0 0 0 -26 0 0 0 -39 0 -7 0 0 0 0 0 0 0 -14 0 0 0 0 36 0 0 -37 0 -13 -2 -34 0 0 0 0 0 0 0 -39 0 0 0 0 -42 9 0 0 0 0 0 
0 38 0 0 0 0 0 0 -32 0 0 0 0 0 -31 0 0 0 0 0 0 0 0 43 50 0 0 -46 0 -35 0 0 13 0 0 -46 0 0 49 32 0 0 0 0 0 -42 47 0 0 0 0 0 0 0 5 0 16 -7 0 0 0 0 40 -24 -25 0 0 10 40 0 0 0 0 -7 0 0 0 0 8 16 -29 30 0 0 46 0 31 -24 50 -50 -42 0 0 0 0 -14 -48 -39 -3 0 -21 0 0 0 -34 0 0 0 0 0 -48 0 5 -36 0 46 0 12 0 0 13 0 0 -30 0 
0 0 0 42 0 0 0 0 -26 0 0 0 0 -50 0 43 36 42 0 0 46 0 0 0 0 0 0 -39 0 0 0 0 0 0 0 0 0 -18 -48 0 0 14 0 0 0 0 16 0 0 0 0 0 0 0 0 0 0 0 22 0 -17 0 20 38 -26 0 8 0 2 0 0 0 38 0 0 10 0 0 30 0 0 40 8 -14 -23 0 0 0 0 0 0 0 -31 0 0 0 10 -45 0 0 0 6 30 0 0 0 0 -13 -16 0 0 0 0 0 0 0 0 0 -29 0 0 0 -16 -20 0 
25 0 0 0 0 0 0 -18 0 0 0 0 -1 -46 0 0 43 0 44 0 42 16 0 0 0 0 0 0 6 0 0 0 -50 0 0 -49 0 0 0 0 0 0 0 0 0 0 0 -1 0 0 0 0 0 29 0 0 0 0 0 3 36 -28 0 0 -50 0 0 0 0 0 0 0 0 8 -30 0 -5 0 0 0 0 0 0 1 0 0 -45 0 0 -35 0 0 0 0 0 0 0 0 8 0 32 45 0 0 0 0 -13 0 0 0 35 22 -15 0 37 0 0 0 -18 49 0 0 0 -13 0 
-18 -21 0 0 0 0 0 0 0 0 -20 0 0 0 0 0 0 0 0 0 -44 0 -10 0 50 -20 0 0 0 0 0 -12 0 17 0 15 0 0 0 0 0 0 0 0 -37 0 -37 -18 0 28 33 17 0 0 0 -13 0 0 0 -25 0 0 0 0 0 0 0 -22 0 0 0 34 0 0 0 0 0 0 5 0 0 0 30 0 -7 -2 0 0 0 0 0 0 0 0 10 0 0 -19 0 0 0 -27 0 0 0 0 -16 0 0 0 -6 0 0 5 0 11 0 0 0 0 0 0 0 0 0 
0 -33 0 -47 -37 0 0 0 0 0 -42 0 0 0 46 0 0 0 0 -19 0 0 0 0 0 0 0 0 -23 0 0 0 0 -1 36 0 0 -26 -48 -41 38 0 0 48 -10 0 0 -39 0 0 -13 0 0 0 0 0 0 0 0 0 0 0 0 0 0 41 0 0 0 0 5 0 0 0 0 0 0 0 12 0 0 0 0 0 29 -12 0 10 41 0 0 0 0 0 0 0 0 0 0 0 0 0 0 0 0 0 0 0 0 0 15 0 0 14 -39 0 0 0 -3 0 0 0 0 0 -11 
0 0 -20 0 0 -20 0 0 0 0 0 18 0 -19 0 0 -39 49 0 6 0 0 0 0 33 0 0 0 2 0 0 0 8 0 0 0 0 0 0 11 10 -21 0 -24 39 0 0 0 10 0 38 0 0 0 0 0 0 0 0 0 0 0 27 -29 0 0 -39 0 -47 0 0 0 0 -3 0 36 0 0 -43 39 0 0 0 0 0 0 0 0 0 0 0 0 0 0 0 35 -15 0 0 -36 -41 0 0 0 0 -48 0 35 -6 15 49 0 0 33 0 0 0 0 -1 0 0 0 0 0 4 
-37 0 0 0 0 0 0 0 0 7 24 0 -36 0 0 12 0 0 0 0 0 0 0 0 -1 0 0 1 0 0 0 0 -19 0 0 0 0 0 0 0 0 0 -33 34 0 0 0 0 0 0 0 0 0 0 27 0 -45 0 -29 0 0 0 -36 0 0 1 -16 0 0 0 0 -21 0 -26 -20 0 0 0 0 39 0 0 0 0 0 0 0 -12 0 0 0 0 9 0 0 0 0 0 24 0 0 -39 0 18 0 0 0 22 0 0 0 0 0 0 38 9 28 46 0 0 0 0 0 0 0 
0 0 -14 33 0 0 0 0 35 0 0 0 1 0 0 0 18 0 38 0 8 0 0 1 -43 0 4 0 0 0 0 0 0 0 0 0 0 0 0 0 0 0 0 -25 0 0 -42 0 -17 0 0 18 0 0 0 0 15 0 18 0 0 0 40 0 9 0 0 0 0 0 0 8 0 0 0 0 0 44 0 0 0 0 23 -8 0 0 0 0 0 0 0 0 0 0 0 47 25 19 0 47 0 -5 0 2 0 5 0 -15 0 0 0 0 0 0 0 0 0 0 -36 0 -48 23 -42 0 0 
0 0 0 0 0 0 0 0 0 0 0 0 35 0 0 0 0 0 0 -32 0 0 0 0 -49 0 0 -48 0 -31 0 -44 0 0 0 0 9 0 0 0 0 -28 0 0 0 0 4 0 0 0 0 0 0 0 0 0 0 0 -16 0 0 0 -43 0 0 10 0 0 0 0 0 -50 0 0 0 0 0 0 0 0 0 19 0 30 26 0 0 0 0 0 0 0 0 0 -11 -9 0 1 0 0 5 0 0 0 -39 -36 0 0 5 14 33 0 0 0 0 0 0 0 0 0 0 0 0 0 0 
0 -29 0 0 0 0 23 -6 45 0 0 6 0 0 0 0 -46 0 0 -14 -48 0 0 0 0 0 0 27 19 0 -21 -15 -10 0 -35 0 0 0 0 40 0 0 4 0 9 0 37 -48 0 0 -36 0 -9 0 0 -18 0 0 0 -24 5 0 0 0 0 0 -33 0 0 35 37 0 0 0 0 0 0 0 0 16 0 0 17 0 0 -36 0 0 -30 0 0 0 -34 0 0 0 -37 0 28 0 0 0 -18 0 0 0 0 37 0 -39 0 38 0 0 0 0 0 15 -42 0 0 0 0 39 0 
2 0 -2 -22 0 0 -32 -48 0 0 0 45 28 0 0 0 0 0 0 0 0 0 0 0 0 0 0 0 0 -34 0 0 40 0 0 0 0 -43 0 0 -47 0 0 0 -43 0 0 0 32 0 0 0 0 0 0 0 0 0 0 0 0 0 23 0 0 0 0 0 -41 0 -47 0 39 0 -9 0 0 0 0 5 0 0 0 0 0 0 0 0 9 43 -26 0 -32 0 31 0 11 0 0 0 0 16 38 0 0 46 0 0 11 0 0 9 0 0 0 -45 0 0 0 0 0 0 8 0 -35 
48 -5 0 0 0 0 0 0 0 -27 0 0 0 0 0 0 36 0 0 0 0 0 0 0 0 0 50 0 0 0 0 0 0 0 5 0 0 0 0 0 0 0 -18 0 0 0 0 0 -49 0 0 0 0 0 0 0 0 0 0 0 0 0 -29 0 0 0 0 0 5 0 0 0 0 0 0 41 0 0 -6 0 0 0 40 0 0 0 0 0 0 44 0 0 0 0 0 0 0 0 47 0 0 -11 0 0 0 0 0 0 0 0 0 28 0 0 0 0 0 0 0 0 0 -31 0 43 0 
0 0 0 -19 0 0 0 0 0 0 0 37 0 -39 14 -26 10 0 0 0 0 0 -28 0 -28 0 0 0 0 24 8 0 -45 -5 0 0 0 34 0 0 0 12 0 0 0 0 0 0 0 0 0 0 0 0 0 0 0 0 0 0 0 18 0 0 0 0 0 0 -46 -35 0 0 0 35 0 38 33 37 0 22 -42 0 0 0 0 0 35 0 0 0 15 -41 44 0 0 0 44 0 0 0 0 0 42 0 0 12 0 0 0 0 0 46 0 0 15 0 0 0 0 0 0 0 0 0 -37 
0 0 0 0 0 0 0 0 0 -45 -14 -41 -24 0 0 0 0 0 17 0 -23 -36 0 0 0 0 0 0 0 0 0 -25 0 0 0 0 -8 0 0 0 28 0 0 0 0 -9 0 0 3 30 0 0 0 -34 0 0 0 0 0 0 0 0 -3 0 0 0 -2 0 -15 0 0 0 0 0 -36 7 3 0 0 0 0 0 0 0 0 0 -39 -4 0 -49 0 0 0 0 0 0 -38 0 0 36 -46 0 -31 0 -42 0 -29 -18 0 -3 -1 0 -36 0 -42 0 0 0 0 0 0 0 0 0 0 
0 0 0 29 0 0 40 0 0 0 0 0 -11 -41 0 0 0 0 0 14 -23 0 0 -17 0 0 0 0 0 0 0 44 0 0 0 0 0 -44 0 0 0 -25 0 0 39 0 0 0 0 0 0 0 0 0 -18 19 0 0 0 0 0 11 0 0 0 35 0 0 0 0 0 0 0 0 0 0 0 0 0 0 0 0 0 0 0 0 -27 7 18 0 8 -12 0 0 0 0 0 0 0 0 0 34 0 0 9 0 0 49 0 0 0 0 0 0 0 0 0 0 0 0 0 -11 0 33 0 
0 0 0 0 0 0 0 0 0 0 0 20 0 0 -21 0 0 -9 0 0 0 0 0 0 0 5 0 0 -31 -1 0 0 50 0 0 0 0 0 0 0 0 0 0 0 0 0 0 0 0 0 0 0 0 0 0 0 0 4 44 0 0 -39 0 0 0 0 -46 -39 0 0 38 0 0 0 0 0 0 0 0 0 0 0 0 0 0 3 0 0 0 0 0 0 0 0 0 0 0 0 0 0 0 29 0 0 0 13 0 0 0 0 0 0 -48 0 0 0 0 0 0 0 0 -46 0 0 0 
0 4 39 0 0 15 0 11 0 0 -41 0 -4 36 0 0 0 -7 0 0 0 -33 0 0 0 0 0 0 0 0 0 0 23 0 0 0 28 0 34 0 -4 0 0 24 0 -13 0 12 46 0 0 0 0 45 0 -49 0 15 0 0 5 0 0 0 -18 0 0 -30 0 0 0 29 0 0 0 0 0 -28 0 0 0 9 0 0 0 0 0 0 47 0 -41 19 0 0 0 0 0 0 0 29 50 1 -19 0 0 0 0 0 0 0 0 0 23 0 0 0 -31 0 0 -11 -46 0 0 0 -21 
0 0 0 0 6 19 0 0 0 35 0 0 0 0 17 -15 0 -34 0 0 0 0 9 0 0 46 0 -46 0 0 39 0 0 0 0 0 0 -41 25 44 -35 0 0 0 0 0 0 -44 45 -22 0 -28 0 0 0 0 0 -15 33 19 0 0 0 0 0 0 0 0 0 0 0 0 0 -24 0 0 -49 0 0 0 0 0 5 15 0 -40 14 0 0 0 47 0 -31 0 43 0 0 0 0 5 8 0 27 -33 0 0 -16 0 0 0 0 0 -42 0 0 8 0 0 0 0 0 0 0 0 0 
1 -29 0 0 0 0 0 -41 0 0 0 0 -29 0 4 0 0 0 3 0 -31 0 5 0 0 0 0 0 0 0 -30 0 -1 0 0 -9 0 0 0 -19 0 0 0 0 0 0 0 0 0 0 0 0 0 0 0 0 0 0 0 0 0 -14 0 0 -45 0 -41 0 0 43 0 0 0 -3 -45 0 0 0 -35 0 0 0 -40 -35 0 39 0 0 -7 0 0 0 0 8 0 0 0 0 0 0 0 0 0 0 0 -30 -20 -13 0 0 0 0 0 0 39 0 43 0 0 33 0 0 0 0 0 
-2 0 -21 0 -37 0 0 0 0 0 0 0 0 0 -15 0 0 0 -49 0 3 0 0 0 50 0 0 0 0 0 0 0 0 10 0 0 0 0 0 0 -25 0 0 35 -23 0 -43 -39 0 0 0 0 0 0 0 0 0 0 0 0 0 0 0 0 0 46 0 0 0 -5 0 47 0 -18 0 0 0 0 0 0 0 0 0 40 -2 0 0 0 0 0 -2 0 -34 0 0 0 0 0 -3 0 0 -2 0 0 0 0 0 0 0 -11 4 0 0 0 0 -35 0 -37 0 0 0 -21 0 0 -1 
