125
2 34 43 -37 27 -27 -24 -8 20 -32 -7 -20 8 5 49 15 -36 -40 32 -48 -20 -11 13 13 31 24 -7 -21 -29 -5 -2 -1 29 -14 19 0 -6 43 -5 50 42 23 -49 31 -15 -10 -21 6 17 23 48 9 42 39 45 -26 42 1 31 44 -3 38 -8 13 0 -28 -10 25 41 -47 -17 -11 -21 38 -16 17 -49 34 16 11 30 -45 -24 -46 17 -37 24 14 -33 4 -27 7 -5 -16 37 -30 -14 12 20 23 17 -33 48 16 -9 -5 -21 -22 -7 25 37 38 21 -2 2 12 -34 -22 -30 31 -22 2 -26 -48 2 
-48 -7 12 1 1 -3 39 -48 49 -15 30 -23 30 3 43 0 49 49 23 -21 0 -35 0 20 -21 -50 -36 -22 10 45 -7 13 0 49 0 -16 -32 14 -34 23 -39 -23 19 0 -3 -29 -50 -3 -8 37 0 -3 19 0 18 -50 0 34 -28 7 3 39 -42 -13 0 -19 -42 0 -11 23 0 -24 -24 -15 0 22 18 29 34 10 0 1 -32 -27 -40 31 -16 -11 49 0 -43 0 4 -39 0 -49 -11 0 -47 45 6 -13 29 48 48 -29 0 0 0 29 -49 -28 21 -2 19 -35 0 -40 -23 0 17 35 16 -39 9 
-7 -17 -24 29 -7 14 7 -44 0 48 -28 13 -27 -34 42 23 29 0 -25 -29 0 -12 13 -45 -26 -42 0 33 0 -13 22 -48 42 10 34 0 -24 -9 0 -10 -50 31 0 -20 -31 37 -46 -39 34 -42 -37 39 0 -29 39 -47 0 -10 -24 -42 -23 0 0 -46 29 -47 29 0 -8 3 -8 -12 27 2 -16 -49 -50 12 35 -30 45 2 13 0 15 0 0 -42 28 27 -40 0 41 -26 43 0 -19 29 -49 -16 37 43 -38 -15 -27 10 -37 -32 50 0 -2 0 0 8 37 -46 32 -50 10 0 33 -2 -36 50 25 
12 -24 3 0 -38 1 -6 0 -24 -19 0 -32 -42 21 0 0 0 0 0 -39 -31 7 -7 -14 0 49 12 0 0 41 9 17 42 18 22 -46 -25 48 -4 -48 0 0 -37 -16 -11 16 -8 -40 0 0 20 -7 -37 43 -26 -36 50 0 8 -11 31 8 -2 0 -4 41 0 -10 12 28 32 -41 29 19 -12 -47 40 -36 3 3 0 -3 33 -50 0 -5 -4 20 49 -46 0 -45 43 32 2 -10 0 0 0 -44 0 -42 47 38 41 2 35 -9 -41 -50 37 46 -44 -26 -15 -33 0 -27 0 0 18 -26 -48 -23 -49 
1 29 0 35 -28 30 0 0 34 24 -16 -22 -14 0 -28 -40 34 24 0 15 -19 41 44 -24 -50 0 28 0 -43 0 0 -44 -4 0 0 44 0 42 50 -26 -20 -30 34 -48 0 46 44 0 -48 25 0 -37 0 37 44 0 7 -43 -34 0 -23 -11 0 43 0 17 4 -39 0 -44 0 23 -15 24 0 0 0 0 0 3 0 49 0 -49 -21 0 32 -9 0 46 16 39 33 0 -6 -3 -43 0 33 41 -26 -43 9 -48 25 1 -47 -15 -44 0 0 -36 -10 -17 -50 37 0 32 42 0 0 29 -5 -43 0 
1 -7 -38 -28 -28 -34 46 0 -12 -29 42 -22 -45 0 -8 -28 -38 0 47 38 32 34 36 -21 20 0 -18 -16 0 -13 0 -14 40 0 -5 0 -40 0 0 20 0 -13 -26 -32 0 -19 36 0 10 0 19 -32 -41 -26 -49 17 0 24 2 29 -15 30 -34 -26 2 -11 28 19 10 -34 -33 6 -13 11 -7 -6 33 -49 19 -33 16 -20 -42 0 0 0 -40 -9 -19 0 0 -46 50 4 0 47 0 0 0 0 0 -8 -50 -14 -23 -6 -26 45 -35 -41 0 9 29 -30 0 37 0 26 -9 4 15 -19 33 -25 39 
-3 14 1 30 -34 47 -42 27 30 15 4 5 -46 46 38 0 -21 0 0 11 -28 42 38 0 0 -4 -39 49 30 0 -43 -46 -10 7 28 0 -5 42 0 -10 0 -27 0 0 26 0 0 39 -44 29 -31 0 -16 42 -12 0 0 3 34 0 -27 0 0 0 -22 0 0 24 46 32 -3 -24 49 -45 19 21 17 49 0 0 23 34 -44 -2 -34 -42 25 7 28 -19 46 0 -25 25 -6 42 0 -36 47 50 0 0 24 -5 0 9 1 0 15 36 48 33 31 0 0 0 0 -30 0 -44 30 -24 0 3 0 
39 7 -6 0 46 -42 35 -21 8 -33 33 0 17 -2 35 22 -42 0 -16 -18 47 46 43 0 0 -16 3 21 41 0 39 -22 42 32 8 0 48 22 0 0 -43 0 -22 0 -13 -12 -41 0 -18 28 0 19 -8 33 -46 0 15 -27 -6 0 0 -5 -9 23 49 35 9 0 -24 13 -9 -36 24 -9 -34 0 0 31 -44 -38 9 40 -46 5 9 0 -35 0 12 0 -47 3 5 -21 30 -47 -27 -31 -30 43 24 -27 -1 7 0 -10 0 38 -45 0 27 2 -50 6 -25 39 -10 -43 22 1 43 -2 -5 29 -35 
-48 -44 0 0 0 27 -21 -14 16 0 -33 0 38 36 0 0 -7 -43 0 0 -34 -48 0 0 -30 0 0 -26 -19 21 0 -50 0 0 -2 40 -32 25 6 27 0 0 24 22 43 0 -47 0 -42 0 0 -10 -22 30 18 0 0 0 0 0 0 27 0 -28 -20 0 0 25 -7 37 -12 20 -36 -42 -10 -15 0 14 42 33 46 0 -35 29 0 18 0 0 33 0 -3 -24 -47 -34 34 0 33 -45 8 -21 -35 0 -32 0 0 41 31 -38 -20 16 -11 6 0 0 16 21 29 0 0 -27 1 0 0 -4 0 
49 0 -24 34 -12 30 8 16 0 0 -1 -27 12 35 0 -27 -42 -15 3 0 -36 37 -44 28 -4 0 -21 -21 0 0 24 -49 17 8 13 38 0 26 -30 -45 40 -46 48 37 29 -39 0 19 29 -37 0 17 0 44 0 45 -49 48 5 46 11 -40 -12 -19 -35 -22 0 12 0 -11 41 48 -25 35 0 -47 13 0 44 -34 45 -37 -11 29 11 45 0 -32 48 0 -2 36 0 46 0 13 -23 0 -3 -3 28 -12 15 -24 0 0 0 -6 18 -1 0 19 8 -6 -35 14 -46 0 28 -42 -4 -27 0 -23 34 
-15 48 -19 24 -29 15 -33 0 0 37 20 -34 12 22 0 -9 -40 40 -25 0 31 47 9 25 -7 0 -27 32 -29 15 -23 41 11 -23 -30 -45 47 38 35 0 -48 0 -44 44 0 45 22 36 -46 3 -8 -38 -2 0 14 -12 19 0 -37 0 0 5 3 0 0 4 -4 45 0 -45 -41 -11 0 0 -16 27 -40 0 -15 27 -4 -27 0 -1 17 0 0 0 -16 40 45 0 -38 -26 0 39 -4 0 -46 50 24 -4 46 -40 0 0 -22 0 15 -34 0 -22 -34 50 12 14 20 0 13 8 13 5 0 32 0 
30 -28 0 -16 42 4 33 -33 -1 20 -32 0 0 -48 -15 0 22 0 0 0 10 24 -7 35 -42 8 0 0 -9 10 -22 14 0 -31 0 0 -43 36 0 -16 29 -45 -10 -40 -13 0 -18 0 -25 0 0 7 41 3 20 14 25 50 -23 29 0 31 0 -23 0 -39 44 0 -4 -13 -12 22 -34 -36 -18 -46 39 0 27 12 19 -13 -13 40 -22 13 -30 0 -24 0 0 49 -33 26 12 1 0 6 36 -40 -22 -4 19 38 18 22 0 0 -3 -46 37 0 0 0 -38 17 -32 -25 33 18 30 11 30 -45 0 
-23 13 -32 -22 -22 5 0 0 -27 -34 0 24 -30 0 37 -11 0 -4 -14 -1 -24 45 0 32 0 -12 0 -33 42 -38 -30 43 0 0 48 -6 48 0 0 0 0 -35 -11 -9 0 37 -28 0 -13 -48 0 28 -5 0 17 -11 -11 0 31 -43 23 -28 5 0 24 43 26 17 0 -27 -41 -21 0 0 -15 0 -35 -23 -23 13 45 -9 -29 -26 0 0 0 -41 -36 0 0 -23 0 -5 -18 0 46 15 6 8 -37 -21 0 3 -31 -37 26 0 0 15 0 -46 10 34 40 0 17 15 50 -14 0 -19 0 0 -33 
30 -27 -42 -14 -45 -46 17 38 12 12 0 -30 -6 16 0 0 0 -24 -25 0 -21 4 44 35 -3 -31 -5 -8 46 -5 -5 -30 7 0 -28 -22 -2 -39 -42 45 0 0 50 2 -15 -10 -15 -26 0 0 -47 23 0 -32 7 -16 24 36 14 -47 -18 18 -11 1 50 41 -10 -32 35 0 -25 -38 0 0 13 -25 44 -11 31 0 47 -31 -15 -14 0 17 -7 18 11 -25 -25 -20 0 38 26 0 10 11 0 47 0 0 -35 47 48 0 0 -13 21 37 -24 0 33 4 27 2 47 47 25 0 -41 24 0 11 -43 
3 -34 21 0 0 46 -2 36 35 22 -48 0 16 -30 7 -32 -2 -6 -33 -26 0 0 -32 -36 44 -37 9 11 -3 20 -49 0 0 -36 -18 -1 0 0 -35 -31 32 25 35 0 -6 -37 21 0 0 19 2 -44 -48 33 20 -2 -22 36 29 -1 0 -29 -9 28 15 -18 44 0 23 18 -23 29 10 -44 -8 0 -14 -5 39 0 0 -49 0 -33 46 0 4 -17 7 -15 -18 0 34 0 41 19 0 -14 0 32 -18 -31 0 -35 46 -2 -31 1 50 0 -38 -30 -35 -21 40 0 -49 -42 0 0 -29 0 -24 -36 9 
43 42 0 -28 -8 38 35 0 0 0 -15 37 0 7 0 0 6 40 -30 18 -41 3 0 21 -32 -17 -27 -41 0 0 -47 -37 -25 -34 0 0 30 0 -22 49 5 -43 8 -38 0 2 -27 -39 -45 43 26 0 11 17 39 -47 -10 -3 -13 0 21 41 -14 0 -25 -2 42 0 -45 -7 -1 16 -38 0 28 -16 -22 44 -5 40 0 0 0 -36 0 38 16 47 5 39 35 0 38 1 12 11 0 -32 0 17 -42 43 0 28 38 -20 -8 -44 -36 0 -41 -29 13 -30 13 17 0 17 18 -3 33 0 -6 15 -29 
0 23 0 -40 -28 0 22 0 -27 -9 0 -11 0 -32 0 -24 1 -13 -41 -20 -28 5 0 -27 0 -12 18 -30 0 -42 -42 -20 13 -32 7 41 -19 14 -35 23 22 11 4 35 2 13 -6 -25 -1 12 -14 3 0 38 -13 0 40 -9 49 -3 -32 -38 1 -28 -19 -12 9 49 -30 -44 0 0 0 -42 39 23 47 11 -41 0 0 -32 -43 -38 2 27 -2 -15 -44 -18 41 -37 -13 0 5 50 0 0 10 2 0 0 22 -11 -6 0 -13 47 0 0 -4 37 -39 -50 -35 42 -49 0 0 11 44 0 0 23 17 
49 29 0 34 -38 -21 -42 -7 -42 -40 22 0 0 -2 6 1 34 -31 -43 0 4 -13 27 20 -22 40 5 -34 -3 -28 42 0 -12 12 -33 0 48 -45 -13 1 -40 34 0 3 -40 14 1 31 0 0 45 -43 45 40 10 37 -46 -18 -20 0 0 -30 11 17 5 -3 -43 -16 22 0 0 24 0 37 30 19 20 -1 41 0 47 41 5 40 -4 48 -3 49 -9 21 11 46 -5 -9 -34 0 14 0 -44 -39 0 44 -17 8 0 -22 -13 0 0 0 29 0 0 21 0 0 1 25 0 -24 0 -24 -35 -33 0 
49 0 0 24 0 0 0 -43 -15 40 0 -4 -24 -6 40 -13 -31 0 0 29 -20 6 -32 -44 -6 -18 30 -1 0 9 0 15 13 19 -21 -8 -22 0 48 0 -7 11 15 4 21 0 -31 6 0 0 17 0 -2 0 16 -1 -32 9 0 14 19 0 2 0 -33 -6 0 0 14 -32 0 16 50 32 -41 0 -46 45 -34 -5 12 -28 0 0 -25 14 -12 0 -50 -4 3 0 -40 0 49 -1 6 -25 47 -18 -32 0 -5 -8 25 -7 16 46 0 -25 -20 0 39 -4 -19 0 13 -42 0 -19 -15 32 9 42 7 
23 -25 0 0 47 0 -16 0 3 -25 0 -14 -25 -33 -30 -41 -43 0 -4 13 29 5 16 0 -14 0 -3 0 -6 -9 -16 0 0 13 0 -25 0 -44 -21 -46 -14 25 0 -37 0 47 6 0 12 0 0 -45 50 43 26 -28 48 0 23 9 0 -36 0 -44 0 -27 0 -25 -40 -39 -13 -16 -44 29 0 19 -34 15 0 37 -9 0 0 -12 20 -28 -16 -14 -17 0 0 -12 11 34 42 -10 7 0 -30 -49 42 0 -26 0 35 0 0 0 -27 3 10 0 19 -18 -30 30 0 15 -27 14 0 0 0 8 -18 
-21 -29 -39 15 38 11 -18 0 0 0 0 -1 0 -26 18 -20 0 29 13 -41 0 -16 4 -26 13 50 -40 -27 0 40 15 0 0 8 46 48 -15 -9 0 0 0 32 4 12 50 -3 42 -46 0 -5 0 1 29 18 0 -50 0 38 6 -39 -1 48 -50 -26 12 -11 -33 0 -43 0 13 -3 0 26 14 19 -29 0 0 -1 44 0 0 47 -41 0 -24 34 49 45 37 8 48 29 8 -45 0 42 44 -30 35 -48 -9 0 0 46 -26 40 -47 22 2 -4 10 17 24 27 -49 21 -39 -10 18 -41 -22 1 -8 
0 0 -31 -19 32 -28 47 -34 -36 31 10 -24 -21 0 -41 -28 4 -20 29 0 31 -44 21 1 18 -39 0 0 -38 -25 -11 0 -24 10 4 29 18 0 0 0 38 -4 0 30 -5 16 -35 43 29 0 27 -37 0 41 -15 28 -10 -28 0 -30 18 -33 -6 32 29 45 12 26 0 -14 -47 8 20 -32 0 -17 -50 -21 14 -22 -48 22 6 13 9 5 21 30 0 0 31 26 -44 0 0 0 0 -27 -15 41 0 0 0 0 -38 -6 0 -48 0 0 0 3 14 45 -37 -40 10 -21 16 -46 -22 -23 43 -33 -11 
-35 -12 7 41 34 42 46 -48 37 47 24 45 4 0 3 5 -13 6 5 -16 -44 -7 0 0 -18 25 -3 33 0 0 -32 -20 19 47 -20 0 0 0 0 0 -11 -50 0 -18 0 0 18 -15 -15 -44 8 0 -1 0 -41 -12 7 -25 0 32 0 0 11 -2 0 -17 0 47 -37 -30 0 4 -29 8 -38 -9 35 36 31 -16 -50 -23 10 21 23 -24 0 0 9 10 0 36 0 -32 0 43 11 -35 0 -15 41 0 0 -1 0 0 24 -7 -49 24 0 0 0 0 0 0 -7 0 -29 44 -37 20 0 7 -24 
0 13 -7 44 36 38 43 0 -44 9 -7 0 44 -32 0 0 27 -32 16 4 21 0 42 0 0 -29 -23 0 -14 -8 -5 -33 45 -43 0 36 38 27 -27 -34 0 0 -11 -17 0 -19 39 4 -20 16 -47 22 15 0 0 23 9 0 -23 25 0 0 -27 36 -50 -36 0 50 0 32 46 -17 0 -45 28 -12 44 -6 -20 -48 17 29 5 -11 -7 5 32 0 -17 -19 -4 24 3 20 4 -8 14 7 0 0 0 -15 28 12 -13 24 0 4 0 39 -48 0 0 -36 -40 13 22 -50 -6 0 5 36 26 0 10 
20 -45 -14 -24 -21 0 0 0 28 25 35 32 35 -36 21 -27 20 -44 0 -26 1 0 0 -40 27 3 3 24 0 -28 34 0 0 19 27 43 -35 -7 31 -29 23 0 0 -39 49 0 0 -1 0 0 -46 23 24 7 0 0 -11 1 47 0 33 10 30 0 -12 -10 -24 48 0 -4 1 0 -2 31 33 -10 -44 48 -42 -20 -39 0 0 -20 -20 0 50 0 0 -31 -15 0 0 -46 -24 28 -13 0 0 0 0 0 31 46 -22 -34 -46 -50 39 3 5 -35 11 -28 22 27 -43 0 0 0 43 -38 0 16 -36 
-21 -26 0 -50 20 0 0 -30 -4 -7 -42 0 -3 44 -32 0 -22 -6 -14 13 18 -18 0 27 15 0 -14 44 45 20 -35 -40 0 0 -30 -22 -45 -9 0 -19 0 -16 0 0 0 8 -12 15 47 -4 0 17 0 0 0 -38 8 46 -15 -48 8 0 -20 -3 14 12 0 33 -50 -20 -48 -20 -6 3 -43 12 43 -30 34 -29 5 0 -46 -4 13 13 27 0 0 -22 37 -44 -26 -15 -8 2 0 -27 50 0 16 -42 29 -37 0 39 36 -22 14 0 0 49 0 0 14 0 30 0 35 -48 10 -3 25 0 0 
-50 -42 49 0 0 -4 -16 0 0 0 8 -12 -31 -37 -17 -12 40 -18 0 50 -39 25 -29 3 0 -39 41 0 -43 -6 0 0 3 0 0 0 0 26 19 8 -38 39 7 17 29 4 -16 7 -1 -29 0 -8 0 43 0 -34 0 -45 6 -3 -40 -29 25 0 0 0 20 0 -30 -45 -6 10 0 -35 0 0 11 0 23 34 -17 0 -39 0 15 13 -15 8 0 43 22 -9 30 16 0 2 -23 -33 -42 0 0 -25 -10 -33 -40 0 0 46 13 33 1 17 35 0 -8 -46 26 -38 -39 -41 -47 0 -2 -31 -12 
-36 0 12 28 -18 -39 3 0 -21 -27 0 0 -5 9 -27 18 5 30 -3 -40 0 -3 -23 3 -14 41 20 32 0 -33 -26 -33 -32 34 41 -28 -28 0 0 0 -24 39 29 0 -20 -15 0 0 -50 0 19 37 24 1 0 -11 -29 0 14 23 0 6 47 12 -5 -43 7 28 -10 8 -24 -3 -32 20 -35 0 11 21 -36 -20 0 -43 24 15 -44 -6 0 0 1 -3 17 -26 1 0 24 2 32 39 47 0 23 1 0 -43 44 -2 -36 -24 0 -32 -26 0 0 47 0 21 0 -40 -4 0 -12 -42 0 -27 3 
-22 33 0 0 -16 49 21 -26 -21 32 0 -33 -8 11 -41 -30 -34 -1 0 -27 0 33 0 24 44 0 32 10 -32 0 -16 -10 -32 -41 0 18 26 0 8 -35 11 -17 -17 -32 -2 -10 43 -21 -44 38 11 -13 0 0 -33 -40 -15 1 -2 -14 0 39 3 0 13 -15 0 -6 -42 0 4 -7 8 0 4 0 -5 0 29 43 23 0 -6 -50 -33 12 12 0 37 3 0 -36 41 -32 26 0 11 0 0 46 -24 0 17 -41 7 14 -15 0 47 0 -38 -10 -42 -22 -4 -21 -44 0 0 0 -42 -7 8 0 33 
10 0 0 -43 0 30 41 -19 0 -29 -9 42 46 -3 0 0 -3 0 -6 0 -38 0 -14 0 45 -43 0 -32 0 0 -22 13 -45 29 21 -35 -35 -44 43 -31 37 -14 22 30 27 0 -29 -42 33 13 -45 0 -12 -20 0 0 -29 0 17 0 -29 -17 20 0 0 12 -2 21 26 0 0 -42 0 -18 -35 0 0 19 0 0 -41 22 26 33 0 -28 0 -10 34 46 27 4 -11 0 0 0 -24 0 -40 0 -31 0 -4 0 -31 0 0 -13 -32 -6 21 -13 0 -16 0 -27 31 20 -4 3 41 46 2 42 10 
45 -13 41 0 -13 0 0 21 0 15 10 -38 -5 20 0 -42 -28 9 -9 40 -25 0 -8 -28 20 -6 -33 0 0 -36 -3 -23 -31 -37 14 2 -42 0 -37 0 31 16 -31 34 47 -23 17 -17 35 0 0 -8 25 0 25 17 0 43 -27 3 -25 0 -31 -1 0 36 0 -25 31 -1 19 -22 18 -17 39 23 0 -31 -7 -34 34 12 0 21 -29 35 11 46 -22 -24 -24 0 31 0 -17 27 0 -10 0 40 0 8 24 -36 -28 -11 -40 -14 -9 -30 -12 0 -6 5 -39 -38 0 -43 -19 40 2 8 48 0 14 
-7 22 9 0 0 -43 39 0 24 -23 -22 -30 -5 -49 -47 -42 42 0 -16 15 -11 -32 -5 34 -35 0 -26 -16 -22 -3 -44 0 4 26 -28 42 0 -37 -22 14 0 -7 0 0 21 -15 14 25 -15 0 0 24 0 0 41 -33 33 30 0 44 -20 43 22 0 -42 0 30 0 -1 0 35 -49 0 43 23 -8 -14 0 -34 0 8 0 0 44 0 0 -23 0 47 0 -19 0 0 -10 28 36 -21 0 46 38 5 -33 -8 -50 -48 26 -7 19 0 0 0 24 0 -31 -13 0 0 -42 0 -25 -17 29 -19 43 0 
13 -48 17 -44 -14 -46 -22 -50 -49 41 14 43 -30 0 -37 -20 0 15 0 0 0 -20 -33 0 -40 0 -33 -10 13 -23 0 -16 15 17 -1 12 -10 9 -20 -32 32 -9 33 40 34 0 0 45 0 0 6 -29 41 -46 13 43 -26 -5 9 -49 -37 33 0 0 -44 20 41 16 40 -3 -19 30 -13 3 27 -47 -36 45 -30 -11 0 50 0 0 8 -32 -11 -16 0 -32 0 -13 0 0 46 44 50 -21 0 0 -50 3 31 0 -21 0 13 -20 -6 40 -14 -16 50 0 -39 32 -5 -13 0 -41 0 -20 17 0 10 
0 42 42 -4 40 -10 42 0 17 11 0 0 7 0 -25 13 -12 13 0 0 -24 19 45 0 0 3 -32 -32 -45 -31 4 15 0 -43 0 20 0 21 -5 10 0 32 14 -12 -47 47 -45 -36 27 16 -40 14 6 -5 -6 41 -39 -49 -3 15 -32 0 39 32 -21 0 15 43 14 9 -15 13 22 14 14 -3 39 16 0 43 11 -45 6 -37 -12 0 0 -37 0 26 1 -30 -29 -5 -7 29 -33 -8 15 -48 -19 -26 -11 -18 -23 11 29 -13 -32 0 -43 41 29 24 -47 0 -40 0 -14 -10 26 30 2 34 -8 
49 10 18 0 0 7 32 0 8 -23 -31 0 0 -36 -34 -32 12 19 13 8 10 47 -43 19 0 0 34 -41 29 -37 26 17 -43 -1 0 -43 0 -49 2 17 -17 0 -37 0 18 -3 -19 40 -5 24 37 24 7 9 38 10 -48 35 21 28 -34 40 37 33 32 -38 -45 -2 0 44 43 -39 19 -49 0 0 -27 34 -21 5 0 34 32 -7 -1 0 -2 -41 -46 0 35 -5 -48 -31 0 0 18 0 18 34 14 6 -49 -12 -44 -6 -42 44 37 0 -36 0 1 0 -46 0 -50 -31 36 -47 16 0 0 0 -36 
0 34 22 0 -5 28 8 -2 13 -30 0 48 -28 -18 0 7 -33 -21 0 46 4 -20 0 27 -30 0 41 0 21 14 -28 -1 0 0 -23 0 0 0 0 -28 -20 8 27 -41 0 7 -6 0 14 -28 -1 46 0 -1 -3 -8 -25 -20 0 32 -41 -19 -2 -14 15 0 -24 42 20 32 0 -42 -44 -50 -4 26 40 42 9 21 37 -19 38 0 -16 -48 40 49 0 8 1 30 31 23 -48 -47 0 0 41 -25 33 0 10 -50 0 16 0 0 -21 -40 0 0 46 0 20 -50 0 -8 35 30 -4 -14 -23 3 4 
-16 0 -46 44 0 0 0 40 38 -45 0 -6 -22 -1 0 41 0 -8 -25 48 29 0 36 43 -22 0 -28 18 -35 2 42 12 20 -43 0 -1 0 -16 28 22 -10 -7 0 -17 8 4 -41 47 0 -45 18 0 6 -38 38 -22 11 0 14 -24 -9 14 0 3 -23 23 14 -21 4 46 43 0 -38 14 -10 -33 49 0 48 -28 32 -50 0 6 0 -14 0 -21 0 22 30 0 0 20 14 46 -33 0 0 0 0 -44 21 0 -20 20 0 0 0 -42 -41 44 0 33 -35 0 48 47 -9 22 -37 50 0 5 42 
-32 -24 -25 0 -40 -5 48 -32 0 47 -43 48 -2 0 30 -19 48 -22 0 -15 18 0 38 -35 -45 0 -28 26 -35 -42 0 -10 0 0 0 0 0 39 23 40 -39 23 2 25 33 -25 -38 20 50 23 -10 49 0 42 47 20 -10 0 -2 15 48 21 14 25 0 49 -26 0 37 15 -10 32 -17 0 26 -14 36 0 -42 0 -41 0 0 0 0 -3 32 0 -25 -37 4 -34 -20 0 -49 7 48 -27 11 44 0 42 -41 -6 -48 -42 0 45 3 33 36 33 22 -35 0 21 17 8 -44 -43 29 0 15 45 0 
14 -9 48 42 0 42 22 25 26 38 36 0 -39 0 0 14 -45 0 -44 -9 0 0 27 -7 -9 26 0 0 -44 0 -37 9 21 -49 0 -16 39 0 0 47 -36 18 41 -48 -33 4 10 0 -36 -12 -28 0 15 25 0 -17 -6 48 -26 4 12 29 -6 16 0 5 14 1 30 0 0 -29 44 2 0 -22 36 -17 -7 0 -29 -49 3 39 -31 41 3 5 12 29 43 0 0 34 14 0 28 33 -20 -48 0 8 -42 -33 -49 -50 -12 -38 0 -39 -23 0 -1 37 46 -5 14 13 0 0 45 12 -26 12 12 
-34 0 -4 50 0 0 0 6 -30 35 0 0 -42 -35 -22 -35 -13 48 -21 0 0 0 -27 31 0 19 0 8 43 -37 -22 -20 -5 2 0 28 23 0 0 49 -40 9 18 0 -3 47 -21 0 -32 -8 0 -3 36 47 -13 -49 -18 -14 -10 0 -26 -10 0 46 43 46 -15 0 -49 -12 3 28 -50 2 15 -29 -30 -39 -8 11 0 -21 31 0 0 22 0 8 32 27 -20 -49 30 0 36 0 26 23 47 22 -13 -33 -38 -29 -7 0 21 26 -39 0 0 -40 49 0 0 43 0 2 6 0 0 -45 45 37 33 
23 -10 -48 -26 20 -10 0 27 -45 0 -16 0 45 -31 49 23 1 0 -46 0 0 0 -34 -29 -19 8 0 -35 -31 0 14 -32 10 17 -28 22 40 47 49 -31 4 -10 -32 0 45 0 -24 -29 0 0 22 22 11 6 49 -45 40 20 22 -24 -50 48 38 8 0 0 28 44 -40 33 18 0 0 48 11 0 -1 0 46 -47 -38 0 42 -12 -12 -21 -50 40 0 -12 -19 42 41 -32 40 5 50 11 6 0 -3 -25 0 17 -48 -41 -36 -12 0 46 0 50 0 -2 -5 0 -41 0 0 33 40 0 34 13 0 
-39 -50 0 -20 0 0 -43 0 40 -48 29 0 0 32 5 22 -40 -7 -14 0 38 -11 0 23 0 -38 -24 11 37 31 0 32 0 -17 -20 -10 -39 -36 -40 4 -25 0 36 31 -34 -22 -6 0 39 24 0 -50 -13 0 31 39 19 0 0 0 0 -1 0 48 -49 -4 14 20 -15 49 -1 20 0 0 -9 50 0 0 -25 31 44 -28 37 -39 -5 21 0 0 0 -42 14 0 0 42 44 -3 0 0 0 -22 -47 -49 -41 -44 0 -21 0 35 0 -35 0 6 0 47 -50 -12 -34 21 -8 38 -6 0 21 0 23 
-23 31 0 -30 -13 -27 0 0 -46 0 -45 -35 0 25 -43 11 34 11 25 32 -4 -50 0 0 -16 39 39 -17 -14 16 -7 -9 32 0 8 -7 23 18 9 -10 0 0 46 -2 21 19 35 0 2 44 45 -7 3 0 36 49 6 -41 12 -6 0 38 -7 -10 15 45 9 -37 0 46 0 0 31 7 -36 32 -16 27 -21 -44 -19 42 -26 -27 0 -19 0 -27 -49 -41 15 -35 33 9 50 -27 0 -5 -16 6 -35 34 47 0 0 -13 -9 36 0 32 0 38 -46 -5 19 -47 -15 0 0 0 45 -17 -23 -31 0 
19 0 -37 34 -26 0 -22 24 48 -44 -10 -11 50 35 8 4 0 15 0 4 0 0 -11 0 0 7 29 -17 22 -31 0 33 14 -37 27 0 2 41 18 -32 36 46 39 0 -40 -43 39 -40 27 46 6 46 8 -27 0 0 0 33 -36 0 0 -39 0 17 -38 30 3 -34 18 27 42 0 -32 -26 -41 39 -12 0 -13 41 0 0 -49 3 40 -40 0 0 3 0 39 0 0 0 0 -44 0 27 0 -40 -17 -50 0 -28 15 0 -26 -8 35 -26 44 -23 19 3 12 0 27 1 -13 43 0 35 -11 33 -1 
0 -20 -16 -48 -32 0 0 22 37 44 -40 -9 2 0 -38 35 3 4 -37 12 30 -18 -17 -39 0 17 0 -32 30 34 0 40 -12 0 -41 -17 25 -48 0 0 31 -2 0 -8 -25 5 -9 0 0 -50 -37 -23 11 41 -30 15 41 0 -21 -49 38 30 15 -48 18 22 24 0 -38 30 0 0 -42 0 2 15 -45 28 0 -44 40 0 0 43 -46 0 -42 0 -39 50 16 14 -45 -26 -3 -13 -5 24 22 -7 27 24 -11 13 -20 0 10 -24 34 0 1 30 37 -10 -7 0 27 0 8 0 0 24 -1 -25 7 
-3 -31 -11 0 0 26 -13 43 29 0 -13 0 -15 -6 0 2 -40 21 0 50 -5 0 0 49 0 29 -20 -2 27 47 21 34 -47 18 0 8 33 -33 -3 45 -34 21 -40 -25 14 -39 0 0 -8 -33 0 0 -24 -20 44 -37 -21 0 0 -22 29 0 0 47 -23 6 46 34 -3 30 40 3 -38 15 0 0 0 0 -8 0 -25 -3 0 3 0 -48 -15 -13 29 -26 -14 -17 -37 -5 19 0 -44 0 25 -6 -43 22 18 0 11 -28 -36 -34 0 27 28 18 0 -5 48 0 -43 0 43 -33 -2 45 -1 34 -3 
-29 37 16 46 -19 0 -12 0 -39 45 0 37 -10 -37 2 13 14 0 47 -3 16 0 -19 0 8 4 -15 -10 0 -23 -15 0 47 -3 7 4 -25 4 47 0 -22 19 -43 5 -39 0 17 -50 -46 -48 -41 -43 24 0 -50 -47 0 -9 4 -39 -47 40 29 -32 0 30 22 48 -14 -3 -29 35 44 0 32 -13 44 48 15 -5 -46 13 -32 -39 0 0 28 0 0 0 -22 0 9 -38 36 0 -41 -44 0 0 -13 0 0 -40 -45 -20 0 33 36 -27 -23 -14 0 0 0 -12 0 -41 0 0 4 -36 0 -9 0 
-50 -46 -8 44 36 0 -41 -47 0 22 -18 -28 -15 21 -27 -6 1 -31 6 42 -35 18 39 0 -12 -16 0 43 -29 17 14 0 -45 -19 -6 -41 -38 10 -21 -24 -6 35 39 -9 0 17 0 45 4 46 -41 15 -37 0 -11 0 -15 32 0 0 -39 0 0 0 36 -40 13 0 0 38 0 -36 0 -27 41 0 -46 -16 -32 0 44 4 -48 17 0 0 22 0 17 0 -45 -21 0 0 10 0 0 0 0 19 -39 22 -29 0 -32 23 -33 27 0 -35 22 -50 0 32 0 -49 0 43 48 -41 0 -50 -19 0 -46 
-3 -39 -40 0 0 39 0 0 19 36 0 0 -26 0 -39 -25 31 6 0 -46 43 -15 4 -1 15 7 0 -21 -42 -17 25 45 -36 40 0 47 20 0 0 -29 0 0 -40 0 0 -50 45 -24 -24 9 -11 15 37 -36 45 -6 -28 25 30 -19 0 50 -30 -46 8 -24 -22 -40 -18 45 34 16 -10 34 -42 0 -45 0 -25 -36 -18 0 -32 48 35 0 31 -16 -41 21 -13 -18 2 0 -39 0 0 0 -18 -4 0 39 -50 -49 35 -12 32 -14 -28 -6 0 -5 48 11 0 28 0 -12 31 49 -23 0 -14 27 11 
-8 34 0 -48 10 -44 -18 -42 29 -46 -25 -13 0 0 -45 -1 0 0 12 0 29 -15 -20 0 47 -1 -50 -44 33 35 -15 0 27 -5 14 0 50 -36 -32 0 39 2 27 0 -8 -46 4 -24 26 22 -26 0 6 0 -40 0 4 39 47 -18 35 33 0 -20 0 0 -9 0 31 -43 -21 -11 -14 -12 0 -9 13 32 -2 11 -28 0 -40 -23 13 -24 -34 0 -3 -41 45 0 -6 -19 0 -4 0 34 -6 19 -34 -48 -45 -41 0 -39 3 31 0 0 19 38 -31 0 -16 0 16 -1 -5 27 -35 40 12 0 -48 
37 -42 0 25 0 29 28 0 -37 3 0 -48 0 19 43 12 0 0 0 -5 0 -44 16 0 -4 -29 0 38 13 0 0 0 16 24 -28 -45 23 -12 -8 0 24 44 46 -50 -33 -48 46 9 22 22 45 40 34 38 2 28 -11 6 0 21 -23 -44 0 33 0 -5 0 20 45 21 -34 -2 -1 0 0 16 28 4 44 36 -18 0 17 0 -46 -32 33 22 -31 -16 -8 35 -44 1 23 -41 43 -38 0 -15 48 -6 -20 -47 7 -13 41 0 20 0 -1 -31 0 44 43 -5 0 -35 0 0 30 -44 39 -19 -19 
0 -37 20 0 19 -31 0 0 0 -8 0 0 -47 2 26 -14 45 17 0 0 27 8 -47 -46 0 0 19 11 -45 0 0 6 -40 37 -1 18 -10 -28 0 22 0 45 6 -37 0 -41 -41 -11 -26 45 0 0 -8 7 48 6 50 1 0 -40 39 18 0 0 45 -5 -29 0 -18 46 0 -19 -37 0 30 0 28 27 0 50 -41 -15 33 46 49 -43 -41 0 0 32 -37 0 0 -14 0 19 0 0 -34 2 -5 -26 0 30 0 -45 6 0 26 31 0 0 -49 0 -38 -21 9 -21 -45 -25 24 47 2 -49 0 
-3 39 -7 -37 -32 0 19 -10 17 -38 7 28 23 -44 0 3 -43 0 -45 1 -37 0 22 23 17 -8 37 -13 0 -8 24 -29 14 24 46 0 49 0 -3 22 -50 -7 46 -23 0 -43 15 15 0 40 0 0 -20 17 -24 0 0 -30 -46 39 -34 30 -35 -9 -37 50 -21 45 -42 0 39 17 -48 49 0 33 -15 9 28 42 -5 0 -26 21 0 -34 6 7 -29 0 -12 0 -41 -35 -28 -6 6 -40 0 23 0 -4 33 22 37 6 46 38 0 0 11 18 0 -2 19 -18 -42 9 0 29 0 0 0 -31 0 
19 0 -37 0 -41 -16 -8 -22 0 -2 41 -5 0 -48 11 0 45 -2 50 29 0 -1 15 24 0 0 24 0 -12 25 0 41 6 7 0 6 0 15 36 11 -13 3 8 11 -24 24 -37 37 6 34 -8 -20 0 0 32 0 0 29 -7 -27 28 -28 23 -18 -17 0 -41 -27 22 -14 50 -28 -25 42 -1 0 -46 -35 -4 26 0 18 0 44 0 28 0 -44 48 31 24 20 -23 -50 48 1 -43 -48 0 3 23 25 13 -8 16 35 -4 0 0 33 0 -18 0 -18 11 3 -4 19 0 0 -27 46 43 0 0 
0 -29 43 37 -26 42 33 30 44 0 3 0 -32 33 17 38 40 0 43 18 41 0 0 7 0 43 1 0 -20 0 0 -46 -5 9 -1 -38 42 25 47 6 0 0 -27 41 -20 0 0 -36 0 38 7 17 0 -49 -8 -30 20 19 20 -18 25 0 12 -6 11 -9 37 7 0 -41 0 -15 -5 0 0 -32 47 44 4 0 -18 -12 -38 45 0 -4 0 21 0 6 -11 33 0 -34 38 -42 -38 -29 -10 -29 -5 46 6 -10 4 -49 30 -18 0 -10 0 0 -27 -7 37 0 -42 31 -38 0 0 -11 0 0 0 
18 39 -26 44 -49 -12 -46 18 0 14 20 17 7 20 39 -13 10 16 26 0 -15 -41 0 0 0 0 0 -33 0 25 41 13 -6 38 -3 38 47 0 -13 49 31 36 0 -30 44 -50 -11 45 -40 2 48 -24 32 -8 0 49 -7 0 1 7 7 38 3 33 11 37 0 31 -19 48 20 -8 -36 50 46 -1 -13 -7 0 -5 -31 20 0 17 0 0 0 0 37 2 -29 -37 -1 36 0 4 -23 2 43 -38 0 -19 -21 -3 -39 0 33 0 0 0 6 0 47 0 -39 -1 -35 -8 17 0 -39 0 -32 0 30 
-50 -47 -36 0 17 0 0 0 45 -12 14 -11 -16 -2 -47 0 37 -1 -28 -50 28 -12 23 0 -38 -34 -11 -40 0 17 -33 43 41 10 -8 -22 20 -17 -49 -45 39 49 0 15 -37 -47 0 -6 0 28 6 0 0 -30 49 0 -21 -11 0 0 -31 -27 50 42 -27 -19 -26 3 0 40 1 21 28 1 -28 -6 20 0 -21 32 0 20 -14 33 40 -14 -5 -25 16 -41 -44 -46 -50 -5 41 21 37 12 0 -49 -9 0 6 0 8 -50 26 0 -8 -8 0 20 20 -22 -5 -19 44 0 7 -40 9 -10 -46 37 0 
0 0 50 7 0 0 15 0 -49 19 25 -11 24 -22 -10 40 -46 -32 48 0 -10 7 9 -11 8 0 -29 -15 -29 0 33 -26 -39 -48 -25 11 -10 -6 -18 40 19 6 0 41 -21 0 -15 -28 4 -11 50 0 0 20 -7 -21 0 36 50 42 44 0 30 2 -46 32 -22 -1 16 -28 -11 0 13 15 28 3 -40 -44 8 23 0 22 -30 0 -39 0 0 -44 13 3 0 -33 -9 18 -16 0 0 -21 30 8 0 43 29 0 31 32 28 0 32 29 0 1 4 -22 30 0 -1 -37 47 -45 0 37 -14 -12 33 
34 -10 0 -43 24 3 -27 0 48 0 50 0 36 36 -3 -9 -18 9 0 38 -28 -25 0 1 46 -45 0 1 0 43 30 -5 -49 35 -20 0 0 48 -14 20 0 -41 33 0 0 -9 32 25 39 6 1 -30 29 19 0 -11 36 30 -31 -22 0 0 29 25 0 0 22 -28 14 34 0 14 -11 0 -37 36 -35 35 -42 0 0 -45 -15 -50 20 23 -2 0 -29 -7 -25 7 -22 -4 14 -6 -40 5 -7 0 0 36 -11 -30 0 8 -47 -9 2 0 -49 0 0 0 -13 0 -43 17 -4 13 39 0 0 -25 -11 
-28 -24 8 -34 2 34 -6 0 5 -37 -23 31 14 29 -13 49 -20 0 23 6 0 0 -23 47 -15 6 14 -2 17 -27 0 9 -3 21 0 14 -2 -26 -10 22 0 12 -36 -21 0 4 0 30 47 0 0 -46 -7 20 1 0 50 -31 -20 49 44 11 13 19 -22 0 0 -37 24 -27 29 37 0 -23 9 -31 10 0 0 -20 -15 0 0 32 49 0 0 42 -9 -7 -36 18 4 31 0 22 0 5 -24 0 -26 0 29 48 -50 12 6 -40 -14 7 -15 -22 -31 -21 24 -29 -29 -16 20 50 0 -17 -20 45 3 
7 -42 -11 0 29 0 0 0 46 0 29 -43 -47 -1 0 -3 0 14 9 -39 -30 32 25 0 -48 -3 23 -14 0 3 44 -49 15 28 32 -24 15 4 0 -24 0 -6 0 -49 -22 -39 0 -19 -18 21 -40 39 -27 -18 7 0 42 -22 49 -19 2 -21 0 28 40 -31 0 -15 0 -27 -28 0 -39 0 -47 6 -17 32 -21 29 -28 -22 0 14 22 42 0 -17 0 -8 5 0 0 0 45 -19 -24 45 -12 28 -44 33 0 0 16 38 12 15 -12 30 -30 15 0 -7 22 34 43 25 -20 17 -13 -25 -5 0 49 
3 -23 31 -23 -15 -27 0 0 11 0 0 23 -18 0 21 -32 0 19 0 -1 18 0 0 33 8 -40 0 0 -29 -25 -20 -37 -32 -34 -41 -9 48 12 -26 -50 0 0 0 38 29 -47 -39 0 35 -23 39 -34 28 25 7 -31 44 0 44 2 -50 6 0 0 24 0 -43 -29 28 0 19 0 35 32 22 0 -25 34 -47 30 32 -26 0 -15 -15 -14 31 0 0 -36 0 38 34 -43 37 -15 0 38 -22 -24 0 0 -8 41 0 -13 42 31 10 -21 24 34 -2 0 0 -30 0 -18 -19 14 -47 25 21 -26 0 
39 0 8 -11 30 0 -5 27 -40 5 31 -28 18 -29 41 -38 -30 0 -36 48 -33 0 0 10 0 -29 6 39 -17 0 43 33 0 40 -19 14 21 29 -10 48 -1 38 -39 30 0 40 0 50 33 -44 18 30 -28 0 38 -27 0 0 11 -21 6 -45 48 24 -7 0 0 0 -7 45 -29 -13 0 18 0 14 38 23 39 19 -28 42 44 7 0 -29 30 -31 40 17 -36 25 49 -34 18 29 -34 30 0 0 -41 -22 -31 0 35 42 26 40 6 -29 15 -50 -40 -29 0 -13 21 -11 -11 -41 0 -49 -49 0 16 
-42 0 -2 0 -34 0 -9 0 -12 3 0 5 -11 -9 -14 1 11 2 0 -50 -6 11 -27 30 -20 25 47 3 20 -31 22 0 39 37 -2 0 14 -6 0 38 0 -7 0 15 0 29 0 -30 0 0 0 -35 23 12 3 50 30 29 13 0 0 48 24 7 -45 -14 11 1 -34 0 -21 0 -33 -41 0 -26 28 0 -49 0 16 27 0 35 33 9 0 -2 -34 2 -6 -19 19 -8 40 -24 -29 48 -50 -50 16 34 0 -21 -32 50 20 -29 -25 44 37 -39 -31 -6 -29 47 36 -21 0 17 43 28 0 0 -28 
-13 -46 0 43 -26 0 23 -28 -19 0 -23 0 1 28 0 -28 17 0 -44 -26 32 -2 36 0 -3 0 12 0 0 -1 0 0 32 33 -14 3 25 16 46 8 48 -10 17 -48 47 -32 0 -46 -20 33 0 -9 -18 -6 33 42 2 25 19 28 0 24 7 0 17 -21 -2 24 19 20 0 49 -32 0 -14 9 41 0 -17 25 46 18 -17 -18 0 0 0 0 32 21 -21 0 14 37 3 47 4 -26 -25 42 -5 47 9 45 -41 46 8 38 17 0 2 13 0 -27 18 23 -27 -24 0 0 0 -37 -32 25 17 
0 29 -4 0 2 -22 49 -20 -35 0 0 24 50 15 -25 -19 5 -33 0 12 29 0 -50 -12 14 0 -5 13 0 0 -42 -44 -21 32 15 -23 0 0 43 0 -49 15 -38 18 -23 0 36 8 0 0 45 -37 -17 11 11 -27 -46 0 -22 40 24 -7 -45 17 -7 -18 -3 15 -40 -1 0 44 46 -24 3 41 49 0 0 40 -7 0 49 0 -23 -9 0 0 -46 47 34 26 2 -39 -23 -10 -5 -15 41 8 36 3 -12 3 35 -30 0 33 24 -30 -19 45 15 31 0 -22 -24 31 0 -40 0 -39 17 0 0 
-19 -47 41 17 -11 0 35 0 -22 4 -39 43 41 -18 -2 -12 -3 -6 -27 -11 45 -17 -36 -10 12 0 -43 -15 12 36 0 20 0 -38 0 23 49 5 46 0 -4 45 30 22 6 30 -40 -24 0 -5 -5 50 0 -9 37 -19 32 0 0 -31 0 0 -14 -21 -18 0 21 -2 0 3 -29 20 21 0 0 -32 -41 -2 -25 0 0 -49 0 -9 -48 -41 29 2 0 38 -13 0 10 0 34 48 49 0 0 -15 0 15 -1 -31 25 31 -33 -50 -49 2 22 22 0 -7 -18 31 -35 44 12 0 45 -42 -49 39 0 
-42 29 0 4 28 0 9 0 0 -4 44 26 -10 44 42 9 -43 0 0 -33 12 0 0 -24 0 20 7 0 -2 0 30 41 15 -45 -24 14 -26 14 -15 28 14 9 3 24 46 22 13 -22 -9 0 -29 -21 -41 37 0 -26 -22 22 0 0 -43 0 11 -2 -3 21 0 -41 -2 -7 0 -14 48 -14 0 0 45 -46 -47 0 -14 0 0 -16 33 0 -42 0 0 -41 46 0 11 -45 30 0 0 -35 -30 29 0 24 -40 -43 -31 -25 -36 -41 -42 0 0 20 11 29 -36 4 -2 0 -35 46 -18 -16 0 -7 -1 
0 0 -10 -39 19 24 0 25 12 45 0 17 -32 0 0 49 -16 0 -25 0 26 47 50 48 33 0 28 -6 21 -25 0 16 43 -2 42 -21 0 1 0 44 20 -37 -34 0 34 48 0 -40 0 20 0 45 -27 7 31 3 -1 -28 -37 -15 -29 0 1 24 15 -2 -41 43 0 39 33 -36 0 22 21 0 0 21 0 -22 28 3 39 -7 25 0 -32 0 0 0 36 0 37 -3 -42 43 0 12 -29 0 0 -29 0 -1 -10 -18 0 -17 47 12 -18 0 -15 -23 12 43 -38 -40 -14 0 0 28 -11 37 22 
-11 -8 12 0 10 46 -24 -7 0 0 -4 0 35 23 -45 -30 22 14 -40 -43 0 -37 0 0 -50 -30 -10 -42 26 31 -1 40 14 0 20 4 37 30 -49 -40 -15 0 18 -38 -3 -14 0 -18 31 45 -18 -42 22 0 -19 0 16 14 24 0 28 -7 -34 19 -40 0 -2 0 0 50 -25 -30 38 40 -12 22 -5 0 14 0 -30 20 26 -48 12 -9 -15 0 38 33 -18 0 -25 -3 11 0 0 24 2 0 -15 2 0 12 -3 40 -36 18 -5 -26 -23 0 40 -13 -5 -14 -32 -6 -36 0 0 38 -41 14 -20 
23 3 28 -44 -34 32 13 37 -11 -45 -13 -27 0 18 -7 -44 0 -32 -39 0 -14 -30 32 -4 -20 -45 8 0 0 -1 0 -3 9 44 32 46 15 0 -12 33 49 46 27 30 30 -3 38 45 -43 21 46 0 -14 -41 48 40 -28 34 -27 -27 0 45 0 20 -1 3 -7 39 50 3 -47 -6 15 33 42 -34 -29 48 0 -17 1 39 0 -35 -43 0 -43 0 -4 0 36 -44 -30 12 0 0 25 -21 -20 -21 29 -33 27 45 -4 -28 22 33 49 -50 -20 -2 1 -9 -47 38 38 -35 0 0 10 -23 37 49 47 
0 -8 32 0 -33 -3 -9 -12 41 -41 -12 -41 -25 -23 -1 0 0 0 -13 13 -47 0 46 1 -48 -6 -24 4 0 19 35 -19 -15 43 0 43 -10 0 3 18 -1 0 42 0 40 -29 0 34 -21 -34 0 39 50 0 20 1 -11 0 29 -28 19 -29 -21 0 0 -29 0 33 -25 -47 0 -4 0 19 -46 0 -34 -38 -26 -36 -2 41 -44 -17 35 0 40 39 45 -6 -16 0 33 0 31 9 -12 20 -18 0 0 16 2 0 0 0 0 35 30 0 -4 0 -47 7 -25 -43 21 -43 -40 -2 0 0 0 -30 39 
-24 -12 -41 23 6 -24 -36 20 48 -11 22 -21 -38 29 16 0 24 16 -16 -3 8 4 -17 0 -20 10 -3 -7 -42 -22 -49 30 13 -39 -42 0 32 -29 28 0 20 0 0 0 3 35 -36 16 -11 -2 -19 17 -28 -15 -8 21 0 14 37 0 0 -13 0 49 44 20 -14 -36 -30 -6 -4 38 37 0 -2 0 -41 23 0 -3 1 49 -22 -33 -41 31 0 0 35 14 -45 -29 -34 26 -17 18 0 -8 -23 -30 -38 29 30 13 5 39 -50 0 24 0 -18 12 -28 -15 0 0 -27 41 40 -9 0 -46 1 -23 0 
-24 27 29 -15 -13 49 24 -36 -25 0 -34 0 0 10 -38 0 0 50 -44 0 20 -29 0 -2 -6 0 -32 8 0 18 0 -13 22 19 -44 -38 -17 44 -50 0 0 31 -32 -42 -38 44 0 -10 -14 -1 -37 -48 -25 -5 -36 28 13 -11 0 -39 35 0 -33 -32 46 21 48 0 38 15 0 37 7 -5 0 0 -26 -24 17 0 0 -40 -20 0 -42 14 -30 5 0 21 0 -8 -50 0 42 -36 23 6 -37 10 0 -27 44 46 -26 0 -32 0 0 -13 42 36 37 0 0 -40 37 15 0 0 -28 45 0 27 0 
-15 2 19 24 11 -45 -9 -42 35 0 -36 0 0 -44 0 -42 37 32 29 26 -32 8 -45 31 3 -35 20 0 -18 -17 43 3 14 -49 -50 14 0 2 2 48 0 7 -26 0 15 0 -27 34 -12 0 0 49 42 0 50 1 15 0 -23 0 32 18 -41 0 -24 0 -14 22 40 33 19 0 -5 0 -41 33 -46 6 -21 1 38 33 38 26 0 28 18 -33 50 46 -25 -47 16 -16 -37 0 0 0 0 42 23 -15 43 0 -42 -21 0 33 -25 -42 15 3 0 0 40 -3 0 11 27 -42 15 -4 0 4 48 
0 -16 -12 0 -7 19 -34 -10 0 -16 -18 -15 13 -8 28 39 30 -41 0 14 0 -38 28 33 -43 0 -35 4 -35 39 23 27 14 0 -4 -10 26 0 15 11 -9 -36 -41 2 0 32 41 -42 0 0 30 0 -1 0 46 -28 28 -37 9 -47 22 0 0 -14 3 0 0 21 -12 42 -46 -2 0 -41 -21 22 0 50 0 26 -2 0 -41 -14 32 -23 0 -38 -15 0 -24 0 0 45 -1 0 -20 0 -18 0 -43 -39 0 -7 10 30 -28 49 11 0 -38 21 -7 41 0 -37 0 -8 -46 48 -46 40 0 31 -37 
22 -49 -47 0 -6 21 0 -15 -47 27 -46 0 -25 0 -16 23 19 0 19 19 -17 -9 -12 -10 12 0 0 0 0 23 -8 -47 -3 0 26 -33 -14 -22 -29 0 50 32 39 15 0 -13 0 0 -9 16 0 33 0 -32 -1 -6 3 36 -31 6 0 14 -26 9 41 -32 0 0 22 -34 0 0 0 33 22 30 28 30 -31 -22 14 39 -44 34 -11 23 47 -9 10 0 9 -23 35 30 40 -8 0 0 0 0 0 0 26 -48 -12 0 31 0 0 -33 -29 0 50 -29 37 2 47 -32 2 38 -16 22 0 -34 10 
18 -50 40 0 33 17 0 0 13 -40 39 -35 44 -14 -22 47 20 -46 -34 -29 -50 35 44 -44 43 11 11 -5 0 0 -14 -36 39 -27 40 49 36 36 -30 -1 0 -16 -12 -45 0 44 -46 -45 13 28 28 -15 -46 47 -13 20 -40 -35 10 -17 -25 38 28 41 49 -41 45 0 -5 -29 -34 -41 -26 -46 0 28 4 13 24 0 -32 -11 37 -19 -2 33 10 19 40 -22 -2 5 10 6 6 -25 28 -3 -5 -10 -11 30 -31 0 0 -33 -36 -49 29 0 17 -10 -26 1 0 -6 0 7 44 0 13 0 -23 -44 18 
29 12 -36 0 -49 49 31 14 0 0 0 -23 -11 -5 44 11 -1 45 15 0 -21 36 -6 48 -30 0 21 0 19 -31 0 45 16 34 42 0 0 -17 -39 0 0 27 0 28 0 48 -16 0 32 4 27 9 -35 44 -7 0 -44 35 0 32 34 23 0 0 0 -2 -46 21 0 48 -38 23 -24 6 50 30 13 30 12 0 -10 -25 -5 0 -11 0 40 0 0 -48 13 49 0 35 -12 0 -7 -13 0 0 43 43 46 46 -8 2 50 -12 -6 0 38 -6 -48 0 11 0 -28 20 0 0 -36 6 -31 25 -27 
34 35 3 0 19 0 -44 42 44 -15 27 -23 31 39 -5 -41 41 -34 0 0 14 31 -20 -42 34 23 -36 29 0 -7 -34 -30 0 -21 9 48 -42 -7 -8 46 -25 -21 -13 0 -8 15 -32 -25 -2 44 0 28 -4 4 0 -21 8 -42 0 -21 -47 39 -49 -17 0 -25 -47 0 14 0 -26 0 17 -21 0 -31 24 12 -45 0 -19 0 -15 -34 39 -19 -37 10 0 16 1 -30 -17 -32 0 46 -50 0 0 -16 -30 32 47 40 0 10 0 -22 38 0 -47 0 37 0 0 -48 0 0 0 0 0 -37 0 0 33 
10 -30 3 3 -33 0 -38 33 -34 27 12 13 0 0 40 0 0 -5 37 -1 -22 -16 -48 -20 -29 34 -20 43 0 -34 0 -11 43 5 21 -28 0 0 11 -47 31 -44 41 -44 0 -5 0 -36 11 36 50 42 26 0 -5 32 23 0 -20 29 30 19 0 25 40 0 0 -22 0 -17 -36 -3 0 1 26 -22 0 0 0 -19 0 0 -5 -50 -35 -39 -27 9 0 -34 0 -10 26 0 -42 -23 6 0 0 42 -6 22 2 -49 0 -30 34 0 0 25 0 15 36 0 -2 0 28 -43 11 -23 -34 10 -9 27 0 
0 45 0 0 16 23 9 46 45 -4 19 45 47 0 0 0 47 12 -9 44 -48 -50 17 -39 5 -17 0 23 -41 34 8 0 11 0 37 32 -41 -29 0 -38 44 -19 0 40 -25 -46 44 -18 -28 -18 -41 -5 0 -18 -31 0 0 0 -15 -28 32 -28 16 46 -7 0 -14 28 -30 1 -2 1 0 38 -2 14 -32 -10 -19 0 -36 -29 28 10 -34 0 6 0 0 0 38 -25 -21 39 0 0 0 0 0 44 -42 0 32 -37 0 0 32 -22 39 -4 37 -2 44 0 33 41 35 -1 0 -5 24 -48 32 -34 -49 
1 2 -3 49 -20 34 40 0 -37 -27 -13 -9 -31 -49 0 -32 41 -28 0 0 22 -23 29 0 0 0 -43 0 22 12 0 50 -45 34 -19 -50 0 -49 -21 0 -28 42 0 0 -3 13 4 0 0 0 -15 0 18 -12 20 20 22 -45 0 -22 -26 42 27 18 0 -49 0 3 20 39 41 49 -40 33 0 39 -11 -25 0 0 -29 12 0 32 0 0 -49 47 -42 37 -46 -37 -25 -40 49 38 7 0 25 1 22 0 -7 39 -45 0 -7 -29 0 8 20 -1 0 -10 4 -49 -23 0 0 -48 41 0 18 -42 -40 
-32 13 33 0 -42 -44 -46 -35 -11 0 -13 -29 -15 0 0 -43 5 0 0 0 6 10 5 0 -46 -39 24 -6 26 0 0 0 6 32 38 0 0 3 31 42 37 -26 -49 0 0 -32 -48 -32 -40 17 33 -26 0 -38 0 -14 -30 -15 0 0 0 44 0 -17 49 0 0 39 26 0 -44 -22 -20 38 -41 -44 37 -5 -15 -5 28 0 44 -24 0 -12 -3 -47 -19 35 14 -34 0 0 0 10 21 -8 -3 0 39 -31 46 0 -44 45 0 -23 45 7 0 -36 0 6 -18 -16 -30 28 36 10 27 34 -42 -45 11 
-27 0 -50 -49 0 -2 5 29 29 -1 40 -26 -14 -33 -36 -38 40 0 -12 47 13 21 -11 -20 -4 0 15 -50 33 21 44 0 -37 -7 0 6 0 39 0 -12 -39 -27 3 43 3 -39 17 48 -23 0 46 21 44 45 17 33 0 -50 32 14 -15 7 35 -18 0 -9 -16 -7 -48 -35 -17 -33 0 26 -14 34 -19 0 -34 -50 10 32 -24 0 -19 0 0 -46 45 -7 -3 42 9 25 3 2 -16 0 -3 -2 -15 -10 -6 -11 -14 -31 -32 0 -50 25 17 -19 13 -31 22 -41 0 -7 -50 28 -23 -11 15 0 0 
-40 15 0 -21 0 -34 9 0 11 17 -22 0 0 46 0 2 -4 -25 20 -41 9 23 -7 -20 13 15 -44 -33 0 -29 0 8 -12 -1 -16 0 0 -31 0 -12 -5 0 40 -46 0 0 0 35 13 -46 49 0 0 0 0 40 -39 20 49 22 -15 0 33 0 -23 -48 33 25 12 -43 35 -41 -42 0 32 -11 -2 -11 39 -35 -34 0 0 -19 0 -38 -23 -16 41 8 -38 0 -21 0 0 45 -3 7 0 39 40 20 -23 -9 43 0 -19 0 31 -28 -45 -13 0 -24 38 46 1 -44 0 47 -35 27 -7 19 0 
31 0 -5 0 0 -42 0 18 45 0 13 0 17 0 38 27 48 14 -28 0 5 -24 5 0 13 13 -6 12 -28 35 0 -32 0 0 -48 -14 -3 41 22 -21 21 -19 -40 0 -48 0 0 0 -24 -32 -43 -34 28 -4 0 -14 0 23 0 42 -14 -29 9 0 -9 -41 0 0 -9 0 0 31 14 28 -23 23 33 0 -19 -39 0 0 -12 0 -38 25 0 -47 0 -21 -8 23 26 0 -34 19 0 34 29 -46 0 12 7 0 -43 32 0 0 -14 0 39 21 0 15 6 0 -19 29 4 37 0 -44 11 -31 0 
-16 0 -4 32 -40 25 -35 0 0 0 -30 0 -7 4 16 -2 -3 -12 -16 -24 21 0 32 50 27 -15 0 12 0 11 -23 -11 0 -2 40 0 32 3 0 -50 0 0 0 -42 -15 28 22 31 -34 33 -41 6 0 0 0 -5 0 -2 0 0 31 30 0 0 0 29 -42 -32 -15 -43 40 0 -30 18 0 47 10 40 -37 -27 6 -49 -3 0 -23 0 10 0 -42 0 0 0 0 12 -38 -18 46 -25 0 0 -1 -8 21 -27 3 11 -40 -12 0 -22 0 23 0 29 -43 -1 -20 34 0 -29 -1 5 0 15 26 
-11 -42 20 -9 -9 7 0 0 -32 0 0 -41 18 -17 47 -15 49 0 -14 34 30 0 0 0 0 8 0 0 -10 46 0 -16 -37 -41 49 -21 0 5 8 40 0 -27 0 0 -13 0 0 -16 0 22 0 7 -44 21 0 -25 -44 0 42 -17 0 -31 -2 0 0 2 0 0 0 0 39 0 5 -33 -38 -9 19 0 10 9 0 47 -47 -46 -16 -47 0 12 14 -42 6 0 -42 -18 14 12 -48 37 46 0 -46 38 12 14 20 0 -24 -1 36 0 32 32 0 -5 -13 44 22 8 -22 29 0 -42 -39 -42 23 
49 28 49 0 -19 28 12 33 48 -16 -24 -36 11 7 5 -44 -9 -50 -17 49 0 9 -17 0 0 0 1 37 34 -22 47 0 0 -46 0 0 -25 12 32 0 0 -49 3 -39 29 0 17 -41 -3 -31 0 -29 48 0 37 16 13 -29 -9 0 0 40 -34 32 -46 0 0 0 38 -4 45 35 0 50 -15 10 40 0 0 0 0 -42 -19 45 41 0 -42 14 30 -16 44 0 0 -38 -30 -10 0 -15 0 -11 -28 -23 0 0 -10 0 14 -8 0 -6 49 41 0 0 0 5 19 21 -6 24 -4 18 0 -14 -21 
0 27 -46 46 0 -19 0 0 0 40 0 0 -25 -15 39 -18 21 -4 0 45 0 10 -19 -31 -22 43 -3 3 46 -24 0 -32 26 0 8 22 -37 29 27 -12 -42 -41 0 50 -26 0 0 21 -41 -16 32 0 31 6 2 -41 3 -7 -7 -8 -36 17 2 21 47 38 -41 0 33 0 -6 14 21 46 0 0 -22 -48 16 -34 0 37 35 -7 8 -21 0 -42 -16 10 0 0 -2 -10 -11 4 -12 0 0 -19 -11 0 32 -35 -24 0 42 -28 -48 -4 -41 0 34 -46 0 0 0 0 43 0 -44 -2 0 0 37 
-43 -40 0 16 0 46 -47 -3 -2 45 0 0 -25 -18 35 41 11 3 0 37 31 0 -4 -15 37 22 17 0 27 -24 -19 0 1 35 1 30 4 43 -20 -19 14 15 39 16 -14 -22 -45 -13 45 -8 -37 -12 24 -11 -29 -44 0 -25 -36 5 0 -36 -6 -21 34 -13 46 36 -18 36 -16 -45 0 -25 -24 9 -2 13 1 0 38 -46 14 -3 -38 -8 0 6 44 0 17 -12 -23 0 -21 39 9 0 -43 0 21 39 0 19 -5 -39 0 -42 0 0 -41 -25 -42 -45 0 -43 28 -30 -37 0 -1 48 0 -11 7 
0 0 -45 39 -46 0 3 -24 36 0 49 -23 -20 0 0 -37 46 0 -12 8 26 36 24 0 -44 -9 -26 -36 4 0 0 -13 -30 -5 30 0 -34 0 -49 42 0 -35 0 14 -17 0 -21 -18 0 35 0 0 20 33 -37 -46 -33 7 18 0 38 25 -19 0 26 0 0 0 0 -44 0 -29 -8 -47 0 -23 5 49 -30 -10 -25 -37 -34 42 0 23 0 0 0 0 -12 24 0 -22 -29 0 0 -46 46 0 -21 0 0 -13 0 23 0 -19 0 0 48 -25 38 -17 16 7 46 -8 -35 -47 -50 4 0 34 -12 
4 41 43 33 50 -25 5 -47 0 -38 -33 0 0 34 38 -13 -5 -40 11 48 -44 0 3 0 -26 30 1 41 -11 31 0 0 -29 -48 31 0 -20 0 30 41 0 33 0 -45 -37 9 0 2 -6 -44 0 -41 -23 0 -1 -50 -9 -22 4 0 34 49 19 14 2 10 11 37 -25 -30 33 -34 -50 16 0 35 10 0 -17 26 -21 -25 0 9 -21 26 0 -42 0 -2 -23 0 0 -14 0 -41 4 0 -36 41 -40 -11 -29 14 -38 -35 0 13 5 0 -35 -21 -14 -7 0 -35 28 -21 -9 -10 -48 -21 0 36 44 
-39 -26 32 0 4 25 -21 -34 46 -26 26 -5 38 0 1 0 -9 0 34 29 0 -32 20 -46 -15 16 0 -32 0 0 -10 0 -5 -31 23 20 0 34 0 -32 42 9 0 -26 -5 -38 0 0 -19 1 -14 -35 -50 -34 36 -5 18 -4 31 0 -43 -34 -8 37 -39 0 -45 -3 -3 12 0 26 0 -16 45 30 6 35 -32 0 39 -40 0 25 0 0 12 -18 -38 -10 0 -22 -14 6 24 0 -48 44 -21 45 23 37 -19 5 0 24 -25 -29 -43 0 -46 17 37 -31 0 42 -32 10 42 13 24 0 0 -36 47 
0 43 2 -6 0 -6 30 34 0 0 12 -18 26 41 12 5 -34 49 42 8 0 0 4 -24 -8 0 24 26 0 -17 28 46 -7 0 -48 14 -49 14 36 40 44 50 0 -3 19 36 10 -39 0 23 0 -28 48 38 0 41 -16 14 0 45 37 18 40 3 -23 34 30 -42 11 0 31 -17 42 -37 -1 40 6 -12 0 -42 0 49 0 3 0 -34 -38 14 -30 -11 -21 -29 0 24 0 0 46 30 -9 -22 26 0 -47 5 3 -21 0 33 19 0 0 -43 0 23 -4 0 -36 -19 40 17 -18 29 39 -18 -44 
-49 0 -10 -3 47 42 -47 0 13 39 1 0 0 19 11 50 0 -1 -10 -45 0 43 -8 28 2 2 2 0 0 27 36 44 29 0 -47 46 7 0 0 5 -3 -27 -44 -13 0 0 0 0 -4 -41 19 -6 1 -42 4 21 0 -6 22 -19 -15 29 -24 47 -10 48 0 43 0 0 9 18 -36 0 0 -8 -25 0 46 -23 0 38 10 2 45 19 -18 12 -10 4 39 0 -41 0 0 -35 21 46 0 23 22 -49 0 8 41 0 -49 17 19 23 40 0 6 8 0 -11 -12 9 -12 -2 -14 36 -33 -2 50 
-11 -19 0 -43 0 0 -27 33 -23 -4 0 46 10 0 0 0 14 6 7 0 0 11 14 -13 0 -23 32 11 -24 0 -21 50 -33 18 0 -33 48 28 26 50 0 0 0 -5 -44 -41 0 0 0 43 0 6 -43 -38 -23 37 0 -40 0 -24 0 -34 -29 4 -5 49 0 0 0 25 -12 0 23 0 -20 0 28 -7 -50 6 0 7 21 -16 -3 0 46 -48 0 -12 9 0 4 -48 46 21 -5 -39 36 37 0 1 0 0 0 40 40 0 38 -21 -5 24 -27 22 0 0 31 -14 -21 -46 0 -12 -30 0 0 
0 29 0 0 0 -36 -31 -45 0 0 6 15 11 -14 -32 0 0 -25 0 42 -27 -35 7 0 -27 -33 39 0 0 -10 0 -21 -8 0 0 0 -27 33 23 11 0 -5 27 24 0 -44 0 0 34 -38 0 -40 -48 -29 2 12 -21 5 5 45 38 30 48 -26 -15 0 -35 12 24 -21 20 -8 6 0 0 0 -3 -13 0 0 0 0 -8 0 7 34 -25 37 -15 0 0 -46 0 44 30 46 -39 0 50 36 3 -14 -8 12 -24 37 8 0 40 19 12 -24 -49 -43 0 0 -31 0 -34 -25 16 0 42 0 26 
-47 -49 0 33 0 47 -30 8 -3 -46 36 6 0 0 0 10 -44 47 -30 44 -15 0 0 0 50 -42 47 0 -40 0 46 0 15 18 41 0 11 -20 47 6 0 -16 0 22 25 0 0 -18 -6 0 -34 0 0 -10 43 0 30 -7 -24 -12 -22 0 -50 -25 41 0 -30 -29 2 -20 -18 -23 -37 0 -18 0 -5 0 0 0 0 25 -3 -3 0 29 0 46 0 0 -43 46 -36 -21 -9 0 36 50 28 0 -46 34 12 23 -4 8 -41 6 0 -44 -39 0 0 18 0 -36 45 -14 -22 0 36 -37 25 -45 12 
45 -16 -44 41 0 50 43 -21 -3 50 -40 8 47 32 17 2 -39 -18 -49 -30 41 -15 0 0 0 0 0 46 0 40 38 0 -48 34 -25 0 44 -48 22 0 -22 6 -40 -7 -6 0 19 -4 19 -15 2 23 3 -29 -38 -49 8 0 0 28 -24 0 -50 42 8 -15 29 0 0 -21 0 -30 10 42 0 0 -10 0 -16 42 44 1 0 -2 39 -46 0 0 -11 -19 0 0 41 45 -22 23 37 36 0 42 -43 -34 -16 12 29 18 28 -1 17 -45 41 0 0 0 0 2 -50 24 -25 16 0 -36 -23 -34 -38 
6 37 0 -26 0 0 24 -35 28 24 -22 -37 0 -18 -42 0 0 -32 42 35 0 41 0 0 16 0 23 -24 -31 0 5 -50 -19 14 33 0 0 0 -13 -3 -47 -35 -17 27 -43 -13 -39 0 -34 48 -5 0 23 -5 0 -9 0 0 -26 -44 0 -41 16 -5 36 0 0 0 -15 29 0 -38 0 23 -43 0 -11 43 -30 -6 -42 22 39 -15 40 0 -1 -46 -28 -11 21 -21 -40 23 26 22 0 3 -46 -43 2 25 -33 -37 -21 -21 -43 19 0 38 0 2 -11 13 16 0 -23 41 -46 0 28 -10 21 -41 20 
-13 43 -42 -43 -8 0 -27 0 -12 -4 -4 -21 0 -31 43 0 44 0 0 -48 0 0 -15 0 -42 -25 1 0 0 8 -33 3 -26 6 0 -44 42 8 -33 -25 -49 34 -50 24 22 0 22 39 -48 -6 -26 -4 25 46 -19 0 43 36 0 33 0 -22 34 47 3 15 24 -29 2 -33 16 29 -27 -15 -39 0 30 43 32 22 0 0 -31 -10 20 12 -8 38 -23 0 39 0 -11 37 0 -49 1 -14 34 -34 25 27 1 45 49 -14 -28 -24 0 48 34 3 0 -34 -16 0 0 33 0 0 11 0 -48 0 0 
29 -38 47 9 -50 24 -1 -32 15 46 19 0 -35 0 0 22 -17 -5 -26 -9 0 0 28 31 29 -10 0 17 -4 24 -8 31 -11 -49 10 21 -41 -42 -38 0 -41 47 0 -11 18 0 -29 -50 -45 -20 0 33 13 6 -21 6 29 -11 29 0 -8 -31 0 9 -12 -1 -40 0 0 27 2 30 44 43 0 26 -31 46 47 2 32 -7 46 -6 -23 7 21 12 0 32 0 0 -29 -19 -47 0 0 -8 12 -16 -33 1 26 46 -10 -42 25 -28 20 42 -14 0 1 0 -21 10 5 -2 -29 0 -44 36 -48 -9 0 
48 -15 38 -48 -14 -5 7 0 -24 -40 38 3 47 -35 28 -11 8 -8 0 0 0 -1 12 46 -37 -33 -43 -41 0 -36 -50 0 -18 -12 -50 0 -6 -33 -29 17 -44 0 -28 13 0 -40 0 -49 -41 -47 30 22 -8 -10 -3 0 0 -30 48 0 41 0 -21 45 3 -31 -43 -1 12 45 0 13 46 0 -7 -48 0 46 40 -49 -37 39 0 -11 -9 0 -27 14 0 -35 19 -13 14 5 5 8 0 12 23 12 -37 45 46 0 0 2 -22 -30 -25 27 34 1 19 -37 27 42 -25 18 -34 0 41 -19 0 -26 0 
48 -27 41 25 -23 0 0 0 0 0 18 -31 48 46 38 -6 0 25 35 0 -38 0 -13 -22 0 -40 44 7 -31 -28 -48 -21 -23 -44 0 -20 -48 -49 -7 -48 0 0 15 -20 11 -45 -32 35 0 7 0 37 16 4 -39 8 31 0 -50 16 0 35 -32 -41 35 25 -31 -10 -3 -4 0 5 -26 -42 10 -12 0 -8 0 0 0 -45 -44 -14 43 -43 3 20 -10 -24 -5 0 -38 0 3 41 0 -24 -4 29 -21 49 -10 0 25 -15 23 -38 0 12 -22 6 50 0 3 -7 -8 11 32 -11 0 0 0 -18 33 
-29 10 2 1 -6 9 -10 41 0 0 22 -37 0 -2 -20 0 -22 -7 0 46 -6 0 24 -34 39 0 -2 14 0 -11 26 0 11 -6 16 20 -42 -50 0 -41 -21 -13 0 0 -28 -20 23 -12 -39 -13 -45 6 35 -49 0 -50 32 8 12 38 -13 42 50 46 -30 31 -25 -18 40 -28 0 39 0 -21 30 0 -33 2 10 -30 0 0 45 -31 0 32 11 0 0 0 -39 23 -35 24 -21 0 40 37 8 18 -21 -14 -42 2 -15 0 30 0 -41 -49 24 -14 48 0 30 0 -10 -25 -22 45 0 -18 -11 0 0 
0 -37 35 -47 -26 1 0 31 0 -22 0 26 0 -31 -8 -13 -13 16 0 -26 0 24 0 -46 36 0 -36 -15 0 -40 -7 13 29 -42 0 0 0 -12 21 -36 0 -9 -26 10 -36 0 -33 32 3 41 6 46 -4 30 33 26 28 -47 6 12 42 26 20 8 0 -33 -36 0 -36 22 0 -50 -32 0 -28 31 -36 50 0 34 32 -7 0 -32 -19 0 -40 -24 14 42 0 0 0 -25 0 -49 40 8 -41 28 -43 -28 25 -22 23 30 9 7 6 1 0 -7 12 13 -32 0 -15 -5 49 36 34 -17 0 0 17 
0 -32 -9 -15 45 0 38 -38 -6 0 0 0 -13 1 -44 47 0 46 0 40 -48 -7 4 -50 -22 46 -24 0 -13 -14 19 -20 -13 44 0 0 45 -38 26 -12 35 36 -8 -24 -34 33 27 -14 31 0 0 38 0 -18 0 0 0 -9 -40 15 31 40 -29 38 33 -50 -41 -17 18 33 35 0 0 33 49 0 -49 -12 -22 0 -22 -29 -23 0 0 0 -12 -1 -8 -28 -42 -19 13 -29 33 17 0 0 6 -1 19 -24 -28 -30 -38 0 7 -9 49 0 -36 -48 -19 -35 11 39 0 -37 0 -26 23 -28 0 19 0 
0 50 -41 -44 -35 15 -45 -20 18 15 -3 0 21 50 -36 0 0 0 -27 -47 0 -49 0 39 14 13 0 47 -32 -9 0 -6 -32 37 -21 0 3 0 -39 0 0 0 35 34 0 36 0 -28 0 20 26 0 0 0 0 -8 32 2 -14 -12 10 6 -25 17 24 -49 -42 47 -5 49 30 24 0 -25 11 0 29 -6 38 0 39 0 45 -50 31 -14 0 36 0 -48 0 0 5 -43 19 19 38 40 0 17 0 0 20 -25 0 -41 6 49 42 30 -33 0 -13 22 20 34 -36 14 8 0 -44 -25 31 0 25 
29 0 -50 0 -41 36 0 16 -1 -34 -46 15 37 0 0 0 0 -25 3 22 0 24 39 3 0 33 -32 0 -6 -30 0 40 0 0 -40 -42 33 -39 0 46 -35 32 -26 0 27 -27 -35 -6 0 0 31 0 33 -10 0 -8 29 0 7 30 -21 -29 44 0 -30 2 0 12 -26 -50 0 0 -13 -42 0 -33 0 0 0 25 -4 8 7 25 -28 0 -22 0 -6 -4 0 0 0 0 0 23 -21 19 -44 -45 38 48 42 27 12 -49 1 0 30 28 0 -50 42 28 0 0 46 4 4 46 -13 0 45 47 15 
-49 -2 37 0 0 48 27 -11 0 0 37 0 -24 -38 -41 -4 29 -20 10 2 0 0 -48 5 0 1 -26 -38 21 -12 0 -14 -43 -36 0 -41 36 -23 0 0 0 0 44 1 28 -23 22 0 19 -1 0 11 0 0 6 0 0 -49 -15 -30 24 15 37 2 -19 22 0 -18 -23 -20 -4 -18 42 15 -38 -29 17 38 -47 0 37 20 0 17 -45 39 0 32 49 -41 -41 48 -35 -46 0 40 -5 12 -39 41 0 34 -14 34 -22 24 0 -36 -33 0 0 0 0 0 6 27 12 -20 16 15 2 47 0 34 -21 
-28 0 46 -36 9 33 2 6 19 -22 0 -46 0 -30 -29 37 0 0 0 -4 3 0 0 -35 49 17 0 -10 -13 0 24 -16 41 0 0 44 33 0 -40 50 6 38 -23 30 18 -14 -50 -5 38 -31 0 18 -18 0 0 20 1 0 -22 15 34 -50 -39 13 45 22 20 0 0 -2 0 12 36 3 21 0 -10 -6 0 15 -2 -1 -36 -19 -13 21 23 32 41 0 -25 -25 -21 17 -43 0 24 -24 0 0 2 3 0 1 6 -14 -7 -48 0 -50 0 37 -45 0 37 29 5 -19 0 33 -4 -41 -25 0 17 
21 0 -44 -10 29 31 -50 0 8 -34 0 10 33 -35 13 -39 0 39 19 10 14 0 0 11 0 35 0 -42 0 -6 0 50 29 1 46 0 22 -1 49 0 0 -46 19 37 0 0 0 48 -31 0 -49 0 0 -27 47 20 4 0 -31 0 -2 -40 -31 0 15 0 11 -15 40 1 -47 -28 37 0 -7 50 -26 -48 37 36 44 0 0 13 0 0 0 0 0 34 -42 38 -14 37 0 6 -27 -49 0 0 -11 0 1 19 50 48 12 -19 -13 42 0 -45 33 -25 25 11 16 -35 10 8 -45 26 0 -49 -28 
-2 8 -26 -17 -30 0 6 0 -6 50 0 34 4 -21 -30 -50 21 -4 -18 17 45 0 -36 -28 0 0 47 -22 -16 5 -31 0 24 0 0 33 -35 37 0 -2 47 -5 3 -10 -5 0 32 11 0 44 0 -2 -18 -7 0 -22 -22 0 -21 -7 0 -29 -6 -27 31 -7 29 -23 -13 -9 7 -15 0 0 41 -29 1 0 0 0 0 -10 6 -31 -24 15 29 -5 0 -46 -45 -17 -7 -31 23 8 22 -43 18 0 13 -34 0 -37 0 0 13 -35 22 28 0 0 -25 0 -5 43 47 17 0 0 18 14 -31 0 7 
19 37 -15 -50 0 0 -25 16 -35 12 -38 40 27 40 13 -35 0 -19 -30 24 -37 0 -40 22 14 -8 0 -4 0 -39 -13 -39 -47 -46 20 -35 0 46 0 -5 -50 19 12 -7 48 0 0 0 -16 43 -38 19 11 37 -39 -5 30 -13 24 22 0 0 -29 18 0 -18 -36 12 -5 -47 -25 0 0 40 0 37 0 11 0 -2 33 4 -18 22 38 6 -43 -13 0 0 0 16 0 0 -4 0 0 0 0 0 16 -16 -21 27 3 30 -32 11 20 0 6 37 25 -5 36 -31 12 -24 -24 -25 0 0 -28 0 -45 
-35 -46 -33 37 37 0 39 21 14 14 17 0 2 0 17 42 0 0 30 27 -40 0 13 27 0 -46 21 -21 -27 -38 0 32 0 0 -50 0 21 -5 43 0 -12 -47 0 0 0 -12 -49 28 0 -5 -21 -18 3 0 -1 -19 0 0 -29 34 -30 -13 47 23 -22 31 4 43 -14 38 -43 0 -40 -3 -37 2 -6 0 -48 0 41 -49 -16 -41 46 0 -1 44 5 0 -43 7 -35 42 0 -11 0 0 -36 2 0 0 10 42 -7 0 0 39 34 0 27 29 11 43 -31 -21 -20 34 -22 46 11 32 -17 0 29 
0 32 0 0 0 0 -10 29 -46 20 -32 17 47 -49 0 -49 1 13 0 -49 10 -7 22 -43 30 26 0 -44 31 0 0 -5 -40 -50 0 48 17 14 0 -41 -34 -15 27 27 -43 0 0 0 16 0 9 -42 -4 -42 -35 44 -1 -43 -29 43 0 21 36 -27 -24 -35 -2 -38 -32 38 21 -27 37 0 0 47 0 -28 0 28 35 -23 -30 0 1 -19 -20 22 19 0 28 46 28 -32 -36 -12 31 -31 45 -50 -23 0 5 -25 -8 -10 -15 0 -36 46 12 5 16 47 12 -20 -32 31 19 -1 10 0 18 -40 27 
-40 -50 -27 32 26 -30 -43 0 0 0 -25 15 47 -42 17 0 25 -42 15 21 -21 0 -50 0 0 -38 -40 0 20 -43 -42 -13 0 -31 -8 47 8 13 2 0 21 0 1 0 0 -41 43 -12 -1 -35 -21 9 19 31 -8 0 -37 17 -16 25 -18 -11 -21 -24 31 44 0 -40 -6 -35 -43 41 15 11 -8 -32 7 20 0 -43 -1 0 28 -7 -44 29 34 8 21 0 -30 -8 -21 10 -19 9 -14 0 -14 24 41 33 -2 18 11 -25 -5 -37 14 4 -20 -19 -35 17 -24 34 31 40 20 0 -8 -40 0 -28 -26 
-23 10 0 42 -9 0 22 0 28 13 33 50 25 0 18 0 0 0 -27 -39 16 -29 -6 0 35 -39 -4 0 -4 -19 0 0 -14 36 35 -9 -44 0 6 0 -8 0 -13 8 43 0 48 31 -5 0 -45 0 0 -38 17 7 47 -4 20 -20 -19 -11 0 0 0 12 -35 -14 -36 0 -40 40 0 27 -46 2 44 0 0 11 0 0 36 -50 0 4 0 -22 -6 43 -37 -35 -9 42 40 -12 -21 -34 -22 -25 -46 0 -29 -34 32 -22 49 0 8 4 16 0 10 0 -24 -22 19 20 -40 0 28 49 0 18 -16 
0 0 0 0 4 -44 1 -27 -42 8 18 -14 0 0 -3 11 -24 -19 14 -10 -46 44 0 0 -48 -41 0 0 3 40 -25 -41 -10 -47 30 22 -43 0 0 33 38 0 43 0 -33 0 -41 49 27 0 -25 29 0 0 0 -40 -45 13 50 17 14 -41 17 0 -40 0 46 0 0 0 -2 -9 0 -42 48 38 0 0 0 -23 -5 -48 10 28 47 37 -29 29 24 0 0 -47 -10 13 17 -2 -46 -25 0 16 0 0 0 0 -11 45 36 -26 0 46 15 33 8 0 -25 46 -1 0 0 45 13 49 7 29 0 
17 33 18 0 15 30 43 1 -4 13 30 0 -41 -29 33 44 0 -15 0 18 -22 -37 5 43 10 -47 -12 -42 41 2 -17 0 26 16 -4 -37 29 45 0 40 -6 45 0 0 -2 4 0 -23 -35 30 24 0 -27 0 -39 9 0 39 0 -13 -47 0 43 0 0 45 -18 0 0 10 0 0 -28 15 -46 -16 13 -36 0 -34 24 41 27 -23 -35 0 -1 0 -4 -44 -1 -50 -48 24 -18 -14 0 16 36 0 28 11 -44 41 0 0 34 23 -44 -13 2 -4 -45 18 0 11 10 -8 28 13 47 18 37 44 32 
35 -2 -26 29 -19 -24 -2 0 -27 5 11 -19 24 0 0 0 -24 32 0 -41 -23 20 36 -38 -3 0 -42 -7 46 8 29 -20 30 0 -14 50 0 12 -45 0 0 -17 35 24 45 -36 -50 0 40 -44 47 0 46 -11 0 -10 37 0 -17 -25 25 -49 28 -37 -39 -42 -16 28 38 -23 0 -46 45 -4 40 22 0 6 -37 10 -48 0 34 -11 27 -44 5 -42 18 -2 48 4 -21 0 29 36 -12 0 -37 -36 -10 0 36 -19 0 -18 -17 -28 -25 0 47 -41 26 14 0 32 0 -40 49 49 18 0 -43 20 44 
16 -36 -48 -5 33 0 -5 0 0 0 30 0 0 -24 -6 0 -35 9 0 -22 43 0 26 0 25 -2 0 8 2 48 -19 17 2 0 -23 0 15 -26 45 34 21 -23 -11 -1 -1 0 -19 -14 12 39 2 0 43 0 -32 -46 -14 0 -20 -5 21 -49 0 -32 17 -49 0 -11 -41 37 0 1 0 0 0 0 -23 -31 0 -9 32 18 -42 15 -7 11 0 -39 0 0 0 0 0 0 39 -33 -30 42 25 -23 21 -48 -48 0 0 -11 0 0 31 45 0 -25 0 -31 -28 -17 18 0 0 7 37 -43 11 -14 2 
-39 50 -23 -43 -25 3 29 -4 -23 32 -45 0 11 -36 15 23 -33 42 8 1 -33 7 0 16 0 -31 -27 0 42 0 43 0 34 0 3 5 45 12 37 13 0 -31 33 -25 34 -9 0 27 0 -19 -49 -31 0 0 0 37 -12 -25 45 0 -26 0 0 25 0 39 -7 37 14 49 -30 -23 27 4 31 -34 -44 25 0 27 -34 -42 -45 0 19 -31 15 -42 -14 0 -11 34 36 -36 -18 -2 0 0 -45 -34 -41 0 -9 -26 -18 0 0 19 0 47 34 0 -49 0 0 0 -40 -28 18 29 44 20 -14 0 -31 
9 25 -49 0 39 0 -35 0 34 0 0 -33 -43 9 -29 17 0 7 -18 -8 -11 -24 10 -36 0 -12 3 33 10 14 0 10 -8 -36 4 42 0 12 33 0 23 0 -1 7 -3 0 -46 11 -48 -19 0 0 0 0 30 0 33 -11 3 49 0 16 -28 17 0 0 -1 22 -20 47 39 0 0 48 -37 10 18 -27 33 0 -49 -40 11 0 0 0 26 23 -21 37 7 -12 44 47 -44 50 0 26 12 -38 20 0 0 0 33 0 17 0 25 15 -21 17 -28 7 -45 29 27 -26 -16 0 32 44 2 -31 -11 
