20
-15 46 -42 -16 -33 34 39 10 0 -48 -46 -34 -15 -31 -5 -31 49 -9 -6 -31 
18 4 19 -9 30 8 -40 46 -7 23 34 45 -4 -6 -14 48 13 -26 -16 25 
4 -41 -25 -6 -15 -11 -20 26 -29 -24 -15 -4 12 40 35 39 16 -1 38 -27 
19 -25 -4 34 -42 0 -7 20 22 -7 -40 15 20 44 -32 -4 -39 16 -6 12 
-9 -6 34 -33 27 34 14 39 14 -15 32 36 -31 26 27 -28 12 -9 41 -28 
30 -15 -42 27 36 -5 7 27 -43 16 -49 -48 35 15 0 -42 22 -30 -23 43 
8 -11 0 34 -5 -46 6 -3 -9 -43 30 -37 16 29 -47 7 29 39 34 30 
-40 -20 -7 14 7 6 16 -7 21 -23 0 12 -32 5 17 -45 -42 -14 -27 48 
46 26 20 39 27 -3 -7 17 29 -4 8 2 -17 5 41 -47 3 -14 30 -7 
-7 -29 22 14 -43 -9 21 29 -29 -24 31 11 29 39 -23 24 10 -44 47 -12 
23 -24 -7 -15 16 -43 -23 -4 -24 9 11 -29 -15 19 43 33 -22 12 6 18 
34 -15 -40 32 -49 30 0 8 31 11 -2 -32 -35 -44 -6 34 -41 -12 -49 -2 
45 -4 15 36 -48 -37 12 2 11 -29 -32 2 22 49 14 -20 -14 35 -32 22 
-4 12 20 -31 35 16 -32 -17 29 -15 -35 22 -14 -12 25 5 38 19 44 -39 
-6 40 44 26 15 29 5 5 39 19 -44 49 -12 10 -17 -14 -3 -23 17 17 
-14 35 -32 27 0 -47 17 41 -23 43 -6 14 25 -17 -2 45 15 3 20 -48 
48 39 -4 -28 -42 7 -45 -47 24 33 34 -20 5 -14 45 35 -23 29 -14 -14 
13 16 -39 12 22 29 -42 3 10 -22 -41 -14 38 -3 15 -23 20 7 -19 -6 
-26 -1 16 -9 -30 39 -14 -14 -44 12 -12 35 19 -23 3 29 7 -41 25 -21 
-16 38 -6 41 -23 34 -27 30 47 6 -49 -32 44 17 20 -14 -19 25 10 -3 
25 -27 12 -28 43 30 48 -7 -12 18 -2 22 -39 17 -48 -14 -6 -21 -3 49 
