30
-15 46 -42 0 33 -30 19 -20 26 27 7 4 0 0 -15 -31 0 0 0 -31 49 -9 0 46 -34 0 4 0 19 -9 
0 42 49 0 0 46 -7 23 34 45 -4 -6 -14 48 0 -8 29 49 -44 -25 -1 0 0 0 -29 -45 42 9 -20 22 
42 -27 0 10 36 -32 48 -30 -7 0 0 30 -21 5 0 37 0 29 22 0 22 -7 0 0 -24 0 20 0 40 16 
49 0 0 27 40 -31 -16 0 -33 0 -5 17 36 -1 21 -10 0 4 0 0 -39 17 -6 17 0 -23 -12 -37 0 36 
0 10 27 0 -37 -30 0 5 -16 35 41 -16 48 6 0 -42 22 -30 0 -45 -41 10 0 0 0 -36 0 0 -43 30 
0 36 40 -37 0 -2 13 -4 0 -16 6 0 39 0 0 0 0 11 33 -46 -29 -48 15 0 19 -28 -26 43 -11 -49 
46 -32 -31 -30 -2 37 0 48 17 29 -4 8 0 34 0 0 5 41 -47 3 0 1 0 47 13 -23 0 31 11 0 
-7 48 -16 0 13 0 -22 -8 0 -38 -24 5 0 0 0 37 0 9 0 0 -9 17 0 0 -31 -35 -5 47 41 43 
23 -30 0 5 -4 48 -8 37 48 0 47 -39 0 -6 0 0 19 29 9 0 -2 2 22 49 14 0 6 29 -2 0 
34 -7 -33 -16 0 17 0 48 0 13 18 -19 0 0 38 0 -45 49 -41 17 -33 2 -20 0 -6 36 -25 -8 -40 -12 
45 0 0 35 -16 29 -38 0 13 -18 0 -48 35 0 -8 0 0 0 20 43 18 0 0 -19 -6 -41 25 0 0 2 
-4 0 -5 41 6 -4 -24 47 18 0 -23 44 -44 0 0 40 0 0 48 27 0 0 -8 -26 16 0 -42 0 -35 0 
-6 30 17 -16 0 8 5 -39 -19 -48 44 29 0 36 10 -31 11 30 0 21 0 -35 40 0 22 27 40 -8 31 31 
-14 -21 36 48 39 0 0 0 0 35 -44 0 0 13 0 0 0 -14 33 0 21 0 0 46 -17 27 -31 0 0 0 
48 5 -1 6 0 34 0 -6 0 0 0 36 13 -16 28 0 0 -18 34 -19 -11 0 0 0 46 0 29 28 -8 0 
0 0 21 0 0 0 0 0 38 -8 0 10 0 28 -44 1 -49 0 0 13 -17 14 0 0 0 0 0 -41 14 0 
-8 37 -10 -42 0 0 37 0 0 0 40 -31 0 0 1 0 0 3 -36 0 34 -43 -11 -30 44 -44 0 0 27 12 
29 0 0 22 0 5 0 19 -45 0 0 11 0 0 -49 0 2 7 -8 39 -42 0 0 0 0 32 0 0 49 -5 
49 29 4 -30 11 41 9 29 49 0 0 30 -14 -18 0 3 7 1 0 3 0 1 0 -45 38 44 -33 -21 11 19 
-44 22 0 0 33 -47 0 9 -41 20 48 0 33 34 0 -36 -8 0 0 0 41 -44 48 9 13 -28 -43 0 19 -39 
-25 0 0 -45 -46 3 0 0 17 43 27 21 0 -19 13 0 39 3 0 -38 -49 10 0 40 23 -32 9 0 -46 0 
-1 22 -39 -41 -29 0 -9 -2 -33 18 0 0 21 -11 -17 34 -42 0 41 -49 -17 0 0 -19 -26 0 -5 0 0 10 
0 -7 17 10 -48 1 17 2 2 0 0 -35 0 0 14 -43 0 1 -44 10 0 0 -26 0 0 0 -29 -47 -18 2 
0 0 -6 0 15 0 0 22 -20 0 -8 40 0 0 0 -11 0 0 48 0 0 -26 0 -14 -21 2 -41 -49 -12 -37 
0 0 17 0 0 47 0 49 0 -19 -26 0 46 0 0 -30 0 -45 9 40 -19 0 -14 0 0 0 19 0 0 15 
-29 -24 0 0 19 13 -31 14 -6 -6 16 22 -17 46 0 44 0 38 13 23 -26 0 -21 0 -43 40 2 -33 -32 0 
-45 0 -23 -36 -28 -23 -35 0 36 -41 0 27 27 0 0 -44 32 44 -28 -32 0 0 2 0 40 -24 0 39 -20 0 
42 20 -12 0 -26 0 -5 6 -25 25 -42 40 -31 29 0 0 0 -33 -43 9 -5 -29 -41 19 2 0 0 3 48 0 
9 0 -37 0 43 31 47 29 -8 0 0 -8 0 28 -41 0 0 -21 0 0 0 -47 -49 0 -33 39 3 -19 0 -26 
-20 40 0 -43 -11 11 41 -2 -40 0 -35 31 0 -8 14 27 49 11 19 -46 0 -18 -12 0 -32 -20 48 0 0 -35 
22 16 36 30 -49 0 43 0 -12 2 0 31 0 0 0 12 -5 19 -39 0 10 2 -37 15 0 0 0 -26 -35 -33 
