40
-15 46 -42 -16 -33 34 39 0 26 27 7 4 49 -38 -38 -7 0 -36 3 11 0 -31 18 0 0 32 -17 12 44 -45 24 27 -44 20 14 9 47 -47 -32 0 
0 -8 29 49 -44 -25 -1 0 0 -15 -11 -20 26 -29 -24 -15 -4 12 40 35 39 16 -1 38 -27 -4 34 -42 0 -7 20 22 -7 -40 0 -25 36 40 16 0 
-8 27 40 -31 -16 0 -33 0 -5 17 36 -1 21 -10 0 4 0 -31 26 27 -28 12 -9 41 -28 36 0 -37 -30 -18 -43 6 0 41 -16 48 6 37 12 11 
29 40 29 -22 -37 14 -19 29 -41 12 39 30 -38 19 -16 6 46 -28 0 30 16 -7 21 -23 0 12 -32 5 17 -45 -42 -14 -27 48 17 29 -4 8 2 0 
49 -31 -22 -46 -36 -20 -21 0 -35 -20 47 13 -23 32 -18 -44 46 33 -38 -24 5 8 37 38 32 -9 17 20 -38 -48 -39 -16 -28 0 18 0 48 26 -39 24 
-44 -16 -37 -36 46 0 19 29 9 -41 32 48 46 0 14 -20 -14 0 -2 0 0 13 18 -19 -17 5 -45 49 -41 17 -33 2 -20 -25 -30 -35 43 -35 -3 -45 
-25 0 14 -20 0 39 45 0 -8 -1 20 43 18 -23 -4 1 -4 -26 -22 39 -14 -29 0 -11 20 0 48 27 6 46 43 5 -42 -43 15 -7 36 10 -31 11 
-1 -33 -19 -21 19 45 30 -46 -30 -20 15 22 27 40 -8 31 31 30 34 0 -14 33 -42 36 46 -17 27 -31 0 1 17 44 30 -18 34 -19 -11 46 46 16 
0 0 29 0 29 0 -46 -38 -29 19 0 -24 -13 -47 13 -17 14 0 -48 49 -42 -23 -2 -35 0 0 34 -43 -11 -30 44 -44 35 -16 0 6 0 7 -8 39 
0 -5 -41 -35 9 -8 -30 -29 -42 0 29 32 0 -40 -11 -34 -13 -46 1 0 -45 38 44 -33 -21 11 19 0 -30 0 -44 48 9 13 -28 -43 -28 0 -39 -38 
-15 17 12 -20 -41 -1 -20 19 0 -49 10 0 40 23 -32 9 -47 12 0 40 -19 -26 -43 -49 10 -41 11 17 -33 -49 -40 -46 6 -25 11 -25 -40 11 -10 37 
-11 36 39 47 32 20 15 0 29 10 -48 30 41 2 0 2 -33 -32 0 -24 -6 1 -2 3 48 47 -19 16 -35 -33 31 32 -43 42 0 -22 44 25 0 0 
-20 -1 30 13 48 43 22 -24 32 0 30 35 40 36 7 17 10 -5 -11 -31 0 19 41 -21 0 0 -23 36 13 8 -16 -11 -34 -20 37 -41 -30 8 -6 33 
26 21 -38 -23 46 18 27 -13 0 40 41 40 22 -13 0 -40 0 0 0 0 0 -39 -37 -8 22 2 36 40 40 5 -18 23 -20 0 19 -27 43 -12 22 0 
-29 -10 19 32 0 -23 40 -47 -40 23 2 36 -13 0 10 -14 0 -37 -13 19 31 3 -48 -11 11 0 16 0 22 33 0 35 41 -22 -9 29 5 10 -41 17 
-24 0 -16 -18 14 -4 -8 13 -11 -32 0 7 0 10 -34 13 40 22 44 39 33 10 -19 26 -12 -25 -41 0 -12 7 14 -20 -30 0 -41 13 45 -16 49 -9 
-15 4 6 -44 -20 1 31 -17 -34 9 2 17 -40 -14 13 35 0 39 -32 -21 -18 40 1 1 14 14 -4 0 10 9 25 -23 1 20 28 31 0 49 -49 -34 
-4 0 46 46 -14 -4 31 14 -13 -47 -33 10 0 0 40 0 -41 -29 22 -35 -25 5 -24 17 -15 -40 -20 8 13 -37 16 -43 7 -26 0 3 21 -34 32 17 
12 -31 -28 33 0 -26 30 0 -46 12 -32 -5 0 -37 22 39 -29 0 44 42 -38 3 42 9 23 1 49 -17 -2 1 32 -49 -6 -25 34 0 -44 40 26 -14 
40 26 0 -38 -2 -22 34 -48 1 0 0 -11 0 -13 44 -32 22 44 -32 -4 42 22 -1 0 -30 -1 -7 -2 -35 -43 3 38 -15 -6 1 34 -6 -46 1 2 
35 27 30 -24 0 39 0 49 0 40 -24 -31 0 19 39 -21 -35 42 -4 36 36 32 42 0 -34 -16 13 10 18 29 41 -30 1 8 22 23 -12 -6 -31 16 
39 -28 16 5 0 -14 -14 -42 -45 -19 -6 0 0 31 33 -18 -25 -38 42 36 -7 0 -47 0 0 -20 3 -2 -49 -46 0 20 21 -45 -17 0 33 0 18 0 
16 12 -7 8 13 -29 33 -23 38 -26 1 19 -39 3 10 40 5 3 22 32 0 -27 0 -22 17 13 -14 23 26 18 1 -29 2 -38 -14 0 39 36 32 -24 
-1 -9 21 37 18 0 -42 -2 44 -43 -2 41 -37 -48 -19 1 -24 42 -1 42 -47 0 0 10 -7 -2 -26 8 -12 0 6 -4 -13 4 -10 16 -12 -23 -31 21 
38 41 -23 38 -19 -11 36 -35 -33 -49 3 -21 -8 -11 26 1 17 9 0 0 0 -22 10 -49 42 -7 -30 -18 -46 35 -35 21 -30 47 8 1 2 31 -34 45 
-27 -28 0 32 -17 20 46 0 -21 10 48 0 22 11 -12 14 -15 23 -30 -34 0 17 -7 42 -40 -43 -24 -17 31 3 0 -2 -18 -21 48 25 -28 -42 -31 -43 
-4 36 12 -9 5 0 -17 0 11 -41 47 0 2 0 -25 14 -40 1 -1 -16 -20 13 -2 -7 -43 18 7 48 -34 -39 -34 40 24 15 1 31 -6 -45 31 6 
34 0 -32 17 -45 48 27 34 19 11 -19 -23 36 16 -41 -4 -20 49 -7 13 3 -14 -26 -30 -24 7 -9 5 47 -25 34 33 -41 -27 15 20 26 22 37 -12 
-42 -37 5 20 49 27 -31 -43 0 17 16 36 40 0 0 0 8 -17 -2 10 -2 23 8 -18 -17 48 5 -24 -15 -27 34 -38 -22 34 -3 -42 32 23 -25 -39 
0 -30 17 -38 -41 6 0 -11 -30 -33 -35 13 40 22 -12 10 13 -2 -35 18 -49 26 -12 -46 31 -34 47 -15 0 0 28 0 -31 33 27 0 -2 -6 9 9 
-7 -18 -45 -48 17 46 1 -30 0 -49 -33 8 5 33 7 9 -37 1 -43 29 -46 18 0 35 3 -39 -25 -27 0 44 40 -21 -27 -18 -42 31 -41 -47 4 37 
20 -43 -42 -39 -33 43 17 44 -44 -40 31 -16 -18 0 14 25 16 32 3 41 0 1 6 -35 0 -34 34 34 28 40 0 0 -14 0 16 40 -19 -29 3 41 
22 6 -14 -16 2 5 44 -44 48 -46 32 -11 23 35 -20 -23 -43 -49 38 -30 20 -29 -4 21 -2 40 33 -38 0 -21 0 10 -17 15 37 -26 31 43 0 49 
-7 0 -27 -28 -20 -42 30 35 9 6 -43 -34 -20 41 -30 1 7 -6 -15 1 21 2 -13 -30 -18 24 -41 -22 -31 -27 -14 -17 0 34 1 8 -25 -37 39 42 
-40 41 48 0 -25 -43 -18 -16 13 -25 42 -20 0 -22 0 20 -26 -25 -6 8 -45 -38 4 47 -21 15 -27 34 33 -18 0 15 34 -16 6 -27 2 -23 -39 32 
0 -16 17 18 -30 15 34 0 -28 11 0 37 19 -9 -41 28 0 34 1 22 -17 -14 -10 8 48 1 15 -3 27 -42 16 37 1 6 39 -25 -11 -13 -48 9 
-25 48 29 0 -35 -7 -19 6 -43 -25 -22 -41 -27 29 13 31 3 0 34 23 0 0 16 1 25 31 20 -42 0 31 40 -26 8 -27 -25 0 46 0 29 39 
36 6 -4 48 43 36 -11 0 -28 -40 44 -30 43 5 45 0 21 -44 -6 -12 33 39 -12 2 -28 -6 26 32 -2 -41 -19 31 -25 2 -11 46 2 32 -20 -10 
40 37 8 26 -35 10 46 7 0 11 25 8 -12 10 -16 49 -34 40 -46 -6 0 36 -23 31 -42 -45 22 23 -6 -47 -29 43 -37 -23 -13 0 32 36 -47 8 
16 12 2 -39 -3 -31 46 -8 -39 -10 0 -6 22 -41 49 -49 32 26 1 -31 18 32 -31 -34 -31 31 37 -25 9 4 3 0 39 -39 -48 29 -20 -47 -5 20 
0 11 0 24 -45 11 16 39 -38 37 0 33 0 17 -9 -34 17 -14 2 16 0 -24 21 45 -43 6 -12 -39 9 37 41 49 42 32 9 39 -10 8 20 49 
