40
-39 -45 0 0 0 0 0 0 -45 -34 -18 20 0 27 15 0 0 0 27 8 -37 47 15 0 32 0 23 47 -25 -40 -33 25 -47 0 15 0 37 0 -14 17 
-7 -44 0 -44 -47 0 25 24 26 -36 40 0 3 0 0 0 0 0 -18 -37 0 0 0 17 0 11 0 -6 13 0 2 0 6 0 -16 0 0 0 -5 47 
-44 0 13 -13 0 -41 -13 0 -21 32 0 -21 -12 36 -41 14 0 0 0 0 0 -42 0 1 -15 -23 -32 0 -42 42 0 39 21 0 31 -37 -10 0 0 -46 
0 13 -24 0 0 -42 -23 0 0 7 0 0 0 0 -29 -28 0 -3 -3 0 -27 0 0 -12 0 -35 35 0 0 -8 0 0 40 -49 -4 0 -47 -11 0 7 
-44 -13 0 -27 -2 0 3 -9 0 0 2 0 -26 0 15 0 0 1 0 0 7 -8 0 -16 0 0 -28 38 26 15 -2 14 -18 27 -48 0 46 0 43 23 
-47 0 0 -2 0 0 0 0 0 0 42 41 0 -42 0 0 0 0 40 47 -25 0 3 14 0 0 -5 0 0 0 41 39 0 0 0 -47 0 -32 7 0 
0 -41 -42 0 0 10 0 -16 0 0 3 -10 0 41 0 0 34 29 -11 -17 0 38 -8 5 8 -39 0 -5 0 -42 38 0 0 0 0 0 -4 35 31 -36 
25 -13 -23 3 0 0 0 -10 46 0 25 -48 0 0 0 12 0 46 -28 -41 0 0 0 8 38 0 0 0 0 0 0 0 25 0 0 0 -38 13 0 -13 
24 0 0 -9 0 -16 -10 0 0 0 -28 32 0 46 36 30 0 0 0 0 -36 41 0 0 -3 27 -45 49 0 0 35 0 0 20 0 21 -30 42 30 -13 
26 -21 0 0 0 0 46 0 -46 4 -37 0 0 0 0 0 47 49 -16 -25 0 -7 0 -38 -37 -23 -45 0 38 0 0 0 15 0 0 -34 -22 -18 -5 31 
-36 32 7 0 0 0 0 0 4 0 48 7 -13 0 -9 -1 0 0 28 9 21 0 36 0 -21 0 9 0 0 4 48 -11 -25 27 0 21 0 32 -44 0 
40 0 0 2 42 3 25 -28 -37 48 0 0 0 0 30 3 0 0 0 0 40 0 -14 0 8 -29 0 0 0 0 0 10 0 -4 0 0 0 0 0 -47 
0 -21 0 0 41 -10 -48 32 0 7 0 9 0 0 0 -25 0 0 37 0 -4 -20 5 26 -22 0 -49 26 -23 0 10 3 0 -3 -49 45 0 43 -1 -11 
3 -12 0 -26 0 0 0 0 0 -13 0 0 0 0 0 47 16 0 21 7 0 -7 6 0 2 24 0 -35 28 36 35 0 35 0 18 0 25 -18 25 5 
0 36 0 0 -42 41 0 46 0 0 0 0 0 -4 -34 31 -42 -23 5 17 0 0 0 5 28 -35 0 13 0 0 -44 0 -31 0 0 36 0 0 -33 36 
0 -41 -29 15 0 0 0 36 0 -9 30 0 0 -34 -40 0 10 40 -30 -34 31 -18 0 -9 35 16 -44 -1 0 0 0 4 0 35 0 0 0 0 0 0 
0 14 -28 0 0 0 12 30 0 -1 3 -25 47 31 0 0 0 44 22 0 19 0 16 48 0 43 40 0 0 0 0 35 11 -1 -13 -46 38 8 0 2 
0 0 0 0 0 34 0 0 47 0 0 0 16 -42 10 0 44 0 0 -10 -43 -28 -25 -35 0 0 0 8 0 0 0 13 21 38 0 0 -24 9 0 37 
0 0 -3 1 0 29 46 0 49 0 0 0 0 -23 40 44 0 -9 -13 0 47 28 0 0 32 0 -47 0 37 44 0 0 -46 -6 0 13 -24 0 -33 0 
-18 0 -3 0 40 -11 -28 0 -16 28 0 37 21 5 -30 22 0 -13 -32 -2 0 30 -6 26 -12 27 0 0 31 -5 0 0 0 -12 -47 10 0 0 7 0 
-37 0 0 0 47 -17 -41 0 -25 9 0 0 7 17 -34 0 -10 0 -2 48 28 48 -34 -49 -38 0 0 0 -35 47 0 -41 0 0 7 0 2 42 -8 13 
0 0 -27 7 -25 0 0 -36 0 21 40 -4 0 0 31 19 -43 47 0 28 -11 0 0 22 0 0 3 -38 0 0 0 0 0 0 -48 38 0 -34 -14 -35 
0 -42 0 -8 0 38 0 41 -7 0 0 -20 -7 0 -18 0 -28 28 30 48 0 0 22 0 0 4 0 28 0 0 -47 0 -23 37 0 0 0 18 0 0 
0 0 0 0 3 -8 0 0 0 36 -14 5 6 0 0 16 -25 0 -6 -34 0 22 -35 0 0 0 0 -14 0 0 0 -25 0 13 41 0 0 -10 16 -6 
17 1 -12 -16 14 5 8 0 -38 0 0 26 0 5 -9 48 -35 0 26 -49 22 0 0 49 0 -35 39 26 -48 16 -33 41 -14 0 -42 0 -39 0 1 0 
0 -15 0 0 0 8 38 -3 -37 -21 8 -22 2 28 35 0 0 32 -12 -38 0 0 0 0 0 0 0 0 0 0 34 0 -12 -35 0 -11 0 -33 3 -9 
11 -23 -35 0 0 -39 0 27 -23 0 -29 0 24 -35 16 43 0 0 27 0 0 4 0 -35 0 30 -44 5 -22 36 -46 0 0 0 -49 0 0 43 0 0 
0 -32 35 -28 -5 0 0 -45 -45 9 0 -49 0 0 -44 40 0 -47 0 0 3 0 0 39 0 -44 -31 31 -44 0 38 41 0 0 25 0 -14 31 19 24 
-6 0 0 38 0 -5 0 49 0 0 0 26 -35 13 -1 0 8 0 0 0 -38 28 -14 26 0 5 31 46 -34 0 35 0 -8 -29 -47 48 0 38 0 44 
13 -42 0 26 0 0 0 0 38 0 0 -23 28 0 0 0 0 37 31 -35 0 0 0 -48 0 -22 -44 -34 0 33 -23 -41 0 0 -41 0 0 0 0 48 
0 42 -8 15 0 -42 0 0 0 4 0 0 36 0 0 0 0 44 -5 47 0 0 0 16 0 36 0 0 33 -31 8 0 -46 34 0 16 0 0 -6 8 
2 0 0 -2 41 38 0 35 0 48 0 10 35 -44 0 0 0 0 0 0 0 -47 0 -33 34 -46 38 35 -23 8 25 9 4 0 -38 20 0 8 35 0 
0 39 0 14 39 0 0 0 0 -11 10 3 0 0 4 35 13 0 0 -41 0 0 -25 41 0 0 41 0 -41 0 9 13 0 -24 -44 33 22 0 -15 0 
6 21 40 -18 0 0 25 0 15 -25 0 0 35 -31 0 11 21 -46 0 0 0 -23 0 -14 -12 0 0 -8 0 -46 4 0 0 -46 -48 12 -30 0 39 -37 
0 0 -49 27 0 0 0 20 0 27 -4 -3 0 0 35 -1 38 -6 -12 0 0 37 13 0 -35 0 0 -29 0 34 0 -24 -46 12 22 0 0 -14 -5 -7 
-16 31 -4 -48 0 0 0 0 0 0 0 -49 18 0 0 -13 0 0 -47 7 -48 0 41 -42 0 -49 25 -47 -41 0 -38 -44 -48 22 28 49 -43 -1 0 -9 
0 -37 0 0 -47 0 0 21 -34 21 0 45 0 36 0 -46 0 13 10 0 38 0 0 0 -11 0 0 48 0 16 20 33 12 0 49 -49 0 0 -20 0 
0 -10 -47 46 0 -4 -38 -30 -22 0 0 0 25 0 0 38 -24 -24 0 2 0 0 0 -39 0 0 -14 0 0 0 0 22 -30 0 -43 0 -13 9 0 1 
0 0 -11 0 -32 35 13 42 -18 32 0 43 -18 0 0 8 9 0 0 42 -34 18 -10 0 -33 43 31 38 0 0 8 0 0 -14 -1 0 9 38 0 47 
-5 0 0 43 7 31 0 30 -5 -44 0 -1 25 -33 0 0 0 -33 7 -8 -14 0 16 1 3 0 19 0 0 -6 35 -15 39 -5 0 -20 0 0 6 0 
47 -46 7 23 0 -36 -13 -13 31 0 -47 -11 5 36 0 2 37 0 0 13 -35 0 -6 0 -9 0 24 44 48 8 0 0 -37 -7 -9 0 1 47 0 16 
