30
-15 46 -42 -16 -33 34 39 0 26 27 7 4 49 -38 -38 -7 0 -36 3 11 0 -31 18 0 0 32 -17 12 44 -45 
24 27 -44 20 14 9 47 -47 -32 0 0 -8 29 49 -44 -25 -1 0 0 -15 -11 -20 26 -29 -24 -15 -4 12 40 35 
27 39 16 -1 38 -27 -4 34 -42 0 -7 20 22 -7 -40 0 -25 36 40 16 0 27 40 -31 -16 0 -33 0 -5 17 
-44 16 36 -1 21 -10 0 4 0 -31 26 27 -28 12 -9 41 -28 36 0 -37 -30 -18 -43 6 0 41 -16 48 6 37 
20 -1 -1 12 11 29 -22 -37 14 -19 29 -41 12 39 30 -38 19 -16 6 46 -28 0 30 16 -7 21 -23 0 12 -32 
14 38 21 11 5 17 -45 -42 -14 -27 48 17 29 -4 8 2 0 -46 -36 -20 -21 0 -35 -20 47 13 -23 32 -18 -44 
9 -27 -10 29 17 46 33 -38 -24 5 8 37 38 32 -9 17 20 -38 -48 -39 -16 -28 0 18 0 48 26 -39 24 46 
47 -4 0 -22 -45 33 0 19 29 9 -41 32 48 46 0 14 -20 -14 0 -2 0 0 13 18 -19 -17 5 -45 49 -41 
-47 34 4 -37 -42 -38 19 17 -33 2 -20 -25 -30 -35 43 -35 -3 -45 39 45 0 -8 -1 20 43 18 -23 -4 1 -4 
-32 -42 0 14 -14 -24 29 -33 -26 -22 39 -14 -29 0 -11 20 0 48 27 6 46 43 5 -42 -43 15 -7 36 10 -31 
0 0 -31 -19 -27 5 9 2 -22 11 30 -46 -30 -20 15 22 27 40 -8 31 31 30 34 0 -14 33 -42 36 46 -17 
0 -7 26 29 48 8 -41 -20 39 30 27 -31 0 1 17 44 30 -18 34 -19 -11 46 46 16 -38 -29 19 0 -24 -13 
-8 20 27 -41 17 37 32 -25 -14 -46 -31 -47 13 -17 14 0 -48 49 -42 -23 -2 -35 0 0 34 -43 -11 -30 44 -44 
29 22 -28 12 29 38 48 -30 -29 -30 0 13 35 -16 0 6 0 7 -8 39 -42 0 29 32 0 -40 -11 -34 -13 -46 
49 -7 12 39 -4 32 46 -35 0 -20 1 -17 -16 1 0 -45 38 44 -33 -21 11 19 0 -30 0 -44 48 9 13 -28 
-44 -40 -9 30 8 -9 0 43 -11 15 17 14 0 0 -43 -28 0 -39 -38 -49 10 0 40 23 -32 9 -47 12 0 40 
-25 0 41 -38 2 17 14 -35 20 22 44 0 6 -45 -28 -19 -26 -43 -49 10 -41 11 17 -33 -49 -40 -46 6 -25 11 
-1 -25 -28 19 0 20 -20 -3 0 27 30 -48 0 38 0 -26 -25 -40 11 -10 37 -48 30 41 2 0 2 -33 -32 0 
0 36 36 -16 -46 -38 -14 -45 48 40 -18 49 7 44 -39 -43 -40 -24 -6 1 -2 3 48 47 -19 16 -35 -33 31 32 
0 40 0 6 -36 -48 0 39 27 -8 34 -42 -8 -33 -38 -49 11 -6 -43 42 0 -22 44 25 0 0 35 40 36 7 
-15 16 -37 46 -20 -39 -2 45 6 31 -19 -23 39 -21 -49 10 -10 1 42 17 10 -5 -11 -31 0 19 41 -21 0 0 
-11 0 -30 -28 -21 -16 0 0 46 31 -11 -2 -42 11 10 -41 37 -2 0 10 -23 36 13 8 -16 -11 -34 -20 37 -41 
-20 27 -18 0 0 -28 0 -8 43 30 46 -35 0 19 0 11 -48 3 -22 -5 36 -30 8 -6 33 22 -13 0 -40 0 
26 40 -43 30 -35 0 13 -1 5 34 46 0 29 0 40 17 30 48 44 -11 13 8 0 0 0 0 -39 -37 -8 22 
-29 -31 6 16 -20 18 18 20 -42 0 16 0 32 -30 23 -33 41 47 25 -31 8 -6 0 2 36 40 40 5 -18 23 
-24 -16 0 -7 47 0 -19 43 -43 -14 -38 34 0 0 -32 -49 2 -19 0 0 -16 33 0 36 -20 0 19 -27 43 -12 
-15 0 41 21 13 48 -17 18 15 33 -29 -43 -40 -44 9 -40 0 16 0 19 -11 22 0 40 0 22 0 0 10 -14 
-4 -33 -16 -23 -23 26 5 -23 -7 -42 19 -11 -11 48 -47 -46 2 -35 35 41 -34 -13 -39 40 19 0 0 -37 -13 19 
12 0 48 0 32 -39 -45 -4 36 36 0 -30 -34 9 12 6 -33 -33 40 -21 -20 0 -37 5 -27 0 -37 31 3 -48 
40 -5 6 12 -18 24 49 1 10 46 -24 44 -13 13 0 -25 -32 31 36 0 37 -40 -8 -18 43 10 -13 3 -11 11 
35 17 37 -32 -44 46 -41 -4 -31 -17 -13 -44 -46 -28 40 11 0 32 7 0 -41 0 22 23 -12 -14 19 -48 11 0 
