40
0 -12 0 0 -42 0 0 0 0 0 0 34 39 0 0 0 0 0 7 4 0 0 -15 -31 0 0 0 0 0 -36 3 11 0 0 -34 0 0 0 0 0 
0 0 -17 0 0 42 0 -45 0 46 0 0 0 23 34 45 0 0 47 -47 0 48 0 -8 29 0 0 25 -41 0 -1 0 0 0 0 0 0 -45 42 9 
0 -20 22 0 0 -4 0 0 0 0 0 -32 0 39 16 0 0 0 0 30 -21 5 0 0 -42 0 -7 20 0 46 0 0 0 0 -24 0 20 0 40 16 
-17 22 0 0 0 0 40 -31 -16 0 -33 0 0 0 0 17 36 -1 0 -9 10 4 0 0 0 0 0 17 -6 0 0 0 0 0 0 0 -12 0 0 0 
0 0 0 0 36 0 -37 0 48 0 -43 0 6 0 41 0 0 0 0 0 0 0 0 0 42 0 11 0 0 -45 -41 10 0 0 0 -36 0 0 -43 30 
0 0 0 36 0 -2 13 -4 0 -16 0 0 0 0 39 0 0 0 0 11 33 -46 -29 -48 15 0 19 -28 -26 43 -11 -49 0 -27 48 0 0 0 29 -4 
42 -4 0 0 -2 0 3 34 0 0 0 -36 -20 -21 0 -35 0 30 -7 -29 -24 0 -3 0 -44 0 39 0 0 -38 0 10 0 0 0 0 0 37 0 0 
0 0 40 -37 13 3 0 32 -9 17 0 0 -31 -35 0 0 -22 0 0 0 6 18 0 0 35 0 0 0 0 0 0 0 0 46 0 0 0 0 29 0 
-45 0 -31 0 -4 34 32 -49 -2 2 0 28 -4 21 6 0 0 0 -2 0 0 0 0 0 18 -19 0 0 0 5 -45 49 -41 17 -33 0 0 -3 0 0 
0 0 -16 48 0 0 -9 -2 0 0 -30 0 0 0 43 -35 -3 -45 39 45 0 -8 0 0 0 20 43 18 0 0 0 0 0 0 0 0 0 0 0 25 
46 0 0 0 -16 0 17 2 0 0 0 2 -23 44 -44 0 0 0 0 7 0 20 0 42 -8 0 43 0 -22 44 -35 0 29 0 36 0 27 -36 -34 0 
0 0 -33 -43 0 0 0 0 -30 0 0 0 21 0 -35 0 15 22 0 -5 0 0 -8 31 0 0 0 0 13 0 0 0 -14 33 0 21 0 0 46 -17 
0 -32 0 0 0 -36 0 28 0 2 0 0 0 0 0 -22 0 0 0 0 0 28 0 0 -18 34 -19 0 -20 0 0 0 32 29 0 0 -29 0 0 -44 
0 0 0 6 0 -20 -31 -4 0 -23 21 0 0 -19 -35 0 0 0 0 -17 14 0 0 0 0 0 0 0 0 14 0 0 0 3 -36 0 34 -43 0 -42 
23 39 0 0 0 -21 -35 21 0 44 0 0 -19 45 12 0 0 0 0 0 -16 0 0 0 0 0 7 0 0 -26 0 -42 0 0 0 0 0 0 0 0 
34 16 0 41 39 0 0 6 43 -44 -35 0 -35 12 0 49 -5 0 0 -13 0 18 0 0 0 -45 38 0 0 -35 0 -21 11 19 0 0 0 0 0 -44 
45 0 17 0 0 -35 0 0 -35 0 0 -22 0 0 49 48 9 13 -28 0 -8 0 0 0 -39 -38 0 0 0 0 0 40 23 0 0 -38 0 0 -46 0 
0 0 36 0 0 0 -22 0 -3 0 15 0 0 0 -5 9 -17 0 0 0 -33 9 -5 0 0 10 0 0 10 0 0 -29 -47 -18 2 0 -14 0 0 -32 
0 0 -1 0 0 30 0 0 -45 0 22 0 0 0 0 13 0 -33 0 -49 0 0 -3 11 0 0 0 44 0 -6 0 2 0 0 0 0 -33 0 0 0 
47 0 0 0 0 -7 0 -2 39 0 0 0 0 0 0 -28 0 0 0 -24 0 0 -24 0 0 0 0 0 0 0 48 0 -19 0 0 0 0 0 -35 0 
-47 30 -9 0 11 -29 0 0 45 7 -5 0 -17 0 -13 0 0 -49 -24 -11 -33 0 0 -43 0 0 -26 0 0 44 0 0 0 0 0 0 0 0 0 0 
0 -21 10 0 33 -24 6 0 0 0 0 0 14 -16 0 -8 -33 0 0 -33 0 0 0 0 0 0 24 0 0 0 0 -5 0 -22 -18 0 0 19 41 0 
48 5 4 0 -46 0 18 0 -8 20 0 28 0 0 18 0 9 0 0 0 0 0 0 0 0 -23 0 0 0 0 -42 47 25 -29 0 -15 -38 0 0 0 
0 0 0 0 -29 -3 0 0 0 0 -8 0 0 0 0 0 -5 -3 -24 0 0 0 0 0 0 48 0 0 0 -18 -32 0 0 0 0 0 -40 0 0 0 
-8 0 0 0 -48 0 0 0 0 42 31 0 0 0 0 0 0 11 0 -43 0 0 0 0 0 0 0 15 0 -8 0 42 0 0 0 0 -40 0 0 44 
29 -42 0 42 15 -44 35 18 0 -8 0 -18 0 0 0 -39 0 0 0 0 0 0 0 0 -40 0 0 23 0 0 0 0 19 -27 0 0 0 -12 0 0 
0 0 0 0 0 0 0 -19 20 0 0 34 0 0 -45 -38 10 0 0 0 0 -23 48 0 0 0 0 0 0 0 0 0 0 0 0 -37 0 0 18 22 
0 -7 0 11 19 39 0 0 43 43 0 -19 0 7 38 0 0 0 0 -26 24 0 0 0 0 0 0 3 0 0 0 0 -41 0 0 0 16 0 0 0 
25 20 17 0 -28 0 0 0 18 0 0 0 0 0 0 0 0 44 0 0 0 0 0 15 23 0 3 14 0 0 35 41 -22 0 0 6 0 0 0 0 
-41 0 -6 0 -26 0 0 0 0 -22 13 -20 0 0 0 0 10 0 0 0 0 0 0 0 0 0 0 0 10 -41 17 -34 0 0 0 0 0 -14 0 44 
0 46 0 -45 43 -38 0 5 0 44 0 0 14 -26 -35 0 0 -6 0 44 0 0 -18 -8 0 0 0 0 -41 39 0 0 0 0 49 0 18 0 0 43 
-1 0 0 -41 -11 0 0 -45 0 -35 0 0 0 0 0 0 0 0 48 0 0 -42 -32 0 0 0 0 35 17 0 -10 -31 36 44 0 0 0 32 43 0 
0 0 0 10 -49 10 0 49 0 0 0 0 0 -42 -21 40 -29 2 0 0 -5 47 0 42 0 0 0 41 -34 0 -31 0 0 0 -7 -5 -3 0 -44 -13 
0 0 0 0 0 0 0 -41 0 29 -14 32 0 0 11 23 -47 0 -19 0 0 25 0 0 19 0 -41 -22 0 0 36 0 0 0 0 0 0 39 0 0 
0 0 0 0 -27 0 46 17 0 0 33 29 3 0 19 0 -18 0 0 0 -22 -29 0 0 -27 0 0 0 0 0 44 0 0 0 -21 -18 40 1 1 14 
0 -24 0 0 48 0 0 -33 0 36 0 0 -36 0 0 0 2 0 0 0 -18 0 0 0 0 0 0 0 0 49 0 -7 0 -21 0 0 0 0 38 0 
0 0 0 -36 0 0 0 0 0 0 21 0 0 0 0 -38 0 0 0 0 0 -15 0 0 0 -37 0 6 0 0 0 -5 0 -18 0 0 -32 0 25 0 
0 20 -12 0 0 0 0 0 0 27 0 -29 34 0 0 0 -14 -33 0 0 0 -38 -40 -40 0 0 16 0 0 18 0 -3 0 40 0 -32 0 0 1 20 
-45 0 0 0 0 37 0 -3 0 -36 0 0 -43 0 0 0 0 0 0 0 19 0 0 0 -12 0 0 0 -14 0 32 0 39 1 0 0 0 28 0 0 
42 40 0 -43 29 0 29 0 0 -34 46 0 0 0 0 -46 0 0 -35 0 41 0 0 0 0 18 0 0 0 0 43 -44 0 1 38 25 1 0 13 -32 
9 16 0 30 -4 0 0 0 25 0 -17 -44 -42 0 -44 0 -32 0 0 0 0 0 0 44 0 22 0 0 44 43 0 -13 0 14 0 0 20 0 -32 0 
