50
0 -15 0 19 49 10 0 0 0 0 0 0 0 -11 31 36 0 0 0 0 0 0 -11 0 35 -6 0 34 0 3 22 0 -29 0 0 9 -29 40 14 25 43 -36 -21 11 0 0 0 -43 0 21 
-34 0 0 3 0 -48 43 10 0 0 16 -10 0 0 -35 0 -20 0 35 -15 -26 -47 -23 0 0 0 0 0 0 -17 0 11 36 26 -21 0 41 44 0 -9 25 0 0 0 0 0 0 -26 3 29 
0 0 -8 -42 0 2 0 0 0 0 15 42 0 0 0 -32 0 48 -24 -45 40 0 -42 45 -39 20 0 0 -37 0 0 -8 -1 14 0 -28 -40 0 -41 33 -42 0 0 0 0 0 -45 0 -34 0 
0 -8 0 -35 0 0 -29 -29 0 -40 -9 0 0 0 -13 27 -40 0 0 0 0 0 43 -46 0 0 -34 45 10 0 0 -28 0 0 43 -8 -31 0 0 -18 15 8 -2 0 12 -34 -2 0 13 0 
3 -42 -35 0 0 -5 3 22 0 0 21 -1 0 -15 0 0 -49 -49 -17 0 -35 -49 -26 0 18 0 0 0 -49 41 38 0 0 -46 0 -6 -1 0 -6 34 -29 0 0 0 0 12 0 0 20 -15 
0 0 0 0 0 0 0 11 -4 0 0 0 0 0 44 -17 45 -6 0 0 -47 12 0 0 0 0 0 0 -46 0 0 0 -18 11 0 4 0 0 0 15 0 0 0 -10 -16 -47 -21 0 -41 16 
-48 2 0 -5 0 0 0 0 -1 0 0 17 15 46 0 38 0 0 0 0 0 0 0 0 0 38 22 -35 0 0 -45 -1 0 -37 14 -43 0 0 0 19 0 20 0 -2 0 0 0 0 -47 0 
43 0 -29 3 0 0 27 0 0 -43 -32 -26 0 11 0 0 -48 0 -34 27 -11 0 43 0 41 -13 0 0 13 0 -6 0 0 0 0 -23 -16 0 -3 0 -48 -21 0 5 9 0 0 -10 0 0 
10 0 -29 22 11 0 0 0 0 0 -21 0 23 -9 0 0 39 -37 0 0 -8 -3 -18 0 -45 10 0 -29 0 0 34 -31 -37 0 -40 0 0 12 0 0 -18 0 -44 -27 0 0 11 0 27 0 
0 0 0 0 -4 -1 0 0 0 0 0 17 0 29 -35 0 25 0 0 0 8 -1 0 0 0 0 0 -49 0 0 17 0 0 0 1 -14 9 0 10 0 0 0 39 -20 0 3 0 -49 40 0 
0 0 -40 0 0 0 -43 0 0 0 38 -26 -2 0 0 0 -16 0 42 0 0 0 0 0 6 43 -16 0 0 23 0 2 0 -5 0 0 0 0 16 0 -2 0 -6 0 -14 0 0 29 -47 40 
16 15 -9 21 0 0 -32 -21 0 38 0 11 40 -23 0 -12 0 40 0 12 -16 -8 -10 0 0 -34 -36 0 0 0 19 16 0 29 14 13 -2 11 -10 -17 -17 0 -8 -16 0 0 0 0 8 0 
-10 42 0 -1 0 17 -26 0 17 -26 11 31 39 46 -38 0 0 0 0 0 0 0 -34 21 0 0 6 0 0 -25 7 0 -8 0 0 0 0 -8 0 -43 0 8 0 0 26 34 -17 0 0 7 
0 0 0 0 0 15 0 23 0 -2 40 39 0 0 -23 0 31 0 27 0 0 -42 0 -49 0 -17 0 -4 0 0 0 -31 24 0 25 0 -36 -47 -26 0 0 24 7 0 14 0 0 0 -42 22 
0 0 0 -15 0 46 11 -9 29 0 -23 46 0 33 -16 -19 0 -44 0 -26 0 15 -10 0 0 0 0 0 -29 -36 -32 -39 0 0 -20 0 0 -26 0 20 -3 0 9 0 0 -22 36 0 -41 0 
-35 0 -13 0 44 0 0 0 -35 0 0 -38 -23 -16 0 0 16 -40 0 -47 37 0 25 -23 -35 0 0 -21 0 -35 0 0 0 15 0 -21 44 0 19 0 -49 48 16 -24 -46 28 0 0 0 -47 
0 -32 27 0 -17 38 0 0 0 0 -12 0 0 -19 0 -44 -30 -47 0 0 11 -13 34 13 39 0 40 0 -23 13 0 0 0 0 43 -6 0 -21 0 25 -43 0 0 0 -33 0 0 0 0 0 
-20 0 -40 -49 45 0 -48 39 25 -16 0 0 31 0 16 -30 0 38 0 7 0 20 -15 0 -33 -6 6 0 -14 0 14 0 10 0 0 37 0 0 0 36 31 0 -29 -10 0 -20 28 7 0 0 
0 48 0 -49 -6 0 0 -37 0 0 40 0 0 -44 -40 -47 38 -28 0 -36 15 -27 0 0 0 -3 -28 0 0 -35 -32 0 0 0 0 0 0 -47 0 0 26 0 41 0 14 0 0 18 30 -45 
35 -24 0 -17 0 0 -34 0 0 42 0 0 27 0 0 0 0 0 -1 -8 -47 27 28 -39 6 0 -21 -49 17 0 0 0 0 24 -34 0 0 0 -32 0 44 -30 42 -11 0 -49 -13 0 0 0 
-15 -45 0 0 0 0 27 0 0 0 12 0 0 -26 -47 0 7 -36 -8 49 0 0 -4 38 0 0 0 0 0 0 0 0 0 -10 0 23 0 0 -37 0 0 0 0 -16 0 -39 0 37 0 41 
-26 40 0 -35 -47 0 -11 -8 8 0 -16 0 0 0 37 11 0 15 -47 0 0 0 18 0 0 26 15 0 -40 0 0 44 0 0 0 -47 -11 6 44 0 -7 0 -35 0 0 8 -25 0 0 -23 
-47 0 0 -49 12 0 0 -3 -1 0 -8 0 -42 15 0 -13 20 -27 27 0 0 0 0 -6 26 0 13 0 0 -13 0 -4 0 37 0 42 0 -17 18 0 0 46 0 0 0 47 0 -36 -38 0 
-23 -42 43 -26 0 0 43 -18 0 0 -10 -34 0 -10 25 34 -15 0 28 -4 18 0 19 -17 -36 0 -30 0 6 -9 0 0 -30 0 0 0 41 -42 49 0 0 -49 0 49 1 0 0 -28 27 0 
0 45 -46 0 0 0 0 0 0 0 0 21 -49 0 -23 13 0 0 -39 38 0 -6 -17 -39 0 0 36 -22 0 38 -16 0 46 0 25 0 0 13 22 -2 0 0 -10 0 0 0 -27 -4 0 -46 
0 -39 0 18 0 0 41 -45 0 6 0 0 0 0 -35 39 -33 0 6 0 0 26 -36 0 0 0 -26 -21 -6 0 -46 0 -16 0 0 0 -39 0 0 0 28 0 0 18 31 42 -6 0 -32 0 
0 20 0 0 0 38 -13 10 0 43 -34 0 -17 0 0 0 -6 -3 0 0 26 0 0 0 0 37 33 15 0 0 0 0 -38 -7 43 0 0 0 -8 -16 10 0 37 -12 9 0 10 -23 0 -15 
0 0 -34 0 0 22 0 0 0 -16 -36 6 0 0 0 40 6 -28 -21 0 15 13 -30 36 -26 33 -11 -48 -44 0 34 -17 25 -28 12 40 0 0 0 0 -9 -26 -34 0 0 0 0 0 0 29 
0 0 45 0 0 -35 0 -29 -49 0 0 0 -4 0 -21 0 0 0 -49 0 0 0 0 -22 -21 15 -48 14 37 0 3 -8 0 0 -46 45 0 0 -30 0 0 41 -32 15 0 0 13 10 0 34 
0 -37 10 -49 -46 0 13 0 0 0 0 0 0 -29 0 -23 -14 0 17 0 -40 0 6 0 -6 0 -44 37 0 0 -47 40 0 0 37 -15 5 0 0 0 0 0 9 6 0 -46 0 0 38 0 
-17 0 0 41 0 0 0 0 0 23 0 -25 0 -36 -35 13 0 -35 0 0 0 -13 -9 38 0 0 0 0 0 0 0 -2 -6 10 0 10 42 0 0 -5 0 0 0 0 -22 41 9 0 39 -30 
0 0 0 38 0 -45 -6 34 17 0 19 7 0 -32 0 0 14 -32 0 0 0 0 0 -16 -46 0 34 3 -47 0 27 32 28 34 -38 -21 0 0 -28 21 0 2 -1 0 -40 0 -27 -35 7 40 
11 -8 -28 0 0 -1 0 -31 0 2 16 0 -31 -39 0 0 0 0 0 0 44 -4 0 0 0 0 -17 -8 40 -2 32 0 0 -45 0 -2 28 0 0 -12 0 -23 0 -33 29 2 39 0 12 0 
36 -1 0 0 -18 0 0 -37 0 0 0 -8 24 0 0 0 10 0 0 0 0 0 -30 46 -16 -38 25 0 0 -6 28 0 0 0 0 9 0 -34 0 -20 0 0 -32 0 41 0 0 -34 45 35 
26 14 0 -46 11 -37 0 0 0 -5 29 0 0 0 15 0 0 0 24 -10 0 37 0 0 0 -7 -28 0 0 10 34 -45 0 0 -45 -18 18 0 0 0 -47 -5 0 0 0 0 0 0 0 -45 
-21 0 43 0 0 14 0 -40 1 0 14 0 25 -20 0 43 0 0 -34 0 0 0 0 25 0 43 12 -46 37 0 -38 0 0 -45 -44 17 40 0 -28 -12 0 0 -3 0 -36 -49 -3 18 31 0 
0 -28 -8 -6 4 -43 -23 0 -14 0 13 0 0 0 -21 -6 37 0 0 23 -47 42 0 0 0 0 40 45 -15 10 -21 -2 9 -18 17 0 0 0 0 -31 -34 0 27 21 0 -36 0 -24 0 -6 
41 -40 -31 -1 0 0 -16 0 9 0 -2 0 -36 0 44 0 0 0 0 0 -11 0 41 0 -39 0 0 0 5 42 0 28 0 18 40 0 -3 0 0 -21 0 -2 0 0 0 -47 48 -39 0 -47 
44 0 0 0 0 0 0 12 0 0 11 -8 -47 -26 0 -21 0 -47 0 0 6 -17 -42 13 0 0 0 0 0 0 0 0 -34 0 0 0 0 4 -42 0 -13 0 44 -6 0 0 0 33 0 -39 
0 -41 0 -6 0 0 -3 0 10 16 -10 0 -26 0 19 0 0 0 -32 -37 44 18 49 22 0 -8 0 -30 0 0 -28 0 0 0 -28 0 0 -42 5 23 0 -43 0 15 -26 0 -41 0 0 -31 
-9 33 -18 34 15 19 0 0 0 0 -17 -43 0 20 0 25 36 0 0 0 0 0 0 -2 0 -16 0 0 0 -5 21 -12 -20 0 -12 -31 -21 0 23 0 0 -23 -23 15 -35 0 10 -11 0 0 
25 -42 15 -29 0 0 -48 -18 0 -2 -17 0 0 -3 -49 -43 31 26 44 0 -7 0 0 0 28 10 -9 0 0 0 0 0 0 -47 0 -34 0 -13 0 0 12 0 0 0 0 46 0 22 -3 14 
0 0 8 0 0 20 -21 0 0 0 0 8 24 0 48 0 0 0 -30 0 0 46 -49 0 0 0 -26 41 0 0 2 -23 0 -5 0 0 -2 0 -43 -23 0 -34 0 -34 0 37 2 -3 3 -26 
0 0 -2 0 0 0 0 -44 39 -6 -8 0 7 9 16 0 -29 41 42 0 -35 0 0 -10 0 37 -34 -32 9 0 -1 0 -32 0 -3 27 0 44 0 -23 0 0 0 12 0 0 19 40 25 8 
0 0 0 0 -10 -2 5 -27 -20 0 -16 0 0 0 -24 0 -10 0 -11 -16 0 0 49 0 18 -12 0 15 6 0 0 -33 0 0 0 21 0 -6 15 15 0 -34 12 0 0 -47 -49 0 0 36 
0 0 12 0 -16 0 9 0 0 -14 0 26 14 0 -46 -33 0 14 0 0 0 0 1 0 31 9 0 0 0 -22 -40 29 41 0 -36 0 0 0 -26 -35 0 0 0 0 0 27 0 0 -6 0 
0 0 -34 12 -47 0 0 0 3 0 0 34 0 -22 28 0 -20 0 -49 -39 8 47 0 0 42 0 0 0 -46 41 0 2 0 0 -49 -36 -47 0 0 0 46 37 0 -47 27 38 0 30 -24 -30 
0 -45 -2 0 -21 0 0 11 0 0 0 -17 0 36 0 0 28 0 -13 0 -25 0 0 -27 -6 10 0 13 0 9 -27 39 0 0 -3 0 48 0 -41 10 0 2 19 -49 0 0 0 0 14 0 
-26 0 0 0 0 0 -10 0 -49 29 0 0 0 0 0 0 7 18 0 37 0 -36 -28 -4 0 -23 0 10 0 0 -35 0 -34 0 18 -24 -39 33 0 -11 22 -3 40 0 0 30 0 28 -5 0 
3 -34 13 20 -41 -47 0 27 40 -47 8 0 -42 -41 0 0 0 30 0 0 0 -38 27 0 -32 0 0 0 38 39 7 12 45 0 31 0 0 0 0 0 -3 3 25 0 -6 -24 14 -5 0 -3 
29 0 0 -15 16 0 0 0 0 40 0 7 22 0 -47 0 0 -45 0 41 -23 0 0 -46 0 -15 29 34 0 -30 40 0 35 -45 0 -6 -47 -39 -31 0 14 -26 8 36 0 -30 0 0 -3 0 
