50
0 -12 0 0 -42 0 0 0 0 0 0 34 0 -20 0 0 0 0 0 -11 0 0 0 0 -15 -31 0 0 0 0 0 -36 3 11 0 0 -34 0 0 0 0 0 0 0 -17 0 0 42 0 -45 
0 46 0 0 0 23 34 45 0 0 47 -47 0 0 0 0 0 -8 29 0 0 0 0 0 0 0 -5 0 -6 0 0 0 0 0 0 0 42 9 -20 22 0 0 0 0 0 0 0 0 0 0 
46 -32 0 39 16 0 0 0 0 30 0 0 -4 34 0 0 0 0 0 29 22 0 0 0 0 0 0 0 0 0 -24 0 0 0 0 0 40 16 0 0 0 0 40 0 0 0 -16 0 -33 0 
0 0 0 0 0 0 -40 0 0 -1 0 -9 10 4 0 0 0 0 0 0 0 0 -6 0 0 0 0 0 0 0 -12 0 0 0 0 36 0 0 -34 48 0 -43 0 0 35 41 0 0 0 0 
0 39 0 0 0 0 0 0 0 0 42 0 11 0 0 0 -22 -37 0 0 0 0 0 -36 0 0 -43 30 0 -2 13 -4 0 -16 0 0 0 0 39 0 0 0 0 11 33 0 0 0 -29 -48 
0 16 0 0 15 0 19 -28 0 0 0 43 0 -42 -14 -27 48 0 0 0 29 -4 0 3 34 0 0 0 -36 -20 -21 0 -35 0 30 -7 -29 -24 0 -3 0 -44 0 0 0 0 0 0 -38 0 
23 0 0 0 0 0 0 0 0 0 0 0 0 37 0 0 0 32 -9 17 0 0 -31 -35 0 0 -22 0 0 0 6 18 0 0 0 0 0 0 0 0 0 0 0 0 0 46 0 0 0 0 
34 0 -40 0 19 0 0 0 0 0 -49 -2 2 0 28 -4 21 0 0 0 0 0 0 -2 0 0 0 0 5 0 0 18 -19 0 0 0 5 -45 49 -41 17 0 0 0 0 0 -3 0 0 0 
45 0 0 0 -28 0 0 0 -30 0 0 0 0 -8 0 0 -3 0 0 0 39 45 0 -8 0 0 0 20 43 18 0 0 0 0 0 0 0 0 0 0 0 0 0 0 0 0 2 -23 0 0 
0 0 0 0 0 0 0 -30 0 0 0 0 0 0 0 0 7 0 0 14 0 0 0 -8 0 43 0 -22 0 23 0 0 0 0 0 0 0 36 0 27 0 0 11 0 0 0 0 21 0 -35 
0 30 -1 0 0 0 0 0 0 0 15 22 0 -5 0 0 0 4 -25 0 0 0 0 -16 0 0 0 0 0 33 0 21 0 0 0 19 0 0 0 0 0 26 0 0 0 0 28 0 0 -18 
47 0 0 42 0 0 -49 0 0 15 34 0 0 17 0 0 0 0 0 32 0 -33 0 -29 0 0 -44 0 -19 -35 0 0 0 0 -17 14 0 0 0 0 0 0 0 0 14 0 0 0 3 0 
-47 0 -9 0 43 0 -2 0 0 22 0 0 0 0 34 -43 0 -42 0 0 0 12 0 0 0 0 0 -16 0 0 0 0 0 7 0 0 -26 0 -42 0 0 0 0 0 0 0 0 0 0 0 
0 -4 10 11 0 0 2 0 0 0 0 0 0 -5 0 0 -13 0 18 0 0 0 -45 38 0 0 -35 0 -21 11 19 0 0 0 0 0 -44 48 9 13 -28 0 -8 0 0 0 -39 -38 0 0 
0 34 4 0 -42 37 0 -8 0 -5 17 0 -5 0 0 0 0 8 0 0 0 0 -38 0 0 0 0 0 0 -17 0 0 0 -33 9 0 0 0 0 0 10 0 0 10 0 0 -29 -47 -18 0 
0 0 0 0 -14 0 28 0 0 0 0 34 0 0 5 0 0 3 -32 -33 0 -49 0 0 -3 11 0 0 0 0 0 0 0 -6 0 0 40 0 0 0 0 -23 0 0 0 -24 0 0 0 1 
0 0 0 0 -27 0 -4 0 0 0 0 -43 0 0 0 0 0 0 0 0 0 0 0 0 0 -19 0 0 0 0 0 -35 0 0 -28 -26 0 -43 0 0 -26 0 0 44 0 0 0 0 0 0 
0 0 0 -22 48 0 21 -3 7 0 0 0 -13 0 0 0 0 0 0 0 0 0 0 0 0 0 24 0 0 0 0 0 0 -21 0 -31 0 0 0 19 41 0 0 0 0 0 0 0 0 0 
-8 0 0 -37 0 32 0 0 0 4 0 -42 0 8 3 0 0 0 0 0 0 0 0 47 0 -21 0 0 0 -15 -38 0 0 0 0 0 0 48 0 0 0 -18 0 0 0 0 0 0 0 0 
29 0 0 0 0 -9 0 0 0 -25 0 0 18 0 -32 0 0 0 -40 0 0 0 0 0 0 0 15 0 0 0 -46 0 0 0 0 0 0 -40 0 0 44 0 31 0 23 0 0 0 0 19 
0 29 0 0 0 17 0 0 14 0 32 0 0 0 -33 0 0 0 0 -27 0 0 0 -12 0 0 0 0 0 0 0 0 0 0 0 0 -37 0 0 0 0 0 22 0 3 0 0 0 0 -41 
0 22 0 0 29 0 0 39 0 0 0 0 0 0 0 0 0 0 0 0 0 0 0 16 0 0 0 14 0 0 35 41 -22 0 0 6 0 0 0 0 0 0 0 -41 17 -34 0 0 0 0 
0 0 0 0 -4 0 0 45 0 0 -33 12 0 0 -49 0 0 0 0 0 0 0 -14 0 44 39 0 0 0 0 0 -33 18 0 0 0 -5 0 -41 0 -12 0 0 0 0 32 0 0 0 0 
0 0 -6 0 0 -31 0 0 0 0 0 0 -45 -38 0 0 0 0 0 0 0 -14 0 0 0 0 -38 -20 -23 -44 0 0 0 0 0 0 0 0 39 0 0 0 -21 -18 0 0 0 1 1 14 
0 0 0 -36 3 -35 -2 -8 -8 -16 -29 0 38 0 0 0 0 47 0 -12 16 0 0 0 0 0 0 38 0 0 0 0 -10 0 3 0 1 20 28 0 0 13 -32 0 -49 0 0 0 0 0 
0 0 0 0 34 0 0 0 0 0 0 0 0 0 -3 0 0 0 0 0 0 44 0 0 0 0 0 0 -16 0 -42 0 0 0 0 0 0 0 0 0 0 0 0 0 -20 0 0 0 13 0 
0 0 0 0 0 0 0 0 43 0 0 0 0 0 11 -19 0 -21 0 0 0 39 0 0 0 0 0 0 36 -39 -2 0 0 0 0 -26 0 0 0 39 0 -8 -12 0 0 0 0 0 27 37 
-5 0 0 -43 0 -22 0 0 0 0 -44 0 -35 0 0 0 24 0 15 0 0 0 -38 0 0 0 0 0 0 0 -35 0 26 0 0 0 0 -17 0 0 0 1 0 15 0 0 0 0 -33 0 
0 0 0 30 0 0 0 20 -22 0 0 -16 0 0 0 0 0 0 0 0 14 0 -20 38 0 0 0 0 13 -44 0 0 -4 -35 0 0 49 0 8 0 22 0 0 0 0 0 8 0 0 0 
-6 0 0 0 -36 0 5 43 0 0 -19 0 -21 0 0 0 0 0 0 0 0 0 -23 0 -16 36 0 13 0 0 0 29 0 -37 -10 0 0 0 0 0 0 0 -6 0 0 0 0 0 0 0 
0 0 0 -2 -20 0 0 18 23 33 -35 0 11 -17 0 0 0 -15 0 0 0 0 -44 0 0 -39 0 -44 0 0 0 0 0 0 0 0 0 0 0 0 0 0 36 2 0 42 0 0 0 13 
0 -24 -12 13 -21 6 0 0 0 0 0 0 19 0 0 0 0 -38 -46 0 35 0 0 0 -42 -2 -35 0 0 0 36 0 0 0 0 18 0 -25 0 0 0 34 0 0 0 42 20 0 0 0 
0 0 0 -4 0 18 18 0 0 21 0 0 0 0 0 -35 0 0 0 0 41 -33 0 0 0 0 0 0 29 0 0 0 0 -6 0 0 0 0 47 -28 -47 0 0 -20 3 -2 0 0 0 -46 
0 0 0 0 -35 0 -19 0 0 0 0 0 0 0 0 0 0 0 0 0 -22 18 0 -10 0 0 26 -4 0 0 0 0 0 0 46 -2 0 -45 0 0 9 0 0 0 0 0 7 0 0 0 
0 0 0 -16 0 0 0 0 0 0 0 7 0 -33 -6 0 -21 0 0 0 0 0 0 0 0 0 0 -35 -37 0 0 -6 0 0 0 0 17 13 0 0 0 0 0 14 0 0 0 -44 0 -29 
0 0 0 0 30 0 0 0 0 0 -17 0 0 9 0 -28 0 0 0 0 0 0 0 3 0 0 0 0 -10 0 0 0 46 0 0 0 0 0 0 0 -14 0 0 0 -24 0 32 0 0 1 
0 0 36 0 -7 0 0 0 0 19 14 0 0 0 0 -26 -31 0 0 0 6 0 0 0 0 -26 0 0 0 0 18 0 -2 0 0 0 10 0 0 0 0 6 34 8 0 0 0 0 0 7 
42 40 0 0 -29 0 5 0 0 0 0 -26 -44 0 40 0 0 0 0 -37 0 -5 0 1 0 0 0 49 0 0 0 0 0 17 0 10 41 28 0 0 0 0 0 0 27 0 0 0 41 0 
9 16 0 0 -24 0 -45 0 36 0 0 0 48 0 0 -43 0 48 -40 0 0 0 0 20 0 0 -17 0 0 0 -25 0 -45 13 0 0 28 0 -39 -6 0 -23 0 0 0 43 0 0 38 0 
-20 0 -34 39 0 0 49 0 0 0 0 -42 9 0 0 0 0 0 0 0 0 -41 39 28 0 0 0 8 0 0 0 47 0 0 0 0 0 -39 0 0 0 0 21 -30 0 -16 10 0 0 2 
22 0 48 0 -3 0 -41 0 27 0 0 0 13 0 0 0 19 0 0 0 0 0 0 0 0 39 0 0 0 0 0 -28 0 0 0 0 0 -6 0 0 0 0 0 48 0 0 -40 0 -23 0 
0 0 0 0 0 0 17 0 0 0 0 0 -28 10 0 -26 41 0 44 0 0 -12 0 0 0 0 0 22 0 0 0 -47 9 0 -14 0 0 0 0 0 0 -17 0 0 0 0 0 -1 17 26 
0 0 -43 0 -44 0 0 0 0 26 0 0 0 0 -23 0 0 -18 0 0 0 0 0 13 0 -8 1 0 0 0 34 0 0 0 0 6 0 -23 0 0 -17 -9 0 0 0 0 0 0 0 0 
0 40 0 0 0 0 0 0 11 0 0 0 -8 0 0 0 0 0 31 22 0 0 -21 -32 0 -12 0 0 -6 36 0 0 0 0 0 34 0 0 21 0 0 0 0 0 0 0 0 0 0 -15 
0 0 0 11 0 0 0 0 0 0 0 0 0 10 0 44 0 0 0 0 -41 0 -18 0 0 0 15 0 0 2 0 -20 0 14 0 8 0 0 -30 48 0 0 0 7 0 0 0 -34 -39 0 
0 0 35 33 0 0 0 0 0 0 14 0 0 0 0 0 0 0 23 3 17 0 0 -49 -20 0 0 0 0 0 0 3 0 0 -24 0 27 0 0 0 0 0 0 0 19 0 0 24 0 0 
0 0 41 0 0 46 0 0 0 0 0 0 0 0 -24 0 0 0 0 0 -34 32 0 0 0 0 0 0 0 42 42 -2 0 0 0 0 0 43 -16 0 0 0 0 0 0 0 0 0 0 31 
0 -16 0 0 0 0 -3 2 0 28 0 0 -39 -29 0 0 0 0 0 0 0 0 0 0 0 0 0 8 0 0 20 0 7 0 32 0 0 0 10 -40 0 0 0 0 0 0 0 0 0 0 
0 0 0 0 0 0 0 -23 21 0 0 0 -38 -47 0 0 0 0 0 0 0 0 1 0 0 0 0 0 0 0 0 0 0 -44 0 0 0 0 0 0 -1 0 0 -34 24 0 0 0 -38 0 
0 -33 0 -29 -38 0 0 0 0 0 3 0 0 -18 0 0 0 0 0 0 0 0 1 0 13 27 -33 0 0 0 0 0 0 0 0 0 41 38 0 -23 17 0 0 -39 0 0 0 -38 0 48 
0 0 0 -48 0 0 0 0 -35 -18 0 0 0 0 1 0 0 0 19 -41 0 0 14 0 0 37 0 0 0 13 0 -46 0 -29 1 7 0 0 2 0 26 0 -15 0 0 31 0 0 48 0 
