40
0 -12 0 -43 0 0 0 0 -33 34 39 0 26 27 7 4 0 0 -15 -31 0 0 0 -31 49 -9 0 46 -34 0 0 0 0 0 0 0 -17 0 0 42 
49 0 0 46 0 0 0 23 34 45 0 36 9 0 0 48 0 -8 29 0 0 25 -41 0 -1 0 0 0 0 0 -11 -20 0 9 -20 22 -27 0 10 0 
0 0 0 -32 48 -30 -7 0 0 30 -21 5 0 0 -42 0 -7 20 0 46 0 0 0 0 -24 0 20 0 40 16 0 27 40 -31 -16 0 -33 0 -5 17 
0 0 36 -1 0 -9 10 4 0 0 -39 17 -6 0 0 12 0 -29 0 0 -28 36 0 -37 -30 0 0 -43 0 6 0 41 0 0 0 0 0 0 6 0 
46 -32 -1 -42 22 -30 0 -45 -41 10 0 0 0 -36 0 0 -43 30 0 -2 13 -4 0 -16 0 0 0 0 39 0 0 0 0 11 33 -46 -29 -48 15 0 
0 48 0 22 19 -28 -26 43 -11 -49 37 0 48 0 0 0 29 -4 0 3 34 0 0 0 -36 -20 -21 0 -35 0 30 -7 -29 -24 31 0 0 -44 0 39 
0 -30 -9 -30 -28 0 0 -38 -24 0 0 0 0 0 0 37 0 9 0 0 -9 17 0 0 -31 -35 -5 47 0 0 6 18 0 0 35 0 0 0 0 0 
0 -7 10 0 -26 0 0 0 -6 0 0 19 29 0 -49 -2 2 0 28 -4 21 6 29 -2 0 0 13 18 -19 0 0 38 0 -45 49 -41 17 -33 0 27 
23 0 4 -45 43 -38 0 1 0 0 -30 0 0 0 43 -35 -3 -45 39 45 0 -8 0 0 0 20 43 18 0 0 0 -4 0 0 -41 25 0 0 2 -23 
34 0 0 -41 -11 -24 -6 0 44 -44 0 0 0 20 0 0 20 0 42 -8 -26 0 0 -22 44 -35 0 29 0 36 10 -31 11 30 0 21 0 -35 40 0 
45 30 0 10 -49 0 0 0 -44 22 27 0 0 0 -8 31 31 0 13 0 0 0 -14 33 0 21 0 0 46 -17 27 -31 0 0 0 -16 28 0 0 -18 
0 -21 -39 0 37 0 0 -30 0 27 34 -19 0 -20 0 0 46 0 29 28 -8 0 -44 1 -49 0 0 13 -17 14 0 0 0 0 0 -41 14 0 0 0 
36 5 17 0 0 0 19 0 0 0 -19 3 -36 0 34 -43 -11 -30 0 12 43 0 27 12 2 7 -8 39 -42 0 0 0 0 0 0 0 0 0 49 -5 
9 0 -6 0 48 0 29 0 0 0 0 -36 0 0 -13 0 18 0 0 0 -45 38 0 47 -13 -8 0 -18 0 0 0 0 0 0 -44 48 9 13 -28 0 
0 0 0 -36 0 0 0 0 20 0 -20 0 0 -8 0 0 0 -39 -38 0 0 0 0 0 40 23 0 0 -38 0 0 -46 0 -17 0 0 -19 -26 0 -5 
0 -42 0 0 0 0 -49 43 0 -8 0 34 -13 0 0 0 10 0 0 10 0 0 -29 -47 -18 2 0 -14 0 0 -32 -33 0 -49 0 0 -3 11 0 0 
48 0 12 0 0 37 -2 -35 0 31 0 -43 0 0 0 0 44 0 -6 0 2 0 0 0 -33 -49 0 0 -24 0 0 -24 0 0 0 0 3 48 0 -19 
0 -7 0 -43 29 0 2 -3 20 31 46 -11 18 0 10 44 0 -26 0 -35 0 -11 -33 0 0 -43 0 0 -26 4 21 0 0 0 0 35 40 36 7 0 
-8 20 -29 30 -4 9 0 -45 0 0 0 -30 0 -39 0 0 -26 0 0 0 0 -39 -21 0 -31 0 0 0 19 41 -21 0 0 -23 36 0 -42 47 25 -29 
29 0 0 0 0 0 28 39 42 13 29 0 0 -38 0 -6 0 0 0 -15 -38 0 0 0 0 0 0 48 0 0 0 -18 -32 0 -13 0 -40 0 0 0 
0 46 0 -2 3 0 -4 45 -8 0 28 12 0 0 10 0 -35 0 -15 0 0 0 0 15 0 -8 0 42 0 0 0 31 27 44 -40 12 0 0 0 0 
0 0 -28 13 34 -9 21 0 -26 0 -8 43 -45 0 0 2 0 0 -38 0 33 0 -1 0 0 -9 45 5 0 0 0 0 0 0 0 0 -37 -13 0 -18 
25 0 36 -4 0 17 6 -8 0 0 0 0 38 0 0 0 -11 -39 0 0 0 -12 0 -11 0 0 -41 -41 16 0 0 0 14 0 0 35 41 -22 -9 29 
-41 0 0 0 0 0 29 0 0 -14 -44 27 0 0 -29 0 -33 -21 0 0 -1 0 0 -13 12 0 0 17 -34 0 0 0 0 0 -14 -26 14 40 0 0 
0 0 -37 -16 0 0 -2 0 -22 33 1 12 47 0 -47 0 0 0 0 15 0 -11 -13 49 0 18 0 0 43 -10 -31 36 44 0 -26 21 0 -30 0 0 
-1 -24 -30 0 -36 -31 0 0 44 0 -49 2 -13 40 -18 -33 0 -31 0 0 0 0 12 0 -7 -5 -3 0 -44 -13 12 0 0 39 0 0 0 -21 -18 40 
0 0 0 0 -20 -35 0 20 -35 21 0 7 -8 23 2 -49 -43 0 0 -8 -9 0 0 18 -5 1 1 14 14 -4 0 10 0 -10 0 3 0 1 20 28 
0 20 0 0 -21 -5 13 43 0 0 0 -8 0 0 0 0 0 0 0 0 45 -41 0 0 -3 1 0 0 13 -32 -39 0 7 0 0 -34 22 -16 0 -42 
0 0 -43 0 0 47 18 18 29 0 13 39 -18 0 -14 0 0 0 48 42 5 -41 17 0 0 14 0 11 38 0 0 0 -31 43 0 0 9 0 31 0 
0 40 0 39 -35 0 -19 0 0 46 -17 -42 0 -38 0 -24 -26 19 0 0 0 16 -34 43 -44 14 13 38 0 36 -39 -2 0 0 0 0 -26 0 49 0 
0 16 6 0 0 0 0 0 36 -17 14 0 0 0 0 0 4 41 0 0 0 0 0 -10 -13 -4 -32 0 36 32 0 0 -12 -26 0 42 -38 3 42 0 
-11 0 0 0 30 6 0 0 10 27 0 0 0 0 -32 0 21 -21 0 0 0 0 0 -31 12 0 -39 0 -39 0 -35 0 26 0 49 -17 0 0 0 1 
-20 27 41 0 -7 18 38 -4 -31 -31 0 0 0 -46 -33 -24 0 0 -18 31 0 0 0 36 0 10 0 0 -2 0 0 0 15 0 0 -6 -25 34 0 -44 
0 40 0 0 -29 0 0 0 11 0 0 0 0 0 0 0 0 0 -32 27 0 14 0 44 0 0 7 -31 0 -12 26 15 40 26 -14 0 49 34 0 0 
9 -31 0 11 -24 0 -45 0 30 0 0 0 0 -17 -49 0 0 -23 0 44 0 0 0 0 39 -10 0 43 0 -26 0 0 26 22 0 -27 -30 -1 0 0 
-20 -16 0 33 31 35 49 -41 0 0 0 0 -44 0 0 0 0 36 -13 -40 0 0 -14 -26 0 0 0 0 0 0 49 0 -14 0 0 -2 0 -15 0 -10 
22 0 0 -46 0 0 -41 25 21 -16 -41 0 48 0 0 0 35 0 0 12 0 35 -26 21 0 3 -34 0 0 42 -17 -6 0 -27 -2 0 0 0 0 0 
-27 -33 0 -29 0 0 17 0 0 28 14 0 9 -19 -3 3 40 -42 -40 0 -37 41 14 0 0 0 22 9 -26 -38 0 -25 49 -30 0 0 0 0 -6 0 
0 0 0 -48 -44 0 -33 0 -35 0 0 0 13 -26 11 48 36 47 0 0 -13 -22 40 -30 -21 1 -16 0 0 3 0 34 34 -1 -15 0 0 0 0 34 
10 -5 6 15 0 0 0 2 40 0 0 49 -28 0 0 0 7 25 0 0 0 -9 0 0 -18 20 0 31 49 42 0 0 0 0 0 0 -6 0 0 0 
0 17 0 0 39 0 27 -23 0 -18 0 -5 0 -5 0 -19 0 -29 0 0 -18 29 0 0 40 28 -42 0 0 0 1 -44 0 0 -10 0 0 34 0 0 
