40
-39 -45 0 0 0 0 0 0 -45 -34 -18 20 0 0 0 -42 0 0 0 0 27 8 -37 0 -49 -35 32 0 0 0 0 47 -25 -40 0 -6 0 0 0 0 
-5 -40 37 0 0 0 0 17 -7 -44 0 0 0 23 39 -16 7 21 0 0 40 0 3 0 0 0 0 0 -18 0 0 0 0 0 0 0 -31 11 0 -6 
-40 13 0 2 0 0 0 -22 0 0 0 0 0 0 -36 0 0 0 13 0 -32 -41 0 -47 0 0 0 32 0 -21 -12 36 0 -24 0 0 0 0 0 0 
37 0 0 -42 0 1 -15 0 0 0 0 0 -4 0 -30 -6 -29 0 0 0 31 0 0 41 -11 -46 -24 0 0 -42 0 -7 0 7 0 0 0 0 0 -10 
0 2 -42 22 -3 -3 0 0 0 0 0 0 -12 0 -35 35 0 0 0 0 0 40 -49 -4 0 0 0 47 0 0 7 -27 -2 0 3 -9 0 0 0 46 
0 0 0 -3 0 0 0 0 15 0 0 1 0 0 0 0 -35 -31 43 0 0 0 0 0 0 -48 -8 0 -2 0 0 15 0 27 -48 0 0 0 -28 0 
0 0 1 -3 0 0 23 0 0 0 0 0 0 42 41 0 -42 0 0 0 0 40 47 -25 0 3 14 0 0 0 0 -4 0 41 39 0 0 0 -47 0 
0 0 -15 0 0 23 0 33 0 0 0 10 0 -16 0 0 3 -10 0 41 0 0 0 0 0 0 -46 0 0 -17 0 38 0 0 0 5 0 0 -9 -5 
17 -22 0 0 0 0 33 0 0 34 0 47 0 0 0 0 14 -14 0 0 0 48 -10 46 0 25 -48 0 0 0 0 0 0 0 0 32 17 0 0 0 
-7 0 0 0 15 0 0 0 0 0 8 38 0 0 0 0 0 0 0 25 0 0 0 0 7 0 -35 0 40 0 -28 0 0 9 19 0 -8 0 0 0 
-44 0 0 0 0 0 0 34 0 0 0 -36 0 0 -5 -3 27 -45 0 0 0 0 0 35 0 0 20 0 21 -30 0 3 0 0 0 0 0 0 18 0 
0 0 0 0 0 0 0 0 8 0 0 0 0 0 0 0 0 0 0 47 49 -16 -25 0 -7 0 0 25 0 0 -23 -45 0 38 0 0 0 15 0 0 
0 0 0 0 1 0 10 47 38 -36 0 -34 -22 -18 -5 31 0 48 7 -13 0 -9 0 -35 0 0 38 0 16 0 0 36 0 -21 0 9 0 0 4 48 
0 0 -4 -12 0 0 0 0 0 0 0 -22 -11 0 -14 -2 21 0 32 0 0 0 0 0 0 0 0 30 3 0 0 0 0 40 0 -14 0 8 0 -42 
23 0 0 0 0 42 -16 0 0 0 0 -18 0 0 0 0 0 10 0 -4 0 0 -49 0 0 -47 0 0 29 0 -25 0 0 37 0 -4 -20 5 26 -22 
39 -36 -30 -35 0 41 0 0 0 -5 0 -5 -14 0 0 0 0 38 37 -7 0 0 3 0 -3 0 0 0 0 -13 43 -1 -11 0 0 0 0 -37 44 21 
-16 0 -6 35 0 0 0 0 0 -3 0 31 -2 0 0 7 0 -7 6 0 2 24 0 -35 28 36 35 0 0 0 16 1 0 -15 0 0 25 0 0 0 
7 0 -29 0 -35 -42 3 14 0 27 0 0 21 0 0 0 -4 -34 0 0 35 0 0 0 0 5 17 0 0 0 5 28 -35 0 13 0 0 -44 0 0 
21 0 0 0 -31 0 -10 -14 0 -45 0 48 0 10 38 -7 -34 -42 0 36 0 0 0 0 -33 36 -40 0 10 40 -30 0 26 0 -35 -29 -5 0 0 16 
0 13 0 0 43 0 0 0 0 0 0 7 32 0 37 6 0 0 -44 -1 0 0 0 4 0 35 0 0 0 0 0 0 0 0 44 22 0 19 0 16 
0 0 0 0 0 0 41 0 25 0 47 -13 0 -4 -7 0 0 36 -1 48 0 0 -11 19 0 0 0 35 11 -1 -13 -46 38 0 0 0 0 2 0 0 
40 -32 31 0 0 0 0 0 0 0 49 0 0 0 0 2 35 0 0 0 0 0 0 -10 0 0 0 0 25 -48 0 -33 0 8 0 0 0 0 0 0 
0 -41 0 40 0 40 0 48 0 0 -16 -9 0 0 0 24 0 0 0 0 0 21 38 0 0 -24 9 0 37 -9 -13 0 47 0 0 0 0 0 32 0 
3 0 0 -49 0 47 0 -10 0 0 -25 0 0 -49 3 0 0 0 0 -11 0 38 0 0 0 0 37 44 0 0 0 0 0 -6 0 0 -33 7 -33 0 
0 -47 41 -4 0 -25 0 46 0 35 0 -35 0 0 0 -35 0 0 4 19 -10 0 0 0 0 41 36 11 0 0 26 -12 27 0 0 0 -8 -31 0 0 
0 0 -11 0 0 0 0 0 7 0 -7 0 0 0 -3 28 0 -33 0 0 0 0 0 0 -12 0 0 0 0 0 0 0 0 21 38 0 0 0 49 0 
0 0 -46 0 -48 3 0 25 0 0 0 0 0 -47 0 36 5 36 35 0 0 -24 0 41 0 0 -49 -38 0 0 0 -35 47 0 0 0 -37 0 -49 2 
0 0 -24 0 -8 14 -46 -48 -35 20 0 38 0 0 0 35 17 -40 0 0 0 9 37 36 0 -49 42 -8 13 -11 0 0 22 0 0 3 -38 0 0 0 
0 32 0 47 0 0 0 0 0 0 25 0 30 0 0 0 0 0 0 35 0 0 44 11 0 -38 -8 0 0 0 -48 38 0 -34 -14 -35 0 0 0 0 
-18 0 0 0 -2 0 0 0 40 21 0 16 3 29 0 0 0 10 0 11 25 37 0 0 0 0 13 0 0 0 4 0 0 0 -40 0 0 0 0 -23 
0 -21 -42 0 0 0 -17 0 0 -30 0 0 0 0 -13 0 0 40 0 -1 -48 -9 0 0 0 0 -11 0 0 0 0 0 0 0 0 18 0 0 0 0 
0 -12 0 7 0 0 0 0 -28 0 -23 0 0 -25 43 16 5 -30 0 -13 0 -13 0 26 0 0 0 -48 4 0 0 0 0 0 0 -14 0 0 0 -25 
0 36 -7 -27 15 -4 38 0 0 3 -45 36 0 0 -1 1 28 0 0 -46 -33 0 0 -12 0 -35 0 38 0 0 0 0 13 41 0 0 0 4 0 0 
0 0 0 -2 0 0 0 0 0 0 0 0 0 0 -11 0 -35 26 0 38 0 47 0 27 0 47 22 0 0 0 0 13 -6 49 0 -35 39 26 0 0 
0 -24 7 0 27 41 0 0 9 0 38 -21 40 37 0 -15 0 0 0 0 8 0 -6 0 21 0 0 -34 0 0 0 41 49 0 16 -33 41 -14 0 -42 
0 0 0 3 -48 39 0 0 19 0 0 0 0 0 0 0 13 -35 44 0 0 0 0 0 38 0 0 -14 -40 0 0 0 0 16 0 -39 0 1 0 0 
0 0 0 -9 0 0 5 32 0 0 0 9 -14 -4 0 0 0 -29 22 0 0 0 0 0 0 0 3 -35 0 18 -14 0 -35 -33 -39 0 0 0 0 0 
-31 0 0 0 0 0 0 17 -8 0 0 0 0 -20 0 25 0 -5 0 0 0 0 -33 -8 0 -37 -38 0 0 0 0 0 39 41 0 0 34 0 -12 -35 
11 0 0 0 0 0 0 0 0 0 15 0 8 5 -37 0 -44 0 19 2 0 0 7 -31 0 0 0 0 0 0 0 4 26 -14 1 0 0 0 -11 0 
0 0 0 0 -28 -47 -9 0 0 18 0 4 0 26 44 0 0 0 0 0 0 32 -33 0 49 -49 0 0 0 0 0 0 0 0 0 0 -12 -11 -33 3 
-6 0 -10 46 0 0 -5 0 0 0 0 48 -42 -22 21 0 0 16 16 0 0 0 0 0 0 2 0 0 -23 0 -25 0 0 -42 0 0 -35 0 3 -9 
