30
13 -27 -12 -17 25 -33 16 -11 31 36 0 0 0 -17 -11 0 35 -6 -12 -20 -12 27 -29 0 20 7 6 16 16 -34 
33 29 0 11 -29 -43 -38 0 -34 0 -36 24 23 0 48 0 0 0 16 -10 -26 -32 2 0 39 -25 -14 47 -19 -49 
29 23 -7 -13 11 36 26 -21 0 41 44 -13 -26 13 0 0 -11 45 -20 -49 -8 -42 -22 44 -26 0 26 -38 0 -32 
0 -7 -24 39 -39 -14 35 0 40 31 0 20 0 11 -40 -8 -1 14 7 5 -25 -38 -25 44 0 -27 -45 0 -34 0 
11 -13 39 0 -35 -6 -38 -7 -40 -9 0 32 -19 0 -41 -15 17 43 -46 -25 22 -12 35 35 26 43 -8 -31 0 33 
-29 11 -39 -35 0 15 8 -2 0 12 -34 -2 0 13 35 -5 3 22 -44 -5 -8 -15 -30 -37 -31 -29 -35 -49 -26 30 
-43 36 -14 -6 15 19 0 -49 41 38 0 16 -6 -1 7 10 -29 32 2 15 0 20 -15 -34 11 -4 0 -13 -20 -43 
-38 26 35 -38 8 0 0 45 -6 -12 0 0 12 0 0 45 37 14 15 40 -17 0 -47 38 41 -27 -17 -13 -15 0 
0 -21 0 -7 -2 -49 45 37 -20 0 0 0 0 -1 48 -14 -45 35 38 0 0 0 -42 0 0 0 38 22 -35 3 
-34 0 40 -40 0 41 -6 -20 -45 0 -17 -47 11 -17 0 -28 16 42 -2 -24 -43 8 -35 33 -1 45 0 -22 -9 -48 
0 41 31 -9 12 38 -12 0 0 0 -34 27 -11 34 0 -22 -41 0 41 0 10 0 10 -14 -33 34 -3 17 0 -21 
-36 44 0 0 -34 0 0 0 -17 -34 -48 44 24 -10 -20 22 -28 23 -9 0 0 39 -37 0 3 0 -3 -18 29 0 
24 -13 20 32 -2 16 0 0 -47 27 44 10 0 -29 0 0 34 -31 -37 -49 11 12 8 44 -44 -27 0 0 11 -2 
23 -26 0 -19 0 -6 12 0 11 -11 24 0 49 9 0 38 -10 -37 25 41 8 -1 -40 18 0 0 -21 0 28 0 
0 13 11 0 13 -1 0 -1 -17 34 -10 -29 9 1 -14 9 44 -17 -6 0 -20 38 -38 -24 5 22 -47 47 -5 17 
48 0 -40 -41 35 7 0 48 0 0 -20 0 0 -14 48 0 40 38 6 43 -16 6 -13 2 -31 -1 0 0 16 -7 
0 0 -8 -15 -5 10 45 -14 -28 -22 22 0 38 9 0 0 29 -39 49 36 -37 -14 2 0 -40 15 45 49 40 0 
0 -11 -1 17 3 -29 37 -45 16 -41 -28 34 -10 44 40 29 12 -16 -8 -10 -20 45 0 49 0 19 16 -34 -6 40 
0 45 14 43 22 32 14 35 42 0 23 -31 -37 -17 38 -39 -16 -11 30 -47 0 -17 -17 -43 27 35 -4 0 -38 -5 
16 -20 7 -46 -44 2 15 38 -2 41 -9 -37 25 -6 6 49 -8 30 -16 4 45 35 -3 -34 21 -16 42 0 -25 7 
-10 -49 5 -25 -5 15 40 0 -24 0 0 -49 41 0 43 36 -10 -47 4 -35 40 -40 37 -43 0 -43 26 34 -17 0 
-26 -8 -25 22 -8 0 -17 0 -43 10 0 11 8 -20 -16 -37 -20 0 45 40 6 -17 0 -27 0 -6 -40 -45 0 -42 
-32 -42 -38 -12 -15 20 0 0 8 0 39 12 -1 38 6 -14 45 -17 35 -40 -17 0 -49 -23 -42 28 -19 0 -30 0 
2 -22 -25 35 -30 -15 -47 -42 -35 10 -37 8 -40 -38 -13 2 0 -17 -3 37 0 -49 32 0 41 -3 37 0 7 0 
0 44 44 35 -37 -34 38 0 33 -14 0 44 18 -24 2 0 49 -43 -34 -43 -27 -23 0 -19 14 -13 -42 22 33 -16 
39 -26 0 26 -31 11 41 0 -1 -33 3 -44 0 5 -31 -40 0 27 21 0 0 -42 41 14 -19 -33 8 6 15 -10 
-25 0 -27 43 -29 -4 -27 0 45 34 0 -27 0 22 -1 15 19 35 -16 -43 -6 28 -3 -13 -33 10 0 -9 27 0 
-14 26 -45 -8 -35 0 -17 38 0 -3 -3 0 -21 -47 0 45 16 -4 42 26 -40 -19 37 -42 8 0 -32 -39 0 -33 
47 -38 0 -31 -49 -13 -13 22 -22 17 -18 0 0 47 0 49 -34 0 0 34 -45 0 0 22 6 -9 -39 -35 -26 0 
-19 0 -34 0 -26 -20 -15 -35 -9 0 29 11 28 -5 16 40 -6 -38 -25 -17 0 -30 7 33 15 27 0 -26 20 -3 
-49 -32 0 33 30 -43 0 3 -48 -21 0 -2 0 17 -7 0 40 -5 7 0 -42 0 0 -16 -10 0 -33 0 -3 26 
