50
0 -15 0 19 0 -17 25 0 0 0 0 0 0 -11 0 0 0 0 0 0 0 0 0 0 0 0 0 0 28 0 0 -6 0 0 0 0 0 3 22 0 0 -33 0 9 0 -6 0 0 0 0 
16 0 43 -36 -21 11 0 0 0 -43 0 0 0 0 -34 0 0 3 0 -48 43 0 0 0 0 0 0 0 -43 0 0 0 -35 0 -20 0 0 0 0 0 0 0 -26 -47 0 0 -15 0 0 0 
0 0 -17 0 11 0 0 0 0 0 0 -21 0 41 0 0 0 0 0 -41 0 13 0 0 0 0 -26 3 29 0 -8 0 0 0 0 0 0 44 0 0 0 0 0 42 0 0 0 -32 0 48 
43 -17 -24 -45 0 0 0 0 -42 45 -39 0 0 0 0 0 -37 0 0 -8 0 -49 29 -28 0 29 0 0 0 0 -25 44 0 0 0 0 -45 0 -34 0 0 -35 0 0 -29 -29 0 -40 0 0 
-36 0 -45 -33 0 -13 0 0 0 -40 0 0 0 0 0 0 0 0 -46 0 0 -34 45 0 0 0 0 0 0 0 0 43 -8 -31 0 0 -18 15 8 -2 0 0 34 0 -41 0 0 0 0 0 
-21 11 0 0 0 0 0 0 0 0 0 -7 38 0 0 0 -1 14 -19 0 -49 0 -31 0 0 0 0 -41 0 0 -26 0 18 0 0 0 -49 0 0 -26 0 0 0 -46 0 0 0 0 0 0 
11 0 0 -13 0 0 0 0 2 0 -29 0 0 0 0 0 0 0 0 0 0 0 0 0 0 -43 0 0 0 0 35 0 0 0 0 0 0 0 37 0 0 0 0 9 47 -47 0 0 -34 0 
0 0 0 0 0 0 0 0 0 -46 0 0 0 -18 0 -9 0 0 0 0 0 0 0 0 0 0 0 0 -10 0 0 0 0 -17 0 0 0 -41 16 0 0 0 0 0 0 0 0 0 0 26 
0 0 0 0 0 0 0 0 0 0 -5 5 0 0 0 0 0 0 0 0 0 46 0 0 0 0 0 0 0 -45 0 0 0 0 -37 14 0 0 0 0 0 0 0 -18 20 0 -2 0 0 0 
0 0 -42 0 0 2 0 0 0 -47 0 27 0 0 0 0 0 -32 -26 0 0 0 0 0 0 -48 0 -34 0 -35 0 0 0 43 0 0 0 0 -13 0 0 13 0 -6 0 0 0 0 0 0 
-43 0 45 -40 0 0 -46 0 -47 -13 21 0 28 18 0 0 0 0 0 0 9 0 0 0 0 0 0 0 0 0 0 -21 0 23 -9 0 0 39 -37 0 0 -8 0 0 0 0 0 0 0 -45 
0 0 -39 0 0 -29 0 -5 0 21 0 0 -12 0 0 0 0 34 -31 0 0 5 0 11 0 0 0 0 0 -18 0 0 0 0 -27 0 0 11 0 27 0 0 0 0 0 0 38 0 0 0 
0 -21 0 0 -7 0 0 5 27 0 0 -37 0 -35 0 0 8 -1 0 0 0 0 0 -49 0 0 0 0 0 0 0 0 0 -15 0 0 6 0 -17 0 39 -20 0 3 0 -49 0 0 -43 0 
0 0 0 0 38 0 0 0 0 28 -12 0 37 48 0 0 0 0 0 -16 0 0 0 0 0 0 0 0 0 0 13 0 0 -16 0 0 0 0 0 0 2 0 0 0 0 0 0 0 0 16 
0 41 0 0 0 0 -18 0 0 18 0 -35 48 0 0 0 0 0 -6 0 0 0 0 0 0 0 0 0 0 -27 0 2 0 0 0 46 0 0 0 -12 0 40 0 12 -16 -8 -10 0 0 0 
-34 0 0 0 0 0 0 0 0 0 0 0 0 0 0 0 0 0 0 0 0 0 19 16 0 0 0 0 14 13 -2 11 -10 0 -24 -10 -8 -16 0 0 0 0 8 0 31 39 0 4 45 0 
0 0 0 0 0 0 -9 0 0 0 0 0 0 0 0 0 0 0 0 0 0 0 30 0 0 0 0 42 0 -25 0 -48 -8 0 0 0 0 0 37 -43 0 8 0 0 26 34 0 0 0 0 
0 0 -37 0 -1 0 0 0 0 0 0 8 0 0 0 0 0 0 0 0 0 0 0 0 0 -16 0 0 -40 0 0 0 0 -42 0 0 0 0 0 -17 0 0 0 24 0 -31 24 0 25 0 
3 0 0 0 14 0 0 0 -32 0 34 -1 0 0 0 0 0 -36 -47 0 47 0 0 0 0 0 0 0 0 0 0 0 0 0 0 26 6 0 -16 0 0 -31 0 0 0 -26 0 15 -10 0 
0 0 0 -46 -19 0 0 0 -26 0 -31 0 0 -6 0 0 0 -47 0 0 0 0 -29 -36 -32 -39 0 0 -20 0 0 -26 0 0 0 0 -3 0 9 0 0 -22 36 0 0 -44 0 0 0 6 
-48 -41 -8 0 0 0 0 0 0 0 0 0 -16 0 0 0 0 0 0 0 -10 0 -24 0 0 0 0 -35 35 0 0 0 -21 0 -35 0 0 0 0 0 0 0 0 0 20 0 0 0 0 32 
43 0 0 0 -49 0 0 0 0 9 0 0 0 0 0 0 0 47 0 -10 0 0 0 0 0 16 0 0 0 -46 28 0 0 0 -47 -44 -30 0 0 0 0 0 11 -13 34 13 39 0 0 0 
0 13 -49 -34 0 0 0 46 0 0 5 0 0 0 0 0 0 0 0 0 0 5 0 0 0 0 0 0 0 0 -10 0 0 0 -21 0 25 -43 0 0 0 -33 0 0 0 0 0 0 38 0 
0 0 29 45 -31 0 0 0 0 0 0 0 0 0 19 30 0 0 -29 -24 0 0 0 0 0 0 20 -15 0 -33 0 31 0 -42 0 38 0 14 0 10 0 0 37 0 0 0 36 31 0 0 
0 0 -28 0 0 0 0 0 0 0 11 -49 0 0 16 0 0 0 -36 0 0 0 0 0 -13 0 0 -20 0 44 0 0 0 0 0 0 0 0 -36 15 0 0 0 0 0 0 -3 0 0 0 
0 0 0 0 0 0 0 0 0 0 0 0 0 0 0 0 0 0 -32 0 0 0 0 -13 0 0 -35 0 44 0 0 0 0 0 -47 0 0 0 0 0 0 0 0 0 0 0 0 -47 18 30 
0 0 29 0 0 -43 0 0 -48 0 0 0 0 0 0 0 -16 0 -39 0 16 0 0 0 0 0 0 0 -1 -8 -47 27 0 0 0 0 0 0 6 0 -21 -49 0 0 0 0 0 0 0 0 
0 -26 0 0 0 0 0 0 0 0 0 0 0 0 0 0 0 0 0 0 0 0 20 0 -35 0 0 0 -34 0 0 0 0 0 -17 12 45 14 -45 -49 -13 0 0 0 49 0 0 0 0 -12 
0 3 0 0 -41 0 0 0 -34 0 0 0 0 0 0 42 0 0 0 -35 0 0 -15 -20 0 0 0 0 0 0 0 0 0 0 0 0 0 -10 0 23 0 0 -37 0 0 0 0 -16 0 -39 
-43 29 0 0 0 0 -10 0 0 0 0 0 0 0 14 0 -40 0 -20 35 0 0 0 0 44 -1 -34 0 0 0 -43 41 0 0 18 0 0 26 15 0 -40 0 0 44 0 0 0 0 0 0 
0 0 0 0 0 0 0 -45 -35 0 -18 0 0 -27 13 -25 0 0 0 0 -46 0 -33 44 0 -8 0 0 0 -11 6 44 0 -7 0 -35 0 0 8 0 0 0 0 0 0 -23 0 0 0 0 
0 -8 -25 0 -26 35 0 0 0 0 0 0 13 0 -2 0 0 0 0 0 28 -10 0 0 0 -47 0 0 -43 6 0 0 0 0 0 0 0 0 0 0 0 0 0 0 0 37 0 0 0 0 
0 0 44 43 0 0 0 0 0 -21 0 0 0 2 11 -48 0 0 -26 0 0 0 31 0 0 27 0 0 41 44 0 0 -17 0 0 0 0 0 46 0 0 0 47 0 -36 0 0 0 0 0 
-35 0 0 -8 18 0 0 0 0 0 0 0 0 0 -10 -8 0 0 0 -21 0 0 0 0 0 0 0 0 0 0 0 -17 -10 -43 0 0 0 -30 0 6 -9 0 0 -30 0 0 0 0 -34 19 
0 0 0 -31 0 0 -17 0 43 23 0 -15 -16 0 0 0 -42 0 0 0 0 0 -42 0 0 0 0 0 0 -7 0 0 -43 0 -30 0 0 -38 0 2 -27 -28 0 0 0 0 0 0 0 0 
-20 0 0 0 0 0 0 -37 0 -9 -27 0 0 0 -24 0 0 0 0 -35 -47 -21 0 0 -47 0 -17 0 18 0 0 0 0 -30 0 0 0 11 -30 38 0 0 0 46 0 0 -6 0 0 0 
0 0 0 0 0 0 0 14 0 0 0 0 0 46 -10 0 0 26 0 0 -44 0 38 0 0 0 12 0 0 -35 0 0 0 0 0 0 22 0 9 0 0 0 0 0 0 0 0 0 0 -22 
0 0 -45 -18 -49 0 0 0 0 0 0 6 0 0 -8 0 0 6 -3 0 -30 25 0 0 0 0 45 0 0 0 0 0 0 0 0 22 15 -46 0 0 -26 -21 0 6 0 0 0 0 -16 0 
0 44 0 15 0 0 -41 0 0 39 11 0 0 0 -16 0 0 0 0 0 0 -43 14 0 0 0 14 -10 26 0 0 0 -30 -38 11 0 -46 0 0 -39 0 0 0 0 23 0 18 0 0 -10 
0 0 -34 8 0 37 16 0 -13 -37 0 -17 0 0 0 37 0 -16 9 0 0 0 0 -36 0 6 -45 0 15 8 0 46 0 0 -30 9 0 0 0 -6 0 0 0 0 0 0 0 -26 0 0 
0 0 0 -2 -26 0 0 0 0 0 27 0 0 -12 0 -43 -17 0 0 0 0 0 10 15 0 0 -49 23 0 0 0 0 6 2 38 0 0 -39 -6 0 0 0 0 0 0 0 24 -43 0 0 
0 0 0 0 0 0 0 0 0 0 0 39 2 0 0 0 0 0 0 0 0 0 0 0 0 -21 -13 0 -40 0 0 0 -9 -27 0 0 -26 0 0 0 0 0 0 0 0 0 0 0 0 10 
0 0 -35 0 0 0 0 0 13 -8 0 -20 0 40 0 8 0 -31 -22 0 0 -33 0 0 0 -49 0 0 0 0 0 0 0 -28 0 0 -21 0 0 0 0 0 37 -12 0 0 -16 0 0 -23 
-26 0 0 34 0 0 0 0 0 0 0 0 0 0 8 0 0 0 36 0 11 0 37 0 0 0 0 -37 0 0 0 47 0 0 0 0 0 0 0 0 0 37 0 -15 -11 0 22 0 14 0 
-47 42 0 0 -46 9 0 -18 -6 0 0 3 0 12 0 0 24 0 0 0 -13 0 0 0 0 0 0 0 44 0 0 0 -30 0 46 0 6 0 0 0 0 -12 -15 0 0 -40 0 0 -28 0 
0 0 -29 -41 0 47 0 20 0 0 0 0 0 -16 31 26 0 0 0 20 34 0 0 0 0 0 49 0 0 0 0 -36 0 0 0 0 0 23 0 0 0 0 -11 0 23 0 0 0 0 0 
0 0 -29 0 0 -47 0 0 0 0 0 -49 0 -8 39 34 -31 -26 -44 0 13 0 0 0 0 0 0 0 0 -23 37 0 0 0 0 0 0 0 0 0 0 0 0 -40 0 0 -9 -26 -34 0 
-15 0 0 0 0 0 0 -2 0 0 38 0 0 -10 0 0 24 0 0 0 39 0 36 -3 0 0 0 0 0 0 0 0 0 0 -6 0 0 18 0 24 0 -16 22 0 0 -9 0 0 0 0 
0 -32 -40 0 0 0 0 0 0 0 0 0 0 0 4 0 0 15 0 0 0 0 31 0 -47 0 0 -16 0 0 0 0 0 0 0 0 0 0 -26 -43 0 0 0 0 0 -26 0 0 0 -41 
0 0 0 0 0 -34 0 0 0 0 0 -43 0 0 45 0 25 -10 0 0 0 38 0 0 18 0 0 0 0 0 0 0 -34 0 0 0 -16 0 0 0 0 0 14 -28 0 -34 0 0 0 32 
0 48 0 0 0 0 26 0 0 -45 0 0 16 0 0 0 0 0 6 32 0 0 0 0 30 0 -12 -39 0 0 0 0 19 0 0 -22 0 -10 0 0 10 -23 0 0 0 0 0 -41 32 35 
