40
13 -27 0 36 -34 -43 0 0 0 0 0 -11 31 36 0 0 0 0 0 3 28 -43 15 34 0 3 22 0 -29 0 20 7 6 16 16 0 43 -36 -21 11 
0 0 0 -43 0 21 -34 0 0 3 0 -48 43 10 0 0 16 -10 0 0 -35 0 -20 0 35 -15 -26 -47 -23 0 23 0 0 -17 0 11 36 26 -21 0 
0 41 44 -13 0 25 0 0 0 0 -11 0 0 3 29 0 -8 -42 -22 44 0 28 26 -38 0 -32 0 48 -24 -45 40 -29 40 0 -39 20 0 11 0 0 
0 44 0 -8 -1 14 0 -28 -40 0 -41 33 -42 0 0 0 0 0 -45 0 -34 0 0 -35 0 0 -29 -29 0 -40 -9 0 0 49 0 27 -40 0 -20 0 
-43 -13 -8 43 -46 -25 22 -12 0 0 0 0 -28 0 -26 -11 0 -31 0 0 -18 15 8 -2 0 12 -34 -2 0 13 0 -9 -25 -7 38 0 -1 14 -19 0 
0 0 -1 -46 -49 -49 -17 0 -35 -49 -26 0 18 0 0 0 -49 41 38 0 0 -46 0 -6 -1 0 -6 34 -29 0 0 0 0 12 0 0 20 -15 0 0 
21 25 14 -25 -49 0 35 0 0 0 0 0 0 44 -17 45 -6 0 43 0 12 0 0 0 0 0 37 14 0 -18 11 -4 0 0 0 0 15 0 0 0 
-34 0 0 22 -17 35 -10 -16 -47 -21 37 -20 0 0 0 0 -1 0 0 17 15 46 -42 -17 0 0 0 0 0 0 0 38 22 -35 0 0 -45 -1 0 -37 
0 0 -28 -12 0 0 -16 14 -43 0 0 0 19 0 20 45 0 -24 0 -47 0 27 0 33 -1 0 -26 0 11 0 0 -48 0 -34 27 -11 0 43 0 41 
0 0 -40 0 -35 0 -47 -43 -13 0 0 13 0 -6 0 0 0 0 -23 -16 0 -3 0 -48 -21 0 5 9 44 39 0 -14 -21 0 23 -9 0 0 39 -37 
3 0 0 0 -49 0 -21 0 0 0 0 -8 -3 -18 0 -45 10 0 -29 0 0 34 -31 -37 -49 11 12 0 0 -18 0 -44 -27 0 0 11 0 27 0 0 
0 -11 -41 0 -26 0 37 0 0 0 9 0 38 -10 -37 25 41 8 -1 0 0 0 0 0 -49 -21 0 28 0 1 -14 9 0 10 0 41 0 0 -20 0 
-48 0 33 0 0 0 -20 0 13 -8 0 3 0 -49 40 0 0 38 -26 -2 -41 -16 0 42 0 0 0 0 20 -34 -37 24 23 0 2 -31 -1 0 0 16 
43 0 -42 -28 18 0 0 19 0 -3 38 0 0 -2 0 -6 0 -14 0 0 29 -47 40 0 11 40 -23 -25 -42 37 12 -16 -8 -10 0 41 0 -36 0 0 
10 3 0 0 0 44 0 0 -6 -18 -10 -49 -2 0 19 16 0 29 14 13 -2 11 -10 -17 -17 0 -8 -16 0 0 -4 0 0 0 31 39 46 -38 0 0 
0 29 0 -26 0 -17 0 20 0 0 -37 40 0 19 -21 -35 0 30 0 -16 42 0 -25 7 -35 40 -40 37 -43 0 -43 26 34 -17 0 6 -17 0 -27 0 
0 0 0 -11 0 45 0 45 0 -45 25 0 -6 16 -35 0 31 0 0 0 0 -42 0 -49 -23 0 29 24 0 -31 24 0 25 0 -36 -47 -26 0 0 24 
16 -8 0 0 -49 -6 -1 0 0 10 41 0 0 0 0 31 7 0 14 0 0 0 -42 22 33 -16 -19 -33 8 6 15 -10 0 26 0 -29 -36 -32 -39 0 
-10 -42 0 -31 41 0 0 -24 0 0 8 38 -14 29 30 0 0 -33 -35 -26 0 20 -3 26 0 0 0 -22 36 -35 5 0 16 -40 0 -47 37 -6 -35 35 
0 -22 -45 0 38 43 0 0 -23 -29 -1 -26 0 14 0 0 14 -35 -16 35 0 0 0 -35 -19 15 0 -21 44 0 19 0 -49 48 16 -24 -46 28 0 0 
0 44 0 0 0 0 17 -47 -16 0 0 -2 0 13 -16 0 0 -26 35 0 -47 -44 -30 -47 0 0 11 -13 34 13 39 0 40 0 -23 13 0 0 -49 -10 
-35 0 -34 -18 0 12 15 0 0 0 0 -41 29 -2 42 0 0 0 0 -47 0 44 0 9 -7 -41 0 19 32 0 0 0 0 38 0 7 0 20 -15 0 
0 28 0 15 -46 0 46 27 -3 34 0 -16 -47 11 0 -42 0 20 0 -44 44 -33 -6 6 0 -14 0 14 0 10 0 38 0 0 0 0 36 31 0 -29 
-20 26 0 8 0 0 -42 0 0 -31 0 0 40 -10 -25 0 -42 -3 0 -30 0 -6 -10 0 -20 28 7 0 0 -28 0 -36 15 -27 45 -3 -28 0 0 -35 
0 -38 -35 -2 -6 0 -17 33 -48 -37 0 42 0 -17 7 -49 22 26 -35 -47 9 6 0 -32 0 0 0 0 26 -8 0 26 0 41 0 14 0 0 18 30 
35 0 0 0 -1 0 0 -1 -21 -49 -49 0 11 -17 -35 -23 33 0 -19 0 -7 0 -20 0 -45 -1 -8 -47 27 28 -39 6 0 -21 -49 17 49 0 24 -34 
-15 -32 0 12 0 0 0 0 0 11 -21 0 40 0 40 0 -16 0 15 0 -41 -14 28 0 -1 0 0 0 -32 0 44 -30 42 -11 17 -11 1 0 49 49 
-26 0 -29 -34 -6 37 0 -26 5 12 0 0 -23 -8 -40 29 -19 0 0 11 0 0 7 0 -8 0 37 40 0 0 46 -17 -10 0 23 45 -3 0 -32 40 
-47 48 -29 -2 34 14 0 0 9 0 28 0 -25 -16 37 24 -33 -22 -21 -13 19 14 0 0 -47 0 40 -39 0 37 0 41 0 0 18 0 0 26 15 -23 
-23 -24 0 0 -29 0 0 11 44 0 0 20 -42 0 -43 0 8 36 44 34 32 0 0 26 27 -32 0 0 -5 44 0 0 0 -47 -11 6 44 0 -7 0 
0 -45 -40 13 0 -18 0 0 39 -18 1 -34 37 0 0 -31 6 -35 0 13 0 10 -28 -8 28 0 0 37 44 -35 0 0 8 -25 0 0 -23 0 19 0 
23 40 -9 0 0 11 0 0 0 0 -14 -37 12 -4 -43 24 15 5 19 39 0 0 0 0 -39 44 46 0 0 0 26 0 13 0 0 -13 0 -4 -24 20 
0 -29 0 -9 0 -4 38 -48 -14 -44 9 24 -16 0 26 0 -10 0 0 0 0 38 -36 26 6 -30 -17 41 0 0 0 0 0 0 -17 18 0 0 46 0 
0 40 0 -25 0 0 22 0 -21 -27 0 23 -8 0 34 25 0 16 -49 40 0 0 15 0 0 42 -10 0 0 8 13 0 0 0 47 0 -36 -38 16 45 
-17 0 49 -7 12 0 -35 -34 0 0 10 0 -10 0 -17 0 26 -40 48 0 38 0 -27 41 -21 -11 0 0 -47 -25 0 0 0 0 -36 0 -30 30 0 -9 
0 -39 0 38 0 0 0 27 23 0 0 2 0 31 0 -36 0 0 16 -23 0 0 45 0 -49 17 23 18 -11 0 0 -17 47 -36 -4 0 0 0 0 0 
11 20 27 0 0 0 0 -11 -9 11 41 -31 41 39 6 -47 -29 -47 -24 13 7 0 -3 14 17 -11 45 0 6 0 -13 18 0 0 0 41 -42 49 0 0 
36 0 -40 -1 20 15 -45 0 0 0 0 -1 0 46 -17 -26 -36 37 -46 0 0 36 -28 0 49 1 -3 0 44 -23 0 0 -36 -30 0 -42 -49 0 49 1 
26 11 0 14 -15 0 -1 43 0 27 0 0 -36 -38 0 0 -32 -6 28 0 20 31 0 0 0 0 0 26 0 0 -4 0 -38 30 0 49 0 0 0 -28 
-21 0 -20 -19 0 0 0 0 39 0 -20 0 0 0 -27 0 -39 -35 0 -49 -15 0 0 18 24 49 -32 15 -7 19 -24 46 16 0 0 0 49 0 27 0 
0 0 0 0 0 0 -37 41 -37 0 0 16 0 0 0 24 0 35 0 -10 0 -29 -35 30 -34 49 40 -23 0 0 20 0 45 -9 0 0 1 -28 0 -39 
