40
0 -15 0 19 49 10 0 0 0 0 0 0 0 -11 31 36 0 0 0 0 0 0 -11 0 35 -6 0 34 0 3 22 0 -29 0 0 9 -29 40 14 25 
43 -36 -21 11 0 0 0 -43 0 21 -34 0 0 3 0 -48 43 10 0 0 16 -10 0 0 -35 0 -20 0 35 -15 -26 -47 -23 0 0 0 0 0 0 -17 
-36 0 11 36 26 -21 0 41 44 0 -9 25 0 0 0 0 0 0 -26 3 29 0 -8 -42 0 2 0 0 0 0 15 42 0 0 0 -32 0 48 -24 -45 
-21 11 40 0 -42 45 -39 20 0 0 -37 0 0 -8 -1 14 0 -28 -40 0 -41 33 -42 0 0 0 0 0 -45 0 -34 0 0 -35 0 0 -29 -29 0 -40 
11 36 0 -9 0 0 0 -13 27 -40 0 0 0 0 0 43 -46 0 0 -34 45 10 0 0 -28 0 0 43 -8 -31 0 0 -18 15 8 -2 0 12 -34 -2 
0 26 -42 0 0 13 0 0 0 -5 3 22 0 0 21 -1 0 -15 0 0 -49 -49 -17 0 -35 -49 -26 0 18 0 0 0 -49 41 38 0 0 -46 0 -6 
0 -21 45 0 13 -1 0 -6 34 -29 0 0 0 0 12 0 0 20 -15 0 0 0 11 -4 0 0 0 0 0 44 -17 45 -6 0 0 -47 12 0 0 0 
0 0 -39 0 0 0 0 0 0 -46 0 0 0 -18 11 0 4 0 0 0 15 0 0 0 -10 -16 -47 -21 0 -41 16 0 0 0 -1 0 0 17 15 46 
-43 41 20 -13 0 -6 0 0 38 0 0 0 0 0 0 0 0 0 38 22 -35 0 0 -45 -1 0 -37 14 -43 0 0 0 19 0 20 0 -2 0 0 0 
0 44 0 27 0 34 0 38 0 -47 0 27 0 0 -43 -32 -26 0 11 0 0 -48 0 -34 27 -11 0 43 0 41 -13 0 0 13 0 -6 0 0 0 0 
21 0 0 -40 -5 -29 -46 0 -47 -23 -16 0 -3 0 -48 -21 0 5 9 0 0 -10 0 0 0 0 0 -21 0 23 -9 0 0 39 -37 0 0 -8 -3 -18 
-34 -9 -37 0 3 0 0 0 0 -16 0 -45 10 0 -29 0 0 34 -31 -37 0 -40 0 0 12 0 0 -18 0 -44 -27 0 0 11 0 27 0 0 0 0 
0 25 0 0 22 0 0 0 27 0 -45 17 0 29 -35 0 25 0 0 0 8 -1 0 0 0 0 0 -49 0 0 17 0 0 0 1 -14 9 0 10 0 
0 0 0 0 0 0 0 0 0 -3 10 0 0 0 39 -20 0 3 0 -49 40 0 0 38 -26 -2 0 0 0 -16 0 42 0 0 0 0 0 6 43 -16 
3 0 -8 0 0 0 -18 0 0 0 0 29 0 0 0 23 0 2 0 -5 0 0 0 0 16 0 -2 0 -6 0 -14 0 0 29 -47 40 0 11 40 -23 
0 0 -1 0 21 12 11 0 -43 -48 -29 -35 39 0 0 -12 0 40 0 12 -16 -8 -10 0 0 -34 -36 0 0 0 19 16 0 29 14 13 -2 11 -10 -17 
-48 0 14 43 -1 0 0 0 -32 -21 0 0 -20 23 -12 -17 0 -8 -16 0 0 0 0 8 0 31 39 46 -38 0 0 0 0 0 0 0 -34 21 0 0 
43 0 0 -46 0 0 4 0 -26 0 0 25 0 0 0 0 6 0 0 -25 7 0 -8 0 0 0 0 -8 0 -43 0 8 0 0 26 34 -17 0 0 7 
10 0 -28 0 -15 20 0 0 0 5 34 0 3 2 40 -8 0 0 0 -23 0 31 0 27 0 0 -42 0 -49 0 -17 0 -4 0 0 0 -31 24 0 25 
0 -26 -40 0 0 -15 0 38 11 9 -31 0 0 0 0 -16 0 0 0 -36 -47 -26 0 0 24 7 0 14 0 0 0 -42 22 33 -16 -19 0 -44 0 -26 
0 3 0 -34 0 0 0 22 0 0 -37 0 -49 -5 12 0 -25 -23 -36 0 15 -10 0 0 0 0 0 -29 -36 -32 -39 0 0 -20 0 0 -26 0 20 -3 
16 29 -41 45 -49 0 15 -35 0 0 0 8 40 0 -16 0 7 0 -47 15 0 9 0 0 -22 36 0 -41 0 0 0 16 -40 0 -47 37 0 25 -23 -35 
-10 0 33 10 -49 0 0 0 -48 -10 -40 -1 0 0 -8 0 0 31 -26 -10 9 0 0 -21 0 -35 0 0 0 15 0 -21 44 0 19 0 -49 48 16 -24 
0 -8 -42 0 -17 11 0 0 0 0 0 0 0 0 -10 0 -8 0 0 0 0 0 -46 28 0 0 0 -47 -44 -30 -47 0 0 11 -13 34 13 39 0 40 
0 -42 0 0 0 -4 0 -45 -34 0 0 0 38 0 0 8 0 27 0 0 0 -21 28 0 -23 13 0 0 0 0 43 -6 0 -21 0 25 -43 0 0 0 
-35 0 0 -28 -35 0 -10 -1 27 0 12 0 -26 16 0 0 0 0 24 0 -22 0 0 -23 -33 0 0 0 0 0 0 38 0 7 0 20 -15 0 -33 -6 
0 2 0 0 -49 0 -16 0 -11 0 0 0 -2 0 -34 31 0 0 7 0 36 -35 0 13 0 6 0 -14 0 14 0 10 0 0 37 0 0 0 36 31 
-20 0 0 0 -26 0 -47 -37 0 0 0 0 0 -2 -36 39 0 -42 0 0 0 0 0 0 0 0 0 -29 -10 0 -20 28 7 0 0 -28 0 -36 15 -27 
0 0 0 43 0 0 -21 14 43 -21 -18 -49 0 0 0 46 -8 0 14 -29 -41 0 -47 0 0 -14 -29 0 0 0 -3 -28 0 0 -35 -32 0 0 0 0 
35 0 -45 -8 18 0 0 -43 0 0 0 0 0 -6 0 -38 0 -49 0 -36 0 0 -44 0 0 0 -10 0 0 0 -47 0 0 26 0 41 0 14 0 0 
-15 0 0 -31 0 44 -41 0 41 23 -44 0 -16 0 0 0 -43 0 0 -32 0 15 -30 0 0 14 0 0 0 18 30 -45 -1 -8 -47 27 28 -39 6 0 
-26 15 -34 0 0 -17 16 0 -13 -9 -27 17 0 -14 19 0 0 -17 0 -39 0 0 -47 43 0 0 -20 -3 -47 30 -21 -49 17 0 0 0 0 24 -34 0 
-47 42 0 0 0 45 0 0 0 0 0 0 42 0 16 0 8 0 -42 0 16 -21 0 -6 38 10 28 -28 0 -45 -49 0 0 -32 0 44 -30 42 -11 0 
-23 0 0 -18 -49 -6 0 19 0 0 0 0 0 0 0 0 0 -4 22 0 -40 44 0 0 0 0 7 0 0 -1 17 0 -49 -13 0 0 0 49 0 0 
0 0 -35 15 41 0 0 0 13 39 11 0 0 29 29 0 0 0 33 -20 0 0 11 -21 7 0 0 0 26 -8 0 -32 -13 -4 38 0 0 0 0 0 
0 0 0 8 38 0 -1 20 0 -37 0 1 0 -47 14 0 26 0 -16 0 -47 19 -13 0 0 37 0 -35 0 -47 0 0 0 38 0 0 0 0 -10 0 
0 -32 0 -2 0 -47 0 0 -6 0 27 -14 0 40 13 0 34 0 -19 0 37 0 34 25 20 0 -28 -32 41 27 0 44 0 0 0 23 0 0 -37 0 
0 0 -29 0 0 12 0 -2 0 0 0 9 0 0 -2 -34 -17 -31 0 -26 0 -49 13 -43 -15 0 0 0 0 28 0 -30 0 0 0 0 0 0 0 -16 
0 48 -29 12 -46 0 17 0 0 -8 0 0 6 11 11 21 0 24 -44 0 25 48 39 0 0 0 -36 0 14 -39 24 42 49 0 0 0 0 0 -39 0 
0 -24 0 -34 0 0 15 0 0 -3 0 10 43 40 -10 0 0 0 0 20 -23 16 0 0 -33 36 15 0 0 6 -34 -11 0 0 -10 -37 0 -39 37 0 
-17 -45 -40 -2 -6 0 46 0 0 -18 0 0 -16 -23 -17 0 7 25 -26 -3 -35 -24 40 0 -6 31 -27 0 0 0 0 0 0 0 0 0 -16 0 0 41 
