60
0 -15 0 19 0 -17 0 0 0 0 0 0 0 0 0 -11 0 0 0 0 0 0 0 0 0 0 0 0 0 0 0 0 0 0 0 -6 0 0 0 0 0 3 0 0 -7 -33 0 9 0 0 0 0 0 0 0 0 16 0 43 0 
0 0 0 0 0 11 0 0 0 0 0 0 0 0 0 0 -34 0 0 0 -6 0 0 0 43 0 0 0 0 0 0 0 -43 0 0 0 0 0 0 0 0 0 0 0 0 0 0 0 0 0 -26 -47 0 0 -15 0 0 0 0 -17 
0 0 0 0 0 0 0 0 0 0 0 -21 0 41 0 0 0 0 0 -41 0 0 0 0 0 0 0 0 -26 0 -20 0 0 0 -8 0 0 0 0 0 0 44 0 0 0 0 0 0 0 0 0 0 0 -32 0 48 0 0 0 -45 
0 0 0 0 0 0 -42 45 -39 0 0 0 0 0 -37 0 0 -8 0 0 -36 -22 0 0 0 0 -25 0 0 0 -25 44 0 0 0 0 -45 0 -34 0 0 -35 0 0 -29 -29 0 -40 0 0 -33 0 -13 0 0 0 0 3 0 0 
0 0 0 0 0 0 0 0 -46 0 0 -34 45 0 0 0 0 0 0 0 0 43 0 0 0 -31 0 0 0 0 0 0 0 0 8 0 0 0 0 0 34 0 0 0 0 0 0 0 0 0 0 0 0 0 0 0 0 -7 38 0 
0 0 0 0 0 0 -1 0 0 0 -19 0 0 -37 -31 0 0 0 0 -41 0 0 -26 0 18 0 0 0 -49 0 0 -26 0 0 0 -46 0 0 0 0 0 0 0 0 0 0 0 0 0 -29 0 0 0 0 0 0 0 0 0 0 
11 0 0 0 0 0 0 0 0 0 0 0 0 0 0 0 35 0 0 0 0 0 0 0 37 0 0 0 0 9 47 -47 0 0 -34 0 0 0 0 -46 0 0 0 0 0 40 0 0 0 0 0 0 0 0 0 0 0 0 0 0 
0 0 -42 0 -1 0 0 0 -17 0 0 0 0 0 0 0 0 0 0 -20 0 0 0 0 0 0 0 0 0 0 0 0 15 0 0 -5 5 0 0 0 0 0 0 0 0 0 46 0 0 0 0 0 0 0 -45 0 0 0 0 -37 
0 0 45 0 0 0 0 14 0 0 0 0 0 0 0 -18 20 0 0 0 0 0 0 0 0 -47 0 0 -35 0 0 0 0 -32 -26 0 0 0 0 0 0 -48 0 -34 0 0 -13 0 0 0 0 0 0 0 0 0 0 0 0 0 
0 0 -39 -46 0 0 -17 0 0 13 0 -6 0 0 0 0 0 0 0 0 0 0 0 0 0 28 18 0 0 0 0 0 0 9 0 0 0 0 0 0 0 0 0 0 -21 0 0 0 0 -9 0 0 0 0 0 0 -39 0 -8 0 
0 0 0 0 0 0 0 0 13 0 0 0 0 0 0 -45 0 0 -12 0 0 0 0 0 0 0 -31 0 0 5 0 0 0 0 0 0 0 0 0 -18 0 0 0 0 0 0 0 0 0 0 0 -45 0 0 0 0 0 0 0 0 
0 0 0 0 -19 0 0 0 0 0 38 0 0 0 -37 0 0 -22 0 8 -1 0 0 0 0 0 0 0 0 0 0 0 0 0 0 0 0 0 0 0 -14 9 0 0 0 -17 0 0 0 0 0 0 0 0 0 0 -38 0 8 -43 
0 -21 0 -34 0 0 0 0 -6 0 0 0 37 48 0 0 0 0 0 -16 0 0 0 0 0 0 0 0 0 0 13 0 0 -16 0 0 0 0 0 0 2 0 0 0 0 0 0 0 0 16 0 0 0 0 0 -6 0 0 0 0 
0 0 0 45 0 0 0 0 0 0 0 37 0 0 0 0 0 0 0 0 0 0 2 0 0 0 0 0 -23 0 0 0 -42 0 0 0 12 -16 -8 -10 0 0 0 0 0 0 0 0 0 0 0 19 16 0 0 0 0 0 0 0 
0 41 0 0 -37 0 0 0 0 0 0 48 0 0 0 0 -2 11 -10 0 -24 -10 0 32 0 35 0 0 8 0 31 39 0 0 0 0 45 0 0 0 0 0 0 0 0 0 21 0 0 0 42 0 -25 0 -48 -8 0 0 0 0 
0 0 -37 0 -31 0 0 0 0 0 -37 0 0 0 0 0 -18 0 0 0 8 0 0 26 0 0 0 0 0 0 0 0 0 0 0 0 0 0 0 0 0 0 0 0 0 -40 0 0 0 0 -42 0 0 0 0 0 -17 0 0 0 
0 0 0 0 0 0 0 -18 0 -45 0 0 0 0 0 24 0 -31 0 0 0 0 25 0 -36 -47 0 47 0 0 0 0 0 0 0 0 0 0 0 0 0 0 26 6 0 -16 0 0 -31 0 0 0 -26 0 15 -10 0 0 0 0 
-34 0 0 0 0 35 0 20 0 0 0 0 0 -2 -18 0 0 0 0 0 -36 -32 -39 0 0 0 0 0 0 0 0 0 0 0 0 0 0 0 0 34 0 0 0 0 0 0 0 36 0 0 0 0 0 0 0 0 6 0 -10 0 
0 0 -8 0 0 0 0 0 0 0 -22 0 0 11 0 -31 0 -24 0 0 0 0 -35 35 0 0 0 -21 0 0 0 0 0 0 0 0 0 0 0 0 0 20 0 0 0 0 0 0 -49 0 0 0 0 45 0 0 -46 0 0 0 
0 0 0 0 0 0 0 0 0 -12 0 0 0 -10 0 0 0 0 0 0 0 -47 -44 -30 0 0 0 0 0 11 0 0 0 34 13 39 0 0 0 5 0 0 0 0 0 0 0 0 0 0 -10 0 0 0 -21 0 25 -43 0 0 
0 -41 0 0 -41 0 -20 0 0 0 8 -16 0 0 0 0 0 0 0 0 -33 0 0 0 0 0 0 38 0 0 0 0 0 0 0 0 0 -15 -33 0 0 0 0 0 -42 0 38 0 14 0 10 0 0 37 0 0 0 36 0 0 
-6 0 -36 0 0 0 0 0 0 0 -1 0 0 -24 8 0 -36 0 0 -33 7 0 -13 0 0 0 0 0 0 44 0 0 0 0 0 0 0 0 0 0 -12 0 0 0 0 0 0 0 -3 0 0 0 0 0 0 0 0 0 0 0 
0 0 -22 43 0 0 0 0 0 0 0 0 0 -10 0 0 -32 0 -47 0 0 0 0 0 0 0 0 -47 0 0 0 0 0 0 0 0 0 0 0 0 -47 18 30 0 0 0 -1 -8 -47 27 0 0 0 0 0 0 0 26 -21 -49 
0 0 0 0 -26 0 0 0 0 0 0 0 2 0 0 25 -39 -35 -44 0 -13 0 0 0 0 0 0 0 0 0 0 0 -34 0 0 0 0 0 -17 12 45 14 0 -44 -33 0 0 0 0 0 0 0 0 0 0 0 0 0 0 0 
0 0 0 0 0 0 0 0 0 0 0 0 0 32 26 0 0 35 -30 0 0 0 0 0 0 0 0 0 0 0 0 0 0 -10 0 23 0 0 -37 0 0 0 0 0 0 0 0 -39 0 0 -43 0 -33 0 18 0 0 0 0 40 
43 0 0 0 18 37 0 0 0 0 0 0 0 0 0 -36 0 0 0 0 0 0 0 0 0 0 -40 0 0 0 0 0 0 0 0 0 0 0 -11 6 44 0 0 0 0 0 0 0 0 0 0 0 0 0 0 0 0 0 0 0 
0 0 0 -31 0 0 0 -47 28 0 0 0 0 35 0 -47 0 0 0 0 0 0 0 0 0 -23 0 0 0 0 0 0 0 0 0 0 0 0 0 0 0 0 0 0 0 0 0 37 0 0 0 0 0 -17 0 0 0 0 0 0 
0 0 -25 0 0 0 0 0 18 -31 0 0 0 0 0 0 0 0 0 0 0 0 0 0 -40 0 0 0 0 0 0 47 0 0 0 0 0 0 0 0 0 -10 -43 0 0 0 -30 0 6 -9 0 0 0 0 0 0 0 0 0 -34 
0 0 0 0 0 0 0 0 0 0 0 0 0 0 0 47 0 -21 0 38 0 -47 0 0 0 0 0 19 0 0 0 0 0 0 -38 0 2 -27 -28 0 0 0 0 0 0 0 0 0 0 0 11 -30 38 0 0 0 0 0 19 -6 
0 -26 0 0 -49 0 0 -35 0 0 0 0 -23 8 0 0 0 0 0 0 0 0 0 0 0 0 0 0 0 0 0 0 22 0 9 0 0 0 0 0 0 0 0 0 0 -22 0 -30 0 44 0 0 0 -21 0 6 0 0 0 0 
0 0 0 0 0 9 0 0 0 5 0 0 0 0 0 0 0 0 11 0 44 0 0 0 0 0 0 0 0 0 0 -12 0 -39 0 0 0 0 0 -33 0 0 0 -10 0 -6 0 0 0 0 0 0 0 -26 0 0 0 0 0 0 
0 -20 -25 0 0 47 0 0 0 0 0 13 0 31 0 0 0 0 0 0 0 0 0 0 0 0 0 0 0 0 0 0 0 0 0 0 0 0 0 0 0 0 0 0 0 0 0 0 0 0 10 0 37 -12 0 0 0 0 0 0 
0 0 44 0 -26 -47 0 0 0 0 0 0 0 39 0 0 0 0 0 0 0 0 0 0 0 0 47 0 0 -12 0 0 -23 0 -15 0 0 0 0 0 0 -44 0 0 0 0 0 0 0 25 0 0 0 0 23 0 0 0 0 0 
-43 0 0 0 0 0 15 0 0 0 0 0 -42 0 0 0 0 0 0 0 0 0 -34 0 0 0 0 0 22 0 0 -23 0 0 0 0 -26 0 0 0 0 0 0 0 0 0 0 0 0 14 0 0 35 -16 18 0 0 44 0 0 
0 0 0 0 0 0 0 -32 9 0 0 -16 0 0 0 0 0 0 34 0 0 0 0 -10 0 0 0 0 0 -39 0 0 0 0 0 0 0 0 0 0 41 0 0 0 0 -17 0 0 -5 0 0 0 0 0 0 0 0 0 0 -44 
0 -8 0 8 0 -34 0 -26 0 0 0 0 0 0 0 0 0 0 13 0 0 0 0 0 0 0 0 -38 9 0 0 -15 0 0 0 0 0 0 -48 0 0 0 0 5 0 0 0 0 0 9 0 0 0 0 0 0 -48 0 0 0 
0 0 0 0 -46 0 -5 0 0 0 0 0 0 0 0 0 0 0 39 0 0 0 0 23 0 0 0 0 0 0 0 0 0 0 0 0 0 0 -2 0 0 0 0 0 0 0 0 15 0 44 0 -31 0 0 0 0 0 0 0 0 
0 0 -45 0 0 0 5 0 0 0 0 0 12 45 0 0 0 0 0 0 0 0 0 0 0 0 0 2 0 0 0 0 -26 0 0 0 0 0 26 0 0 0 0 0 -30 0 -40 0 0 0 49 0 0 0 0 -7 0 0 34 0 
0 0 0 0 0 0 0 0 0 0 0 0 -16 0 0 0 0 0 0 -15 0 0 0 0 0 0 0 -27 0 0 0 0 0 0 0 0 0 0 0 0 0 0 0 -38 -40 0 0 0 15 0 7 0 0 0 0 0 0 0 0 0 
0 0 -34 0 0 0 0 0 0 0 0 0 -8 0 0 0 0 0 0 -33 0 0 -17 -37 -11 0 0 -28 0 0 0 0 0 0 -48 -2 26 0 0 0 0 28 0 0 -12 0 0 0 0 0 0 0 0 29 0 0 0 39 0 0 
0 0 0 0 0 -46 0 0 0 -18 0 0 -10 0 0 0 34 0 5 0 0 0 12 0 6 0 0 0 0 -33 0 0 0 0 0 0 0 0 0 0 0 0 0 0 0 0 0 9 0 -34 0 -20 0 0 -32 0 41 0 0 -34 
0 0 0 34 0 0 0 0 0 0 -14 2 0 0 0 0 0 0 0 0 -12 -47 45 0 44 0 0 0 0 0 0 0 0 41 0 0 0 0 0 0 0 0 0 35 0 0 0 0 -18 0 0 0 0 0 0 -47 0 0 0 0 
0 44 -35 0 0 0 0 -48 0 0 9 0 0 0 0 0 0 20 0 0 0 18 14 0 0 0 -10 0 0 0 0 -44 0 0 0 0 0 0 28 0 0 0 0 0 0 0 0 -45 0 0 -8 0 0 0 0 0 0 0 0 0 
0 0 0 0 0 0 0 0 0 0 0 0 0 0 0 26 0 0 0 0 0 30 0 0 0 0 -43 0 0 0 0 0 0 0 0 0 0 0 0 0 0 0 0 0 0 0 0 0 0 0 0 0 0 -49 -3 18 31 0 0 0 
0 0 0 0 0 0 0 -34 0 0 0 0 0 0 0 6 0 0 0 0 0 0 -44 0 0 0 0 0 0 -10 0 0 0 0 5 0 0 -38 0 0 35 0 0 0 0 0 -16 0 0 0 0 0 0 0 -17 -36 0 0 0 0 
0 0 -29 0 0 0 0 0 -21 0 0 0 0 0 0 0 0 0 0 -42 0 0 -33 0 0 0 0 0 0 0 0 0 0 0 0 0 -30 -40 -12 0 0 0 0 0 0 0 0 -17 0 0 0 0 -46 0 5 0 0 -47 48 -39 
0 0 -29 0 0 40 0 0 0 0 -17 0 0 0 -40 -16 0 0 0 0 0 0 0 0 0 0 0 0 -22 -6 0 0 0 -17 0 0 0 0 0 0 0 0 0 0 0 0 -47 0 0 0 0 43 0 0 0 0 0 0 0 -6 
0 0 0 0 0 0 46 -13 0 0 0 0 0 21 0 0 0 0 0 38 0 -1 0 0 0 0 -30 0 0 0 0 0 0 0 0 0 -40 0 0 0 0 0 0 -16 0 -47 0 0 0 0 0 0 0 0 0 0 5 23 0 0 
0 0 -40 0 0 0 0 0 0 0 0 0 0 0 0 0 36 0 0 0 0 -8 0 -39 0 37 0 0 -30 0 0 0 0 0 0 15 0 0 0 9 0 -45 0 0 -17 0 0 0 0 0 0 0 0 0 0 17 0 20 -31 0 
0 0 0 0 0 0 0 0 0 0 0 0 0 0 0 -31 0 -49 0 14 -3 -47 0 0 0 0 6 0 0 0 0 0 0 -5 0 0 0 15 0 0 -18 0 0 0 0 0 0 0 0 0 0 0 0 0 0 0 0 37 0 0 
0 0 0 0 -29 0 0 0 -9 0 0 16 0 0 0 0 0 0 0 0 0 27 0 0 0 0 -9 0 44 0 0 25 14 0 9 44 0 0 0 -34 0 0 0 0 0 0 0 0 0 10 0 0 0 0 0 0 0 0 0 0 
-26 0 -33 0 0 0 0 0 0 0 0 0 0 42 -42 0 0 0 -10 10 0 0 0 -43 0 0 0 11 0 0 10 0 0 0 0 0 49 7 0 0 0 -8 0 0 0 0 0 0 0 0 0 0 46 0 0 0 0 -3 0 27 
-47 0 0 0 0 0 0 0 0 -45 0 0 19 0 0 0 0 0 0 0 0 0 0 0 0 0 0 -30 0 0 0 0 0 0 0 -31 0 0 0 -20 0 0 0 0 0 43 0 0 0 0 0 0 0 0 0 0 0 0 0 0 
0 0 -13 0 0 0 0 0 0 0 0 0 16 -25 0 -26 0 0 0 0 0 0 0 -33 0 0 0 38 0 0 37 0 35 0 0 0 0 0 0 0 0 0 0 0 -46 0 0 0 0 0 46 0 0 0 0 0 -3 3 -26 0 
0 -32 0 0 0 0 0 0 0 0 0 0 0 0 0 0 0 45 0 37 0 0 0 0 0 -17 0 0 -21 -26 -12 0 -16 0 0 0 0 0 29 0 0 0 -49 0 0 0 0 0 0 0 0 0 0 0 0 8 19 0 0 0 
-15 0 0 0 0 0 -45 0 0 0 0 0 0 -48 0 15 0 0 -21 0 0 0 0 18 0 0 0 0 0 0 0 23 18 0 0 0 0 0 0 -32 0 0 -3 -17 5 0 0 0 0 0 0 0 0 0 25 0 0 0 0 0 
0 48 0 0 0 0 0 0 0 0 0 -6 0 -8 0 -10 0 0 0 0 0 0 0 0 0 0 0 0 6 0 0 0 0 0 0 0 -7 0 0 0 -47 0 18 -36 0 0 0 17 0 0 0 0 0 8 0 -47 -49 0 0 0 
0 0 0 0 0 0 0 0 -39 0 -38 0 0 0 -17 0 6 -46 25 0 0 0 0 0 0 0 0 0 0 0 0 0 0 0 -48 0 0 0 0 41 0 0 31 0 0 0 5 0 0 0 0 0 -3 19 0 -49 0 -12 0 0 
0 0 3 -7 0 0 0 0 0 0 0 0 0 0 0 0 0 0 -43 36 0 26 0 0 0 0 0 0 0 0 0 0 44 0 0 0 0 0 39 0 0 0 0 0 -47 0 23 20 37 0 -3 0 3 0 0 0 -12 0 0 0 
0 0 0 38 0 0 0 0 -8 0 8 0 0 0 0 0 -10 0 0 0 0 -21 0 0 0 0 0 19 0 0 0 0 0 0 0 0 34 0 0 0 0 0 0 0 48 0 0 -31 0 0 0 0 -26 0 0 0 0 0 0 0 
-17 -45 0 0 0 0 -37 0 0 0 -43 0 0 0 0 0 0 0 0 0 0 -49 0 40 0 0 -34 -6 0 0 0 0 0 -44 0 0 0 0 0 -34 0 0 0 0 -39 -6 0 0 0 0 27 0 0 0 0 0 0 0 0 0 
