40
-15 46 -42 -16 -33 34 39 10 0 -48 -46 -34 -15 -31 -5 -31 49 -9 -6 -31 18 4 19 -9 30 8 -40 46 -7 23 34 45 -4 -6 -14 48 13 -26 -16 25 
-41 -25 -6 -15 -11 -20 26 -29 -24 -15 -4 12 40 35 39 16 -1 38 -27 -4 34 -42 0 -7 20 22 -7 -40 15 20 44 -32 -4 -39 16 -6 12 -33 27 34 
-25 14 39 14 -15 32 36 -31 26 27 -28 12 -9 41 -28 36 -5 7 27 -43 16 -49 -48 35 15 0 -42 22 -30 -23 43 -46 6 -3 -9 -43 30 -37 16 29 
-6 39 -47 7 29 39 34 30 16 -7 21 -23 0 12 -32 5 17 -45 -42 -14 -27 48 17 29 -4 8 2 -17 5 41 -47 3 -14 30 -7 -29 -24 31 11 29 
-15 14 7 39 -23 24 10 -44 47 -12 9 11 -29 -15 19 43 33 -22 12 6 18 -2 -32 -35 -44 -6 34 -41 -12 -49 -2 2 22 49 14 -20 -14 35 -32 22 
-11 -15 29 -23 -14 -12 25 5 38 19 44 -39 10 -17 -14 -3 -23 17 17 -2 45 15 3 20 -48 35 -23 29 -14 -14 20 7 -19 -6 -41 25 -21 10 -3 49 
-20 32 39 24 -12 18 -26 7 48 27 6 46 43 5 -42 -43 15 -7 36 10 -31 11 30 -46 -30 -20 15 22 27 40 -8 31 31 30 34 5 40 -13 -42 -44 
26 36 34 10 25 -26 -3 14 -47 26 -29 -22 27 6 29 0 -44 -20 33 32 29 28 -8 -1 -24 -13 -47 13 -17 14 -35 46 -7 9 47 -33 39 34 -43 -11 
-29 -31 30 -44 5 7 14 -30 44 -44 35 -16 38 37 -48 3 -10 43 29 32 0 -40 -11 -34 -13 -46 1 3 -26 -2 -35 -31 16 -18 -33 41 -44 48 9 13 
-24 26 16 47 38 48 -47 44 -28 -43 -28 13 -9 31 0 42 8 -36 11 -37 -46 45 40 -19 -26 -43 -49 10 -41 11 17 -33 -49 -40 -46 6 -25 11 -25 -40 
-15 27 -7 -12 19 27 26 -44 -43 11 -10 37 -48 30 41 2 8 -33 -49 23 29 39 -20 21 -8 29 -19 -29 30 -5 -11 -33 26 -39 49 -22 44 25 17 -26 
-4 -28 21 9 44 6 -29 35 -28 -10 37 49 -22 -43 7 -1 -22 -18 15 -40 -9 -19 -27 44 -36 2 -27 -21 -45 -15 -38 35 19 48 -29 -18 -32 -23 49 38 
12 12 -23 11 -39 46 -22 -16 13 37 49 -43 43 15 -17 -46 40 -42 -40 -10 36 31 42 -5 33 -31 -43 -9 45 5 -42 3 -39 -32 -4 -18 -12 -7 28 -41 
40 -9 0 -29 10 43 27 38 -9 -48 -22 43 -41 16 0 22 33 -6 48 47 21 6 -40 -32 31 -6 -21 34 34 -14 -26 14 40 -38 -33 18 -3 -5 23 -9 
35 41 12 -15 -17 5 6 37 31 30 -43 15 16 33 26 -26 21 -49 -23 -7 -5 -3 39 -29 -8 -6 39 -32 -21 -18 40 1 1 14 14 -4 0 10 9 25 
39 -28 -32 19 -14 -42 29 -48 0 41 7 -17 0 26 -23 1 20 28 31 -26 23 -49 7 -15 0 37 9 -42 11 38 -45 -31 43 18 -24 31 36 39 -22 3 
16 36 5 43 -3 -43 0 3 42 2 -1 -46 22 -26 1 35 -26 -12 39 47 -7 45 23 27 37 0 39 -35 -48 -28 -41 -15 42 -1 15 -21 19 -13 13 -44 
-1 -5 17 33 -23 15 -44 -10 8 8 -22 40 33 21 20 -26 40 26 -14 -32 -4 42 22 -1 47 33 -11 19 -5 -37 -10 -6 -47 9 -30 -32 37 -39 6 12 
38 7 -45 -22 17 -7 -20 43 -36 -33 -18 -42 -6 -49 28 -12 26 -16 36 2 22 28 30 28 -16 43 44 -25 -16 34 -42 42 20 -47 10 4 -46 47 -28 -47 
-27 27 -42 12 17 36 33 29 11 -49 15 -40 48 -23 31 39 -14 36 7 21 -25 26 -1 28 20 21 -45 -17 0 33 46 7 -19 -22 17 13 -14 23 26 18 
-4 -43 -14 6 -2 10 32 32 -37 23 -40 -10 47 -7 -26 47 -32 2 21 1 -29 2 -38 -14 -26 -24 -38 37 1 32 -33 -11 11 0 41 30 6 30 0 16 
34 16 -27 18 45 -31 29 0 -46 29 -9 36 21 -5 23 -7 -4 22 -25 -29 13 28 0 -46 0 -39 -6 39 -42 18 25 38 -47 -5 -6 26 -16 10 -15 31 
-42 -49 48 -2 15 11 28 -40 45 39 -19 31 6 -3 -49 45 42 28 26 2 28 -34 48 -38 36 -23 19 -22 -1 -37 -2 -18 -21 48 25 -28 -42 -31 -43 18 
0 -48 17 -32 3 30 -8 -11 40 -20 -27 42 -40 39 7 23 22 30 -1 -38 0 48 7 48 -34 -39 -34 40 24 15 1 31 -6 -45 31 6 -9 5 47 -25 
-7 35 29 -35 20 -46 -1 -34 -19 21 44 -5 -32 -29 -15 27 -1 28 28 -14 -46 -38 48 34 33 -41 -27 15 20 26 22 37 -12 -24 -15 -27 34 -38 -22 34 
20 15 -4 -44 -48 -30 -24 -13 -26 -8 -36 33 31 -8 0 37 47 -16 20 -26 0 36 -34 33 -3 -42 32 23 -25 -39 0 0 28 37 40 -36 -34 33 45 -34 
22 0 8 -6 35 -20 -13 -46 -43 29 2 -31 -6 -6 37 0 33 43 21 -24 -39 -23 -39 -41 -42 -8 37 24 -8 -4 2 16 -21 -17 -39 32 -34 23 -43 39 
-7 -42 2 34 -23 15 -47 1 -49 -19 -27 -43 -21 39 9 39 -11 44 -45 -38 -6 19 -34 -27 32 37 42 -46 -12 -28 -28 6 -49 -21 -16 37 -42 -9 49 18 
-40 22 -17 -41 29 22 13 3 10 -29 -21 -9 34 -32 -42 -35 19 -25 -17 37 39 -22 40 15 23 24 -46 42 26 -33 43 -48 -24 33 -26 11 26 1 27 24 
15 -30 5 -12 -14 27 -17 -26 -41 30 -45 45 34 -21 11 -48 -5 -16 0 1 -42 -1 24 20 -25 -8 -12 26 10 -27 33 39 -7 4 -38 19 29 39 2 32 
20 -23 41 -49 -14 40 14 -2 11 -5 -15 5 -14 -18 38 -28 -37 34 33 32 18 -37 15 26 -39 -4 -28 -33 -27 -20 -10 36 -47 8 -5 20 49 -22 -42 -46 
44 43 -47 -2 20 -8 -35 -35 17 -11 -38 -42 -26 40 -45 -41 -10 -42 46 -33 25 -2 1 22 0 2 -28 43 33 -10 -13 -35 -15 -13 -10 45 -1 -32 45 39 
-32 -46 3 2 7 31 46 -31 -33 -33 35 3 14 1 -31 -15 -6 42 7 -11 38 -18 31 37 0 16 6 -48 39 36 -35 -24 -44 43 30 29 -36 11 49 4 
-4 6 -14 22 -19 31 -7 16 -49 26 19 -39 40 1 43 42 -47 20 -19 11 -47 -21 -6 -12 28 -21 -49 -24 -7 -47 -15 -44 25 17 -24 24 4 47 -23 -12 
-39 -3 30 49 -6 30 9 -18 -40 -39 48 -32 -38 14 18 -1 9 -47 -22 0 -5 48 -45 -24 37 -17 -21 33 4 8 -13 43 17 10 -21 -19 -5 24 11 28 
16 -9 -7 14 -41 34 47 -33 -46 49 -29 -4 -33 14 -24 15 -30 10 17 41 -6 25 31 -15 40 -39 -16 -26 -38 -5 -10 30 -24 -21 44 -48 -49 -27 -45 -23 
-6 -43 -29 -20 25 5 -33 41 6 -22 -18 -18 18 -4 31 -21 -32 4 13 30 26 -28 6 -27 -36 32 37 11 19 20 45 29 24 -19 -48 -25 40 -23 28 6 
12 30 -24 -14 -21 40 39 -44 -25 44 -32 -12 -3 0 36 19 37 -46 -14 6 -16 -42 -9 34 -34 -34 -42 26 29 49 -1 -36 4 -5 -49 40 -23 -1 19 -49 
-33 -37 31 35 10 -13 34 48 11 25 -23 -7 -5 10 39 -13 -39 47 23 30 10 -31 5 -38 33 23 -9 1 39 -22 -32 11 47 24 -27 -23 -1 0 -23 -26 
27 16 11 -32 -3 -42 -43 9 -25 17 49 28 23 9 -22 13 6 -28 26 0 -15 -43 47 -22 45 -43 49 27 2 -42 45 49 -23 11 -45 28 19 -23 21 -49 
34 29 29 22 49 -44 -11 13 -40 -26 38 -41 -9 25 3 -44 12 -47 18 16 31 18 -25 34 -34 39 18 24 32 -46 39 4 -12 28 -23 6 -49 -26 -49 -32 
