40
-39 -45 0 0 -5 0 -45 -34 -18 20 16 -42 0 0 33 -33 26 -8 -49 -35 32 0 23 47 -25 -40 -33 25 -47 0 15 -30 0 -37 6 -37 0 -44 -21 23 
39 -16 7 21 0 0 40 0 3 -17 0 -17 45 -21 16 17 42 -10 23 -39 2 -2 -22 35 0 0 -5 47 -48 9 22 0 -19 -44 -19 35 -21 -12 36 -41 
-16 14 -6 46 8 1 -15 -23 -32 3 -30 -6 -29 0 14 -27 -16 21 0 -46 -24 0 0 -42 -23 -19 -27 -46 -29 -28 -11 -7 0 0 -27 -10 6 -35 35 -44 
7 -6 0 -6 19 0 -4 0 -47 -11 26 39 -17 -29 -32 -10 0 2 0 -26 0 15 45 0 0 0 0 7 -8 0 -16 -29 42 23 35 -20 40 6 23 -49 
21 46 -6 9 46 0 43 23 6 0 0 0 42 41 0 -42 -45 44 -44 31 -19 -21 11 -39 -4 0 41 39 33 -47 0 -32 7 0 10 9 1 3 -10 16 
0 8 19 46 0 0 0 34 29 -11 -17 0 38 -8 5 8 -39 -43 15 34 24 5 -19 0 35 31 -36 41 0 46 0 25 -48 0 -35 45 31 32 17 -10 
0 1 0 0 0 -36 46 0 -18 0 -37 0 25 47 -38 13 0 -13 0 0 0 -28 32 0 46 36 30 0 0 0 45 -42 -5 -3 27 -45 49 0 0 35 
40 -15 -4 43 0 46 0 0 20 0 21 -30 42 30 -13 -46 4 -37 0 0 0 0 16 20 0 -16 -25 1 1 25 -36 -45 -25 38 0 0 16 0 -47 7 
0 -23 0 23 34 0 0 1 38 0 0 31 0 48 7 -13 0 -9 -1 -2 38 -4 -47 36 -41 -10 -47 -20 -12 25 3 0 27 0 21 0 32 -44 23 0 
3 -32 -47 6 29 -18 20 38 0 30 3 -36 0 40 -47 -5 40 -42 42 -32 -28 40 1 0 44 0 24 29 15 -43 37 31 -9 0 5 26 -22 29 38 37 
-17 3 -11 0 -11 0 0 0 30 -7 20 -44 -3 -49 45 -18 33 -49 0 0 0 0 47 16 0 21 7 0 -7 6 -8 10 -19 -26 0 8 -8 -35 -22 18 
0 -30 26 0 -17 -37 21 0 3 20 38 -45 -28 24 -5 -19 44 35 0 -23 5 17 0 10 0 0 28 -35 0 13 5 21 30 -42 0 36 -24 -13 24 -9 
-17 -6 39 0 0 0 -30 31 -36 -44 -45 36 0 0 45 -15 48 -35 -29 -5 -46 30 23 -31 -46 34 35 47 0 0 0 0 0 44 22 0 19 0 16 48 
45 -29 -17 42 38 25 42 0 0 -3 -28 0 0 43 40 43 0 35 11 -1 -13 -46 38 8 36 -10 -32 -10 -43 -28 -25 -35 0 13 48 0 0 -46 16 0 
-21 0 -29 41 -8 47 30 48 40 -49 24 0 43 0 -13 -8 42 -40 -44 -28 47 28 -44 36 -47 0 37 44 0 0 -46 -6 -46 -11 0 0 -33 0 -32 -2 
16 14 -32 0 5 -38 -13 7 -47 45 -5 45 40 -13 0 30 -6 26 -12 27 12 -8 -31 0 -33 0 -47 10 34 -10 48 28 48 -34 -49 -38 14 -35 47 41 
17 -27 -10 -42 8 13 -46 -13 -5 -18 -19 -15 43 -8 30 -37 7 -34 0 42 -8 13 -11 13 35 0 3 -38 0 0 0 0 6 0 -14 0 0 -34 -14 -35 
42 -16 0 -45 -39 0 4 0 40 33 44 48 0 42 -6 7 0 22 0 0 4 0 28 24 -23 -23 37 11 18 0 0 -35 0 5 -14 0 4 0 -40 0 
-10 21 2 44 -43 -13 -37 -9 -42 -49 35 -35 35 -40 26 -34 22 38 0 0 0 -10 16 -6 49 -29 -16 0 26 -48 16 -33 41 -14 39 0 -17 18 0 -41 
23 0 0 -44 15 0 0 -1 42 0 0 -29 11 -44 -12 0 0 0 -13 0 12 11 0 -21 11 -25 -33 3 -9 30 -44 5 -22 36 -46 -18 -49 0 -30 0 
-39 -46 -26 31 34 0 0 -2 -32 0 -23 -5 -1 -28 27 42 0 0 0 47 0 0 33 -30 44 -35 0 25 0 -14 31 19 24 46 -34 0 35 0 -8 -29 
2 -24 0 -19 24 0 0 38 -28 0 5 -46 -13 47 12 -8 4 0 12 0 -47 48 30 0 -16 0 -18 -1 37 -31 -41 -22 -12 0 -31 8 35 0 34 -8 
-2 0 15 -21 5 -28 0 -4 40 0 17 30 -46 28 -8 13 0 -10 11 0 48 -30 -6 8 25 9 4 0 -38 20 -34 28 -1 -17 -24 -44 33 22 0 -15 
-22 0 45 11 -19 32 16 -47 1 47 0 23 38 -44 -31 -11 28 16 0 33 30 -6 33 0 19 -4 11 39 -15 -18 17 2 0 -14 -5 -7 28 49 -43 -1 
35 -42 0 -39 0 0 20 36 0 16 10 -31 8 36 0 13 24 -6 -21 -30 0 8 0 0 -9 -49 -46 26 -13 9 0 1 38 38 -20 19 47 0 22 48 
0 -23 0 -4 35 46 0 -41 44 0 0 -46 36 -47 -33 35 -23 49 11 44 -16 25 19 -9 0 -49 44 0 3 0 0 1 -43 -47 -39 0 0 -13 0 -33 
0 -19 0 0 31 36 -16 -10 0 21 0 34 -10 0 0 0 -23 -29 -25 -35 0 9 -4 -49 -49 0 -36 38 40 0 21 -31 17 -29 -42 -21 40 0 4 16 
-5 -27 0 41 -36 30 -25 -47 24 7 28 35 -32 37 -47 3 37 -16 -33 0 -18 4 11 -46 44 -36 -39 0 -7 0 0 -49 47 39 11 37 0 37 -38 27 
47 -46 7 39 41 0 1 -20 29 0 -35 47 -10 44 10 -38 11 0 3 25 -1 0 39 26 0 38 0 -8 0 -49 0 24 -1 39 -25 -28 17 34 0 27 
-48 -29 -8 33 0 0 1 -12 15 -7 0 0 -43 0 34 0 18 26 -9 0 37 -38 -15 -13 3 40 -7 0 0 -31 0 -47 42 28 20 -3 0 -29 0 28 
9 -28 0 -47 46 0 25 25 -43 6 13 0 -28 0 -10 0 0 -48 30 -14 -31 20 -18 9 0 0 0 -49 -31 -22 36 48 -1 0 -18 2 0 17 32 -13 
22 -11 -16 0 0 45 -36 3 37 -8 5 0 -25 -46 48 0 0 16 -44 31 -41 -34 17 0 0 21 0 0 0 36 -29 45 7 -22 -20 -26 -8 43 0 -47 
0 -7 -29 -32 25 -42 -45 0 31 10 21 0 -35 -6 28 0 -35 -33 5 19 -22 28 2 1 1 -31 -49 24 -47 48 45 -13 0 -32 9 15 20 -32 -49 -43 
-19 0 42 7 -48 -5 -25 27 -9 -19 30 0 0 -46 48 6 0 41 -22 24 -12 -1 0 38 -43 17 47 -1 42 -1 7 0 -49 -31 0 -14 15 -1 -34 37 
-44 0 23 0 0 -3 38 0 0 -26 -42 44 13 -11 -34 0 5 -14 36 46 0 -17 -14 38 -47 -29 39 39 28 0 -22 -32 -31 23 3 0 -46 0 12 -34 
-19 -27 35 10 -35 27 0 21 5 0 0 22 48 0 -49 -14 -14 39 -46 -34 -31 -24 -5 -20 -39 -42 11 -25 20 -18 -20 9 0 3 0 48 -16 28 -21 -26 
35 -10 -20 9 45 -45 0 0 26 8 36 0 0 0 -38 0 0 0 -18 0 8 -44 -7 19 0 -21 37 -28 -3 2 -26 15 -14 0 48 -46 -44 0 -21 -12 
-21 6 40 1 31 49 16 32 -22 -8 -24 19 0 -33 14 0 4 -17 -49 35 35 33 28 47 0 40 0 17 0 0 -8 20 15 -46 -16 -44 0 0 0 28 
-12 -35 6 3 32 0 0 -44 29 -35 -13 0 -46 0 -35 -34 0 18 0 0 0 22 49 0 -13 0 37 34 -29 17 43 -32 -1 0 28 0 0 -11 28 -6 
36 35 23 -10 17 0 -47 23 38 -22 24 16 16 -32 47 -14 -40 0 -30 -8 34 0 -43 22 0 4 -38 0 0 32 0 -49 -34 12 -21 -21 0 28 -37 5 
-41 -44 -49 16 -10 35 7 0 37 18 -9 48 0 -2 41 -35 0 -41 0 -29 -8 -15 -1 48 -33 16 27 27 28 -13 -47 -43 37 -34 -26 -12 28 -6 5 -37 
