40
-39 -45 0 0 0 0 0 0 -45 -34 -18 20 0 0 0 -42 0 0 0 0 27 8 -37 47 15 0 32 0 23 47 -25 -40 0 -6 -6 0 -5 -40 37 0 
-14 17 -7 -44 0 -44 -47 0 25 24 26 -36 40 0 3 0 0 0 0 0 -18 0 -41 0 0 0 -31 11 0 -6 13 0 2 0 6 0 -16 0 0 0 
17 0 -36 0 0 0 13 -13 0 -41 0 -47 -21 32 0 -21 -12 36 0 -24 0 0 0 0 0 0 0 -42 0 1 -15 -23 0 0 -4 0 -30 -6 -29 0 
-7 -36 0 0 31 -37 -10 0 0 -46 -24 0 0 -42 -23 0 0 7 0 0 0 0 -29 -28 0 -3 -3 0 0 0 0 0 0 -12 0 -35 35 0 0 -8 
-44 0 0 0 0 40 -49 -4 0 -47 -11 0 7 -27 -2 0 3 -9 0 0 0 46 -26 0 15 0 0 1 0 0 0 -41 0 -31 43 0 0 0 20 -48 
0 0 31 0 -8 0 -2 14 -18 27 -48 0 46 0 0 0 0 23 0 0 0 0 0 0 42 41 0 -42 0 0 0 0 40 47 -25 0 3 14 0 0 
-44 0 -37 40 0 -5 0 0 0 41 39 0 0 0 -47 0 -32 7 0 10 0 -16 0 0 3 -10 0 41 0 0 0 0 0 0 -46 0 0 -17 0 38 
-47 13 -10 -49 -2 0 0 0 0 5 8 -39 0 -5 0 -42 38 0 0 0 0 0 0 14 -14 0 0 -36 0 -10 46 0 25 -48 0 0 0 0 0 -45 
0 -13 0 -4 14 0 0 -38 0 -28 -41 0 0 0 8 38 0 0 0 0 0 0 0 25 0 0 0 0 7 -15 -13 0 0 0 -28 32 0 46 36 30 
25 0 0 0 -18 0 0 0 0 0 0 0 -36 0 0 -5 -3 27 -45 49 0 0 35 0 0 20 0 21 -30 0 3 7 0 0 -46 4 -37 0 0 0 
24 -41 -46 -47 27 41 5 -28 0 0 0 47 49 -16 -25 0 -7 0 0 25 0 0 -23 -45 0 38 0 0 0 15 0 0 -34 -22 -18 -5 31 0 48 7 
26 0 -24 -11 -48 39 8 -41 0 0 -13 0 -9 -1 0 0 28 9 21 0 36 0 -21 0 9 0 0 4 48 -11 0 -14 -2 21 0 32 -44 0 0 0 
-36 -47 0 0 0 0 -39 0 0 47 0 0 0 30 3 0 0 0 0 40 0 -14 0 8 0 -42 0 0 0 0 10 0 -4 0 1 0 0 0 -47 0 
40 -21 0 7 46 0 0 0 -36 49 -9 0 0 29 0 -25 0 0 37 0 -4 -20 5 26 -22 0 -49 26 -23 0 10 3 0 -3 -49 45 0 43 -1 -11 
0 32 -42 -27 0 0 -5 0 0 -16 -1 30 29 0 0 0 47 16 0 21 7 0 -7 6 0 2 24 0 -35 28 36 35 0 0 0 16 1 0 -15 0 
3 0 -23 -2 0 -47 0 8 0 -25 0 3 0 0 0 25 0 -39 7 0 44 35 0 -23 5 17 0 0 0 5 28 -35 0 13 0 0 -44 0 -31 0 
0 -21 0 0 0 0 -42 38 -5 0 0 0 -25 0 25 0 36 0 0 0 0 -33 36 -40 0 10 40 -30 -34 31 -18 0 -9 35 16 -44 -1 0 0 0 
0 -12 0 3 0 -32 38 0 -3 -7 28 0 0 47 0 36 4 0 35 0 0 0 0 0 0 0 0 44 22 0 19 0 16 48 0 43 0 19 0 0 
0 36 7 -9 23 7 0 0 27 0 9 0 0 16 -39 0 0 0 35 11 -1 -13 -46 38 8 0 2 44 0 0 -10 -43 -28 -25 -35 0 0 0 8 0 
0 0 0 0 0 0 0 0 -45 0 21 0 37 0 7 0 35 35 0 0 0 0 0 21 38 0 0 -24 9 0 37 -9 -13 0 47 28 0 0 32 0 
0 -24 0 0 0 10 0 0 49 25 0 40 0 21 0 0 0 11 0 0 -40 37 44 0 0 -46 -6 0 0 -33 7 -33 0 -32 -2 0 30 -6 26 -12 
-18 0 0 0 0 0 0 0 0 0 36 0 -4 7 44 0 0 -1 0 -40 27 0 0 0 -8 -31 0 0 -12 -47 10 0 0 7 0 48 28 48 -34 -49 
0 0 0 46 0 -16 0 0 0 0 0 -14 -20 0 35 -33 0 -13 0 37 0 -38 0 0 0 -35 47 0 0 0 -37 7 0 2 42 -8 13 -11 0 0 
-41 0 -29 -26 0 0 0 0 35 -23 -21 0 5 -7 0 36 0 -46 0 44 0 0 22 0 0 3 -38 0 0 0 0 0 0 -48 38 0 -34 -14 -35 0 
0 0 -28 0 0 0 14 25 0 -45 0 8 26 6 -23 -40 0 38 21 0 0 0 0 0 0 0 0 0 4 0 28 0 0 -47 0 -23 0 0 0 0 
0 0 0 15 42 3 -14 0 0 0 9 0 -22 0 5 0 0 8 38 0 -8 0 0 0 0 0 18 0 0 0 0 0 0 0 0 0 -14 0 0 0 
0 0 -3 0 41 -10 0 0 20 38 0 -42 0 2 17 10 0 0 0 -46 -31 -35 3 0 0 -25 0 13 41 0 0 0 4 0 0 -6 49 0 -35 39 
-31 0 -3 0 0 0 0 0 0 0 0 0 -49 24 0 40 0 2 0 -6 0 47 -38 0 18 0 26 -48 16 -33 41 -14 0 -42 0 -39 0 1 0 0 
11 -42 0 1 -42 41 -36 0 21 0 4 0 26 0 0 -30 44 44 -24 0 0 0 0 0 0 13 -48 0 0 0 0 0 34 0 -12 -35 0 -11 0 -33 
0 0 0 0 0 0 0 7 -30 0 48 0 -23 -35 0 -34 22 0 9 0 -12 0 0 4 0 41 16 0 3 -9 30 -44 0 -10 22 9 0 -49 0 -49 
-6 1 0 0 0 0 -10 -15 0 15 -11 0 0 28 5 31 0 0 0 -33 -47 0 0 0 0 0 -33 0 -9 0 0 0 -7 0 -31 31 -44 0 38 41 
13 -15 0 0 0 0 46 -13 3 0 0 10 10 36 28 -18 19 -10 37 7 10 -37 0 28 0 0 41 0 30 0 0 0 25 0 -14 0 -31 0 0 24 
0 -23 0 -41 0 0 0 0 7 0 -14 0 3 35 -35 0 0 -43 -9 -33 0 7 0 0 0 0 -14 0 -44 0 0 46 -34 0 35 0 -8 -29 -47 48 
2 0 0 0 40 0 25 0 0 -34 -2 -4 0 0 0 -9 16 -28 -13 0 0 0 0 0 0 4 0 34 0 -7 25 -34 0 38 0 0 27 33 -23 -41 
0 0 -12 -31 47 0 -48 0 0 -22 21 0 -3 0 13 35 48 -25 0 -32 7 2 -48 -47 0 0 -42 0 -10 0 0 0 38 0 0 -41 0 0 0 0 
6 -4 0 43 -25 -46 0 -28 -46 -18 0 1 -49 0 0 16 0 -35 47 -2 0 42 38 0 0 0 0 -12 22 -31 -14 35 0 0 48 -31 8 0 -46 34 
0 0 -35 0 0 0 0 32 4 -5 32 0 45 16 0 -44 43 0 28 0 48 -8 0 -23 0 -6 -39 -35 9 31 0 0 0 -41 -31 0 16 0 0 0 
-16 -30 35 0 3 0 0 0 -37 31 -44 0 0 1 -44 -1 0 0 0 30 28 13 -34 0 -14 49 0 0 0 -44 -31 -8 27 0 8 16 0 0 8 25 
0 -6 0 0 14 -17 0 46 0 0 0 0 43 0 0 0 19 0 0 -6 48 -11 -14 0 0 0 1 -11 -49 0 0 -29 33 0 0 0 0 9 4 0 
0 -29 0 20 0 0 0 36 0 48 0 -47 -1 -15 -31 0 0 8 32 26 -34 0 -35 0 0 -35 0 0 0 38 0 -47 -23 0 -46 0 8 4 -38 20 
0 0 -8 -48 0 38 -45 30 0 7 0 0 -11 0 0 0 0 0 0 -12 -49 0 0 0 0 39 0 -33 -49 41 24 48 -41 0 34 0 25 0 20 0 
