50
-39 -45 0 0 0 0 0 0 -45 -34 -18 20 0 0 0 -42 0 0 0 0 27 8 -37 0 -49 -35 32 0 0 0 0 47 -25 -40 0 -6 0 0 0 0 -5 -40 37 0 0 0 0 17 -7 -44 
0 0 0 23 39 -16 7 21 0 0 40 0 3 0 0 0 0 0 -18 0 0 0 0 0 0 0 -31 11 0 -6 13 0 2 0 0 0 -22 0 0 0 0 0 0 -36 0 0 0 13 0 -32 
0 -41 0 -47 0 0 0 32 0 -21 -12 36 0 -24 0 0 0 0 0 0 0 -42 0 1 -15 0 0 0 0 0 -4 0 -30 -6 -29 0 0 0 31 0 0 41 -11 -46 -24 0 0 -42 0 -7 
0 0 0 7 0 0 0 0 0 -10 22 -3 -3 0 0 0 0 0 0 -12 0 -35 35 0 0 0 0 0 40 -49 -4 0 0 0 47 0 0 7 -27 -2 0 3 -9 0 0 0 46 0 0 0 
23 -47 7 0 15 0 0 1 0 0 0 0 -35 -31 43 0 0 0 0 0 0 -48 -8 0 -2 0 0 15 0 27 -48 0 0 0 -28 0 0 23 0 0 0 0 0 0 42 41 0 -42 0 0 
39 0 0 15 0 0 40 47 -25 0 3 14 0 0 0 0 -4 0 41 39 0 0 0 -47 0 0 33 0 0 0 10 0 -16 0 0 3 -10 0 41 0 0 0 0 0 0 -46 0 0 -17 0 
-16 0 0 0 0 38 0 0 0 5 0 0 -9 -5 0 0 34 0 47 0 0 0 0 14 -14 0 0 0 48 -10 46 0 25 -48 0 0 0 0 0 0 0 0 32 17 0 0 0 0 0 8 
7 0 0 0 40 0 38 0 0 0 0 0 0 0 25 0 0 0 0 7 0 -35 0 40 0 -28 0 0 9 19 0 -8 0 0 0 0 0 -36 0 0 -5 -3 27 -45 0 0 0 0 0 35 
21 32 0 1 47 0 0 0 0 20 0 21 -30 0 3 0 0 0 0 0 0 18 0 0 0 0 0 0 0 0 0 0 47 49 -16 -25 0 -7 0 0 25 0 0 -23 -45 0 38 0 0 0 
0 0 0 0 -25 0 0 0 15 0 0 -34 -22 -18 -5 31 0 48 7 -13 0 -9 0 -35 0 0 38 0 16 0 0 36 0 -21 0 9 0 0 4 48 -11 0 -14 -2 21 0 32 0 0 0 
0 -21 -10 0 0 5 0 20 0 0 0 0 0 0 30 3 0 0 0 0 40 0 -14 0 8 0 -42 0 0 0 0 10 0 -4 0 0 -49 0 0 -47 0 0 29 0 -25 0 0 37 0 -4 
40 -12 22 0 3 0 0 0 0 0 -20 5 26 -22 0 0 0 38 37 -7 0 0 3 0 -3 0 0 0 0 -13 43 -1 -11 0 0 0 0 -37 44 21 7 0 -7 6 0 2 24 0 -35 28 
0 36 -3 0 14 0 0 21 -34 0 5 36 35 0 0 0 16 1 0 -15 0 0 25 0 0 0 -4 -34 0 0 35 0 0 0 0 5 17 0 0 0 5 28 -35 0 13 0 0 -44 0 0 
3 0 -3 -35 0 -9 0 -30 -22 0 26 35 -42 0 36 0 0 0 0 -33 36 -40 0 10 40 -30 0 26 0 -35 -29 -5 0 0 16 -44 -1 0 0 0 4 0 35 0 0 0 0 0 0 0 
0 -24 0 -31 0 -5 0 0 -18 0 -22 0 0 0 44 22 0 19 0 16 48 0 0 -11 19 0 0 0 35 11 -1 -13 -46 38 0 0 0 0 2 0 0 0 0 0 -10 0 0 0 0 25 
0 0 0 43 0 0 25 3 -5 30 0 0 36 44 -48 0 -33 0 8 0 0 0 0 0 0 21 38 0 0 -24 9 0 37 -9 -13 0 47 0 0 0 0 0 32 0 0 0 0 0 37 44 
0 0 0 0 0 0 0 0 31 3 0 0 0 22 0 0 0 0 0 0 -6 0 0 -33 7 -33 0 0 0 41 36 11 0 0 26 -12 27 0 0 0 -8 -31 0 0 -12 0 0 0 0 0 
0 0 0 0 -4 34 0 0 0 0 0 16 0 0 -33 0 0 0 0 21 38 0 0 0 49 0 0 -49 -38 0 0 0 -35 47 0 0 0 -37 0 -49 2 42 -8 13 -11 0 0 22 0 0 
0 0 0 0 0 0 0 0 48 0 38 1 0 19 0 0 0 3 -38 0 0 0 0 0 0 -48 38 0 -34 -14 -35 0 0 0 0 0 0 4 0 0 0 -40 0 0 0 0 -23 0 0 0 
-18 0 0 0 41 47 0 0 7 0 37 0 0 0 8 0 0 -38 0 0 0 18 0 0 0 0 0 0 0 0 0 -14 0 0 0 -25 0 13 41 0 0 0 4 0 0 -6 49 0 -35 39 
0 0 -12 0 39 0 7 0 -13 0 -7 -15 -33 16 0 0 21 0 0 26 0 0 0 16 -33 41 -14 0 -42 0 -39 0 1 0 0 0 0 0 0 0 34 0 -12 -35 0 -11 0 -33 3 -9 
0 0 0 0 0 0 0 0 0 40 0 0 36 48 0 -6 38 0 0 0 30 -44 0 -10 22 9 0 -49 0 0 -32 0 0 -7 0 -31 31 -44 0 0 0 6 -3 25 0 -14 0 -31 0 0 
0 -42 -35 -48 0 0 -35 18 -9 0 0 0 -40 0 0 0 0 0 18 0 -44 0 7 32 42 35 0 -8 -29 -47 48 0 0 0 0 0 0 27 33 -23 -41 0 0 0 -17 0 0 0 48 0 
0 0 35 -8 0 0 0 0 0 -14 3 25 0 0 0 0 0 0 0 0 0 7 0 0 8 0 -46 34 0 16 0 0 0 0 0 8 0 0 0 9 4 0 -38 0 0 11 22 -17 13 0 
0 1 0 0 -47 14 40 0 -35 0 0 0 10 -11 0 -33 0 0 0 16 -10 32 0 0 14 0 12 0 0 0 8 -14 0 0 0 0 -48 12 -30 0 39 -37 0 0 0 22 0 0 -14 -5 
0 -15 0 -2 0 -14 0 0 0 8 -3 0 40 19 0 7 49 0 0 -33 22 42 8 14 -7 0 0 0 0 0 0 0 0 0 -1 0 0 -8 -20 0 -20 0 -13 0 -7 1 38 0 47 0 
0 0 0 0 0 0 -28 0 0 0 0 0 -30 0 21 -33 0 -48 0 41 9 35 0 0 0 8 0 0 -8 0 2 39 -49 0 0 0 0 0 0 -37 1 -43 -47 -39 0 0 0 -20 2 -27 
-31 0 0 0 33 0 0 0 38 -42 0 -4 0 0 38 0 0 38 0 -14 0 0 -46 12 0 0 -36 0 0 -14 -7 0 -1 34 -19 0 0 11 0 0 40 0 0 0 -2 0 0 0 0 0 
11 0 0 15 0 0 0 0 0 0 0 -34 26 0 0 0 -49 0 0 0 -49 -8 34 0 0 0 0 0 0 0 0 0 -49 0 -15 0 0 0 -23 0 0 0 37 -38 0 -3 44 -49 0 0 
0 0 40 0 0 48 9 0 16 0 0 0 0 35 0 0 -38 -34 0 -42 0 -29 0 0 0 -8 0 0 27 0 8 0 0 -40 0 0 0 0 0 0 0 0 0 16 0 23 -11 0 0 0 
-6 0 -49 27 0 -10 19 0 0 0 -13 0 -35 11 -24 41 0 -14 0 0 0 -47 16 0 0 0 -14 0 0 0 26 39 0 0 -29 0 28 -22 36 48 0 0 -6 0 0 2 0 0 0 0 
13 -4 -4 -48 10 46 0 0 0 0 43 35 -29 -1 9 36 0 -35 0 -39 -32 48 0 8 0 2 -7 0 8 26 32 -13 -29 45 7 -22 -20 -26 0 7 0 0 0 -47 -13 0 0 27 -5 -49 
0 0 0 0 0 0 -8 0 36 10 -1 0 -5 -13 0 11 0 0 -14 0 0 0 0 -14 0 39 0 0 0 39 -13 0 -1 33 0 -43 -49 -31 0 0 26 -25 -49 0 14 0 23 0 0 0 
2 -30 0 0 -16 25 0 47 0 0 -11 0 0 -46 37 0 -35 0 0 1 0 0 0 0 0 -49 -1 -49 0 0 -29 -1 0 0 32 12 -34 0 48 -16 28 -21 -26 0 0 0 -44 0 0 -42 
0 -6 0 0 0 -48 0 49 -21 -4 0 0 0 38 -9 0 47 0 0 0 -7 0 0 0 0 0 34 0 -40 0 45 33 0 36 29 0 28 -11 0 0 0 0 0 0 0 -9 -10 -36 11 -15 
0 -29 47 -28 0 0 0 -16 0 0 0 0 16 0 -13 26 0 0 0 0 0 0 0 0 -1 0 -19 -15 0 -29 7 0 32 29 0 0 -17 0 0 -31 0 37 0 0 0 0 0 -5 0 -36 
0 0 0 0 3 0 0 -25 9 0 0 5 -44 0 0 -12 0 0 -25 0 -31 0 8 0 0 0 0 0 0 0 -22 -43 12 0 0 -8 -43 0 0 -13 0 38 0 13 0 32 0 -23 0 16 
-22 0 0 0 -10 0 0 0 0 -49 0 17 -1 0 47 27 0 0 0 0 31 0 0 -48 0 0 0 0 0 28 -20 -49 -34 28 -17 -43 -2 14 0 0 0 0 0 0 -17 0 6 -10 0 0 
0 0 7 23 0 0 -36 -7 0 0 -37 0 0 0 0 0 -37 4 13 0 -44 27 0 12 -8 0 11 0 0 -22 -26 -31 0 -11 0 0 14 0 0 41 0 1 -47 0 0 12 0 0 0 0 
0 31 -27 0 41 0 0 0 4 0 44 0 0 2 0 0 0 0 41 0 0 33 0 -30 -20 0 0 -23 0 36 0 0 48 0 0 0 0 0 34 0 0 -8 0 0 0 0 0 -32 8 -26 
0 0 -2 0 0 0 0 0 48 -47 21 0 0 0 0 0 -49 0 0 0 0 -23 9 0 0 -37 0 0 0 48 7 0 -16 0 -31 -13 0 41 0 0 0 0 0 -41 0 0 25 30 0 -30 
0 0 0 0 0 0 -5 25 -11 0 7 5 4 0 0 -8 2 0 0 34 0 -41 4 39 -20 1 40 0 0 0 0 26 28 0 0 0 0 0 0 0 -25 3 1 0 43 0 0 0 0 12 
0 41 3 0 0 0 -3 0 0 0 0 28 0 0 0 -31 42 -40 0 0 6 0 0 -37 0 -43 0 0 0 0 0 -25 -21 0 37 38 0 1 -8 0 3 -3 -13 0 0 0 0 14 0 -16 
0 -11 -9 0 0 32 27 0 -14 29 -7 -35 35 0 32 0 -8 0 4 -12 -3 0 -38 0 -13 -47 0 37 0 -6 0 -49 -26 0 0 0 0 -47 0 0 1 -13 0 0 0 0 0 0 0 0 
-36 -46 0 0 0 17 -45 -23 -2 0 6 0 0 0 0 0 13 0 0 -35 25 0 0 0 0 -39 0 -38 16 0 -47 0 0 0 0 13 0 0 0 -41 0 0 0 0 0 35 34 0 23 0 
0 -24 0 42 0 0 0 -45 21 -25 0 13 0 -10 0 -12 -11 0 0 0 0 -17 0 0 -7 0 -2 0 0 0 -13 14 0 0 0 0 -17 0 0 0 43 0 0 0 -16 -45 0 0 0 -4 
0 0 0 41 -46 0 0 0 0 0 2 0 0 0 0 0 0 0 -6 -11 -14 0 11 22 1 0 0 -3 23 2 0 0 0 -9 0 32 0 12 0 0 0 0 0 35 -45 0 4 0 0 24 
0 0 46 0 0 0 0 38 32 0 24 0 0 0 0 0 0 -23 49 0 0 0 22 0 38 0 0 44 -11 0 0 23 -44 -10 0 0 6 0 0 25 0 0 0 34 0 4 -3 0 0 18 
13 -42 0 -42 0 0 0 0 0 37 0 -44 0 0 0 0 22 0 0 -33 -31 0 -17 0 0 -20 0 -49 0 0 27 0 0 -36 -5 -23 -10 0 -32 30 0 14 0 0 0 0 0 0 29 0 
0 0 0 0 -17 0 0 0 0 0 -35 0 0 0 37 0 0 0 -35 3 0 48 13 -14 47 2 0 0 0 0 -5 0 0 11 0 0 0 0 8 0 0 0 0 23 0 0 0 29 0 0 
-32 -7 0 0 0 8 35 0 0 -4 28 0 0 25 44 0 0 0 39 -9 0 0 0 -5 0 -27 0 0 0 0 -49 0 -42 -15 -36 16 0 0 -26 -30 12 -16 0 0 -4 24 18 0 0 0 
