30
-15 46 -42 -16 -33 34 39 10 0 -48 -46 -34 -15 -31 -5 -31 49 -9 -6 -31 18 4 19 -9 30 8 -40 46 -7 23 
34 45 -4 -6 -14 48 13 -26 -16 25 -41 -25 -6 -15 -11 -20 26 -29 -24 -15 -4 12 40 35 39 16 -1 38 -27 -4 
45 34 -42 0 -7 20 22 -7 -40 15 20 44 -32 -4 -39 16 -6 12 -33 27 34 14 39 14 -15 32 36 -31 26 27 
-4 -42 -28 12 -9 41 -28 36 -5 7 27 -43 16 -49 -48 35 15 0 -42 22 -30 -23 43 -46 6 -3 -9 -43 30 -37 
-6 0 12 16 29 -47 7 29 39 34 30 16 -7 21 -23 0 12 -32 5 17 -45 -42 -14 -27 48 17 29 -4 8 2 
-14 -7 -9 29 -17 5 41 -47 3 -14 30 -7 -29 -24 31 11 29 39 -23 24 10 -44 47 -12 9 11 -29 -15 19 43 
48 20 41 -47 5 33 -22 12 6 18 -2 -32 -35 -44 -6 34 -41 -12 -49 -2 2 22 49 14 -20 -14 35 -32 22 -14 
13 22 -28 7 41 -22 -12 25 5 38 19 44 -39 10 -17 -14 -3 -23 17 17 -2 45 15 3 20 -48 35 -23 29 -14 
-26 -7 36 29 -47 12 25 -14 20 7 -19 -6 -41 25 -21 10 -3 49 18 -26 7 48 27 6 46 43 5 -42 -43 15 
-16 -40 -5 39 3 6 5 20 -7 36 10 -31 11 30 -46 -30 -20 15 22 27 40 -8 31 31 30 34 5 40 -13 -42 
25 15 7 34 -14 18 38 7 36 -44 -3 14 -47 26 -29 -22 27 6 29 0 -44 -20 33 32 29 28 -8 -1 -24 -13 
-41 20 27 30 30 -2 19 -19 10 -3 -47 13 -17 14 -35 46 -7 9 47 -33 39 34 -43 -11 -30 44 -44 35 -16 38 
-25 44 -43 16 -7 -32 44 -6 -31 14 13 37 -48 3 -10 43 29 32 0 -40 -11 -34 -13 -46 1 3 -26 -2 -35 -31 
-6 -32 16 -7 -29 -35 -39 -41 11 -47 -17 -48 16 -18 -33 41 -44 48 9 13 -28 -43 -28 13 -9 31 0 42 8 -36 
-15 -4 -49 21 -24 -44 10 25 30 26 14 3 -18 11 -37 -46 45 40 -19 -26 -43 -49 10 -41 11 17 -33 -49 -40 -46 
-11 -39 -48 -23 31 -6 -17 -21 -46 -29 -35 -10 -33 -37 6 -25 11 -25 -40 11 -10 37 -48 30 41 2 8 -33 -49 23 
-20 16 35 0 11 34 -14 10 -30 -22 46 43 41 -46 -25 29 39 -20 21 -8 29 -19 -29 30 -5 -11 -33 26 -39 49 
26 -6 15 12 29 -41 -3 -3 -20 27 -7 29 -44 45 11 39 -22 44 25 17 -26 37 49 -22 -43 7 -1 -22 -18 15 
-29 12 0 -32 39 -12 -23 49 15 6 9 32 48 40 -25 -20 44 -40 -9 -19 -27 44 -36 2 -27 -21 -45 -15 -38 35 
-24 -33 -42 5 -23 -49 17 18 22 29 47 0 9 -19 -40 21 25 -9 19 48 -29 -18 -32 -23 49 38 -43 43 15 -17 
-15 27 22 17 24 -2 17 -26 27 0 -33 -40 13 -26 11 -8 17 -19 48 -46 40 -42 -40 -10 36 31 42 -5 33 -31 
-4 34 -30 -45 10 2 -2 7 40 -44 39 -11 -28 -43 -10 29 -26 -27 -29 40 -43 -9 45 5 -42 3 -39 -32 -4 -18 
12 14 -23 -42 -44 22 45 48 -8 -20 34 -34 -43 -49 37 -19 37 44 -18 -42 -9 -12 -7 28 -41 -41 16 0 22 33 
40 39 43 -14 47 49 15 27 31 33 -43 -13 -28 10 -48 -29 49 -36 -32 -40 45 -7 -6 48 47 21 6 -40 -32 31 
35 14 -46 -27 -12 14 3 6 31 32 -11 -46 13 -41 30 30 -22 2 -23 -10 5 28 48 -6 -21 34 34 -14 -26 14 
39 -15 6 48 9 -20 20 46 30 29 -30 1 -9 11 41 -5 -43 -27 49 36 -42 -41 47 -21 40 -38 -33 18 -3 -5 
16 32 -3 17 11 -14 -48 43 34 28 44 3 31 17 2 -11 7 -21 38 31 3 -41 21 34 -38 23 -9 33 26 -26 
-1 36 -9 29 -29 35 35 5 5 -8 -44 -26 0 -33 8 -33 -1 -45 -43 42 -39 16 6 34 -33 -9 21 -49 -23 -7 
38 -31 -43 -4 -15 -32 -23 -42 40 -1 35 -2 42 -49 -33 26 -22 -15 43 -5 -32 0 -40 -14 18 33 -49 -5 -3 39 
-27 26 30 8 19 22 29 -43 -13 -24 -16 -35 8 -40 -49 -39 -18 -38 15 33 -4 22 -32 -26 -3 26 -23 -3 -29 -8 
-4 27 -37 2 43 -14 -14 15 -42 -13 38 -31 -36 -46 23 49 15 35 -17 -31 -18 33 31 14 -5 -26 -7 39 -8 -6 
