60
-39 0 0 0 0 0 0 0 0 0 0 0 0 0 0 0 -18 20 0 0 0 -42 0 0 0 0 0 0 0 0 0 35 0 0 -49 0 -17 0 0 0 0 0 0 0 0 0 -25 -40 0 -6 0 0 0 0 0 0 0 0 0 0 
37 0 0 0 0 17 0 0 0 0 39 0 0 23 0 0 0 0 20 0 0 21 0 0 0 0 0 0 0 0 33 0 0 0 -18 0 0 0 0 0 0 0 -31 0 0 0 0 0 0 0 0 0 0 0 2 0 0 0 -22 0 
0 0 0 0 0 0 -36 0 0 0 13 0 -32 -41 0 0 0 0 0 0 0 32 0 -21 0 0 10 0 0 -24 0 0 0 0 0 0 0 0 0 18 0 13 0 0 0 0 0 0 0 0 0 0 0 0 0 -6 0 0 21 0 
0 0 0 0 0 0 0 0 0 0 0 0 0 0 0 0 -24 0 0 0 31 0 0 0 0 0 0 7 0 0 0 0 0 0 0 0 22 -3 0 0 0 0 0 0 0 0 0 -12 0 -35 0 0 0 0 0 0 0 0 0 0 
0 0 0 40 -49 -4 0 0 0 47 0 0 0 0 39 -17 -29 0 35 0 0 0 0 0 0 46 0 0 0 0 15 0 0 1 0 0 0 0 -35 0 0 0 43 0 0 0 0 0 0 -48 -8 0 -2 0 0 15 0 0 0 0 
0 0 0 -49 0 0 -34 0 0 0 0 0 0 23 0 0 0 0 0 0 0 0 0 0 0 0 0 -42 0 0 0 0 40 0 0 0 0 0 0 0 3 0 0 -25 0 0 0 0 0 0 0 0 0 39 0 0 0 -47 0 0 
17 0 0 -4 0 0 0 0 0 0 0 10 0 0 0 0 0 0 0 0 45 0 0 41 0 0 0 0 0 0 -46 0 0 -17 0 38 0 0 0 0 0 0 0 0 0 0 0 -5 0 0 0 0 38 0 0 0 0 0 0 14 
0 -36 0 0 -34 0 0 30 0 0 0 0 0 0 0 0 46 0 0 0 0 0 0 0 0 0 0 0 0 0 0 31 0 0 0 17 0 0 0 0 0 8 38 0 0 0 0 0 0 0 25 0 0 0 0 0 0 0 0 0 
0 0 0 0 0 0 30 0 0 0 40 0 -28 0 0 9 19 0 0 0 0 0 0 0 0 0 0 0 0 0 0 0 0 0 -3 27 -45 0 0 0 0 0 35 0 0 0 0 0 0 21 0 0 0 0 0 0 30 0 0 0 
0 0 0 0 0 0 0 0 0 0 0 0 0 0 0 0 0 0 0 0 0 0 0 0 0 0 0 49 0 40 0 0 0 -7 0 0 25 0 0 0 0 0 -45 0 0 0 0 0 0 0 15 0 0 0 0 0 0 1 0 43 
0 0 0 47 0 0 0 0 0 0 0 0 0 0 48 7 -13 0 0 0 0 0 -35 0 0 0 26 16 0 0 36 0 0 0 0 0 9 0 0 0 11 2 0 0 0 0 0 0 -2 0 0 0 0 0 0 0 0 0 0 0 
39 13 0 0 0 0 0 40 0 0 0 0 0 0 30 0 0 0 0 0 0 0 40 0 0 0 0 0 0 40 -42 0 0 0 0 10 0 -4 0 0 -49 0 0 0 0 24 0 0 0 0 0 0 0 0 0 37 0 0 0 0 
0 0 0 0 0 10 0 0 0 0 0 0 0 0 0 -13 24 5 0 0 0 0 0 37 0 0 0 0 0 0 0 0 0 0 0 0 0 0 0 0 -13 0 0 0 -1 -11 0 0 0 0 0 0 0 0 0 0 0 0 0 0 
0 -32 0 0 0 0 0 -28 0 0 0 0 0 0 0 0 0 0 0 0 0 0 0 24 0 -35 0 0 0 0 0 0 0 0 0 0 0 0 0 0 0 0 -10 0 -45 0 0 0 0 0 0 0 0 7 0 0 0 0 0 0 
23 -41 0 0 23 0 0 0 0 0 0 0 0 0 0 0 0 0 0 0 0 17 0 0 0 5 28 -35 0 13 0 0 -44 0 0 0 0 0 0 36 0 0 0 0 -33 0 0 -9 0 0 10 0 0 0 0 0 -15 0 0 0 
0 0 0 39 0 0 0 0 0 48 30 0 0 0 0 -18 0 -9 35 0 0 0 -44 -1 0 0 0 4 0 0 0 0 0 0 0 0 0 0 0 0 44 0 0 0 0 19 0 16 0 0 0 0 0 -11 0 -16 0 0 0 0 
0 0 0 -17 0 0 0 9 0 7 0 -13 0 0 -18 0 11 -1 -13 0 0 12 0 0 0 0 0 2 0 0 0 0 0 0 0 0 0 0 0 0 0 0 0 0 0 0 0 0 0 0 0 8 0 0 0 0 0 0 21 38 
0 0 -24 -29 0 0 46 19 0 -13 0 24 0 0 0 11 0 0 0 0 0 0 0 42 0 0 0 0 0 -13 0 0 -11 0 0 0 0 32 0 0 0 0 0 37 0 13 0 0 0 0 -6 0 0 0 -11 0 0 -33 0 0 
0 0 0 0 0 0 0 0 0 0 0 5 0 0 -9 -1 0 0 41 0 0 0 11 0 0 26 0 0 0 0 0 0 0 0 0 -8 0 -33 0 -12 0 0 0 10 0 0 0 0 0 0 48 0 0 0 0 49 0 0 -49 -38 
20 0 0 35 0 0 0 0 0 0 0 0 0 0 35 -13 0 41 0 0 0 -35 47 0 0 0 0 0 0 0 -49 0 21 0 0 -8 13 0 0 0 0 0 22 0 0 3 0 0 -41 0 0 0 0 0 0 -14 0 0 0 49 
0 0 0 0 0 0 0 0 0 0 0 0 0 0 0 0 0 0 0 0 0 0 0 0 0 0 0 0 0 0 0 0 0 0 0 0 0 0 0 0 0 0 0 -23 0 0 0 0 0 0 18 0 0 0 0 0 0 0 0 0 
0 0 31 0 0 45 0 0 0 0 0 0 0 0 0 0 0 0 0 0 0 0 0 0 0 0 0 0 -40 0 0 0 0 0 0 0 0 0 0 0 0 0 0 0 0 0 0 0 0 0 0 0 39 0 0 0 0 0 0 16 
21 32 0 0 0 0 0 0 0 0 0 0 0 17 0 12 0 0 -35 0 0 -33 41 -14 0 -42 0 0 0 0 0 0 0 0 0 0 0 0 0 0 0 34 0 -12 -35 0 0 0 -45 0 0 0 0 0 -9 0 0 0 -44 0 
0 0 0 0 0 0 0 0 0 -35 40 0 0 0 -44 0 0 11 47 0 0 41 0 0 -22 0 0 -27 0 0 0 0 0 0 0 0 0 0 0 0 0 0 -31 31 0 35 0 0 6 0 0 0 25 0 -14 0 -31 0 0 0 
0 -21 0 0 0 41 0 0 0 0 0 37 24 0 -1 0 42 0 0 0 0 -14 0 0 0 46 -34 0 35 0 -8 0 -38 0 -38 0 0 0 0 0 0 0 0 0 0 33 0 0 0 0 -1 0 0 -17 0 0 0 0 6 0 
0 0 0 0 0 0 0 0 0 0 0 0 0 0 0 0 0 0 0 0 0 0 -22 0 0 8 0 -46 0 1 16 0 0 0 0 0 8 0 0 0 0 0 0 4 0 0 0 0 0 0 0 0 0 22 -17 0 0 0 0 0 
0 0 0 46 0 0 0 0 0 0 0 0 -35 5 0 0 0 26 0 0 0 -42 0 46 8 0 0 -44 0 0 0 0 0 8 0 0 0 0 0 0 0 -48 12 -30 0 0 0 -31 20 0 0 0 1 -14 -5 0 0 0 0 0 
0 10 0 0 0 0 0 0 0 26 0 0 0 28 0 0 0 0 0 0 0 0 0 -34 0 0 0 0 0 0 0 0 0 -1 0 0 -8 0 0 0 0 -20 0 -13 0 0 0 0 1 0 0 0 0 0 0 0 0 8 0 0 
0 0 7 0 -42 0 0 0 49 16 0 0 0 -35 4 2 0 0 0 0 0 0 -27 0 -46 -44 0 -8 0 0 0 0 0 0 0 -49 0 0 0 0 0 0 0 0 0 0 0 43 0 -47 -39 0 0 0 -20 2 -27 -36 0 0 
0 0 0 0 0 0 0 0 0 0 0 0 0 0 0 0 0 0 0 0 -40 0 0 35 0 0 0 0 0 0 0 0 0 0 0 -1 0 0 -25 0 0 0 11 0 0 0 0 0 0 0 0 0 16 0 0 0 0 0 0 0 
0 -24 0 0 0 0 0 0 40 0 40 0 0 13 0 0 -13 0 0 0 0 0 0 0 1 0 0 0 0 0 0 0 0 0 0 -15 0 0 0 -23 0 0 0 0 0 0 -38 0 0 0 0 0 0 0 -49 0 0 0 0 0 
33 0 0 15 0 -46 0 0 0 36 -42 0 0 0 0 0 0 0 -49 0 0 0 0 -8 16 0 0 0 0 0 0 8 0 0 -40 0 0 0 0 0 0 0 0 0 0 0 0 0 -31 0 -47 42 0 0 0 0 0 0 0 0 
0 0 0 0 0 0 31 0 0 0 0 0 0 0 0 0 0 0 0 0 0 0 0 0 0 0 0 0 0 0 8 0 0 -29 0 0 10 0 0 36 0 0 0 0 0 -6 0 0 2 0 0 0 0 0 0 -13 0 -29 45 7 
0 0 0 0 40 0 0 0 0 0 0 0 0 -44 0 0 -11 0 21 0 0 0 0 -38 0 0 0 0 0 0 0 0 0 0 -1 0 0 0 0 0 0 0 0 0 0 0 -47 0 0 0 0 0 27 0 0 15 0 0 -1 33 
0 0 0 1 0 -17 0 0 -7 0 0 0 0 0 0 0 0 0 0 0 0 0 0 0 0 8 -1 0 0 0 0 -29 0 0 0 0 0 0 0 43 0 0 0 26 0 0 -1 0 0 14 0 0 0 0 0 0 0 0 0 32 
-18 0 0 0 0 0 0 -3 0 0 0 0 0 0 0 0 0 0 0 0 0 0 0 -38 0 0 0 0 0 0 -40 0 -1 0 0 0 0 -34 0 48 -16 0 0 -27 0 0 0 0 0 0 0 0 6 0 -42 36 29 0 0 0 
0 0 0 0 0 38 17 27 0 0 10 0 0 0 0 0 0 -8 -8 0 0 0 0 0 0 0 0 -49 -1 -15 0 0 0 0 0 0 -11 0 0 0 0 0 0 0 -9 0 27 0 0 11 0 0 0 0 0 -17 0 0 -31 0 
0 0 22 0 0 0 0 -45 25 9 0 0 0 0 0 0 0 0 13 0 0 0 0 0 8 0 -8 0 0 0 0 10 0 0 0 -11 37 0 0 0 0 0 -5 0 -36 -8 -43 0 0 -13 0 38 0 0 0 0 0 32 0 -23 
0 0 -3 0 0 0 0 0 0 0 -4 0 0 0 0 0 32 -33 0 0 0 0 0 0 0 0 0 0 0 0 0 0 0 0 -34 0 0 0 0 14 0 0 14 0 0 0 0 0 0 0 0 47 0 -17 22 0 0 41 0 0 
0 0 0 -35 0 0 0 0 0 0 0 0 0 0 0 0 0 0 0 0 0 0 0 0 0 0 0 0 -25 0 0 0 0 0 0 0 0 0 0 0 0 0 0 0 0 0 0 0 0 0 0 0 0 0 47 0 23 0 0 0 
0 18 0 0 0 0 0 0 0 0 0 0 0 36 0 0 0 -12 0 0 0 0 0 0 0 0 0 0 0 -23 0 36 0 43 48 0 0 14 0 0 -32 0 0 25 0 0 0 0 0 0 0 0 0 0 25 0 0 0 0 -30 
0 0 0 0 3 0 0 0 0 11 -49 -13 0 0 44 0 0 0 0 0 0 0 0 0 0 0 0 0 0 0 0 0 0 0 -16 0 0 0 0 -32 -25 0 0 0 0 0 0 0 43 0 0 0 0 12 -3 0 0 0 0 0 
0 13 0 0 0 0 8 0 0 2 0 0 0 0 0 0 0 0 0 0 0 34 0 0 0 -48 -20 0 0 0 0 0 0 0 0 0 0 0 0 0 0 0 0 14 0 0 0 0 0 0 0 0 0 0 0 0 0 0 35 0 
-31 0 0 43 0 0 38 35 -45 0 0 0 -10 0 0 0 0 0 22 0 0 0 -31 0 0 12 0 0 11 0 0 0 0 0 0 0 -5 14 0 0 0 0 0 0 0 23 0 0 0 0 0 0 0 0 -4 0 4 0 0 0 
0 0 0 0 -25 0 0 0 0 0 0 0 0 0 0 0 37 10 0 -23 0 -12 31 0 4 -30 -13 0 0 0 0 0 0 26 -27 0 0 0 0 25 0 14 0 0 0 -3 0 0 0 0 0 0 29 0 0 0 0 0 23 0 
0 0 0 0 0 0 0 0 0 0 0 -1 -45 -33 0 0 0 0 0 0 0 -35 0 0 0 0 0 0 0 0 0 0 0 0 0 -9 -36 0 0 0 0 0 0 0 0 0 0 -13 0 -4 38 0 -36 0 0 0 0 41 0 0 
0 0 0 0 0 0 0 0 0 0 24 -11 0 0 19 0 13 0 3 0 0 0 35 33 0 0 0 0 0 0 0 -6 0 0 0 0 -8 0 0 0 0 0 23 -3 0 0 0 0 0 0 0 0 0 0 10 0 0 -7 0 0 
0 0 0 0 0 0 0 0 0 0 0 0 0 0 0 0 0 0 0 0 0 0 0 0 0 0 0 0 0 -38 0 0 -47 -1 0 27 -43 0 0 0 0 0 0 0 0 0 0 0 0 0 0 0 0 0 0 0 0 0 21 0 
0 0 -12 0 0 -5 0 0 0 0 0 0 0 -9 16 0 0 0 0 0 0 0 0 0 0 -31 0 43 0 0 0 0 0 0 0 0 0 0 0 0 0 0 0 0 -13 0 0 0 -14 0 0 0 0 0 0 0 0 38 0 -17 
0 0 0 0 0 0 0 0 0 -2 0 0 0 0 0 0 0 0 -41 0 0 -45 6 0 0 20 1 0 0 0 -31 2 0 0 0 0 0 0 0 0 43 0 0 0 0 0 0 -14 0 0 0 0 0 0 -31 0 0 0 -18 0 
0 0 -35 -48 0 0 0 21 0 0 0 0 0 0 0 0 0 0 0 0 0 0 0 0 0 0 0 -47 0 0 0 0 0 14 0 11 -13 0 0 0 0 0 0 0 -4 0 0 0 0 0 0 -20 0 0 38 0 0 0 0 0 
0 0 0 -8 0 0 25 0 15 0 0 0 0 10 0 0 -6 48 0 18 0 0 0 -1 0 0 0 -39 0 0 -47 0 0 0 0 0 0 0 0 0 0 0 0 0 38 0 0 0 0 0 0 0 0 0 0 46 0 -5 0 0 
0 0 0 0 0 0 0 0 0 0 0 0 0 0 0 8 0 0 0 0 0 0 0 0 0 0 0 0 0 0 42 0 0 0 0 0 38 47 0 0 0 0 0 0 0 0 0 0 0 -20 0 20 0 0 0 -11 33 0 0 0 
0 0 0 -2 0 38 0 0 0 0 0 0 0 0 0 0 0 0 0 0 39 0 25 0 0 1 0 0 16 0 0 0 27 0 6 0 0 0 0 0 0 0 0 29 -36 0 0 0 0 0 0 0 33 0 0 0 -33 -22 0 0 
0 0 0 0 39 0 0 0 0 0 0 0 7 0 -11 0 0 0 0 0 0 0 0 -17 22 -14 0 0 0 0 0 0 0 0 0 0 0 -17 0 0 12 0 0 0 0 0 0 0 0 0 0 0 0 0 0 39 0 0 0 0 
2 0 0 0 0 0 0 0 0 0 0 0 0 0 0 0 -11 0 0 0 0 -9 -14 0 -17 -5 0 -20 0 -49 0 0 0 0 -42 0 0 22 47 25 -3 0 -4 0 0 10 0 0 -31 38 0 0 0 0 0 0 47 0 0 0 
0 -6 0 15 0 0 0 0 0 0 37 0 0 0 -16 0 0 49 -14 0 0 0 0 0 0 0 0 2 0 0 0 -13 15 0 36 -17 0 0 0 0 0 0 0 0 0 0 0 0 0 0 46 -11 0 39 0 0 27 0 -17 0 
0 0 0 0 0 0 0 30 0 0 0 0 0 -15 0 0 0 0 0 0 0 0 -31 0 0 0 0 -27 0 0 0 0 0 0 29 0 0 0 23 0 0 0 4 0 0 0 0 0 0 0 0 33 -33 0 47 27 0 23 -28 0 
0 0 0 0 -47 0 0 0 1 0 0 0 0 0 0 0 -33 0 0 0 0 0 0 0 0 0 8 -36 0 0 0 -29 0 0 0 0 32 41 0 0 0 0 0 0 41 -7 0 38 0 0 -5 0 -22 0 0 0 23 0 0 0 
-22 21 0 0 0 0 0 0 0 0 0 0 0 0 0 21 0 -49 0 0 0 -44 0 6 0 0 0 0 0 0 0 45 -1 0 0 -31 0 0 0 0 0 35 0 23 0 0 21 0 -18 0 0 0 0 0 0 -17 -28 0 0 0 
0 0 0 0 0 14 0 0 43 0 0 0 0 0 0 38 0 -38 49 0 16 0 0 0 0 0 0 0 0 0 0 7 33 32 0 0 -23 0 0 -30 0 0 0 0 0 0 0 -17 0 0 0 0 0 0 0 0 0 0 0 0 
