30
13 -27 -12 -17 25 -33 16 -11 31 36 -44 -17 -11 38 -17 -3 3 3 22 -45 -1 9 -29 40 14 25 43 -36 -21 11 
-29 -43 -38 21 -32 3 1 -34 48 49 16 -10 -26 -32 2 30 35 -15 -26 -47 -23 -6 -13 -17 26 16 28 -37 -2 -33 
-43 28 -9 25 -35 -13 -26 3 29 7 -7 31 24 -47 15 42 13 -32 -24 39 -39 -14 35 0 -18 -31 36 11 -40 -8 
-38 -9 -1 14 7 5 -25 -38 -25 44 -13 11 19 -39 14 -35 -6 -38 -7 -40 -9 -46 -13 27 -40 -29 -14 -12 43 -33 
21 25 14 42 14 -26 -28 15 -31 49 0 33 24 -42 -35 34 34 39 3 13 35 -5 3 22 -44 -5 -8 -15 -30 -37 
-32 -35 7 14 -31 -29 -35 -49 -26 30 19 49 38 -26 -47 -46 -21 -39 26 2 3 -32 -18 12 -6 15 -43 9 -44 20 
3 -13 5 -26 -29 -13 -20 -43 40 9 47 -47 12 2 -48 -46 46 -18 11 -4 -47 38 41 -27 -17 -13 -15 -46 -11 29 
1 -26 -25 -28 -35 -20 -38 -16 2 26 -32 -5 5 30 22 5 46 4 -9 -9 -47 -17 -47 11 -17 -41 -18 20 45 9 
-34 3 -38 15 -49 -43 -16 19 -20 27 40 -1 24 48 11 -12 33 -34 27 -11 34 -19 -49 -34 -16 10 18 23 -23 -16 
48 29 -25 -31 -26 40 2 -20 -41 28 18 -9 5 9 44 39 31 47 2 -29 -2 -10 -45 -35 -8 -3 -18 29 -8 -12 
49 7 44 49 30 9 26 27 28 -49 -24 13 -7 5 10 -4 -32 -18 21 5 48 11 -2 49 9 0 29 -35 26 -22 
16 -7 -13 0 19 47 -32 40 18 -24 0 13 11 16 -49 -21 -40 16 -15 0 -12 10 -44 39 -20 38 -38 -24 5 22 
-10 31 11 33 49 -47 -5 -1 -9 13 13 -47 47 -5 17 48 2 26 20 -34 -37 24 23 20 47 -3 18 16 -7 -26 
-26 24 19 24 38 12 5 24 5 -7 11 47 15 -14 -28 -43 -27 8 11 40 -23 -25 -42 37 12 -16 -8 -10 -20 45 
-32 -47 -39 -42 -26 2 30 48 9 5 16 -5 -14 48 -4 -24 42 29 14 13 -2 11 -10 -17 -17 -43 27 35 -4 3 
2 15 14 -35 -47 -48 22 11 44 10 -49 17 -28 -4 31 39 46 -38 48 -1 -19 30 31 6 30 -35 -48 -8 12 41 
30 42 -35 34 -46 -46 5 -12 39 -4 -21 48 -43 -24 39 -18 -23 8 -2 30 13 -9 6 -17 9 -16 31 0 -43 -42 
35 13 -6 34 -21 46 46 33 31 -32 -40 2 -27 42 46 -23 -41 31 -33 -4 35 -31 24 32 -46 33 -42 47 -32 32 
-15 -32 -38 39 -39 -18 4 -34 47 -18 16 26 8 29 -38 8 31 -12 35 -26 0 10 -36 25 -49 -44 7 16 0 20 
-26 -24 -7 3 26 11 -9 27 2 21 -15 20 11 14 48 -2 -33 35 26 -9 27 35 -13 46 -20 -24 16 20 -3 26 
-47 39 -40 13 2 -4 -9 -11 -29 5 0 -34 40 13 -1 30 -4 -26 -9 34 -22 36 -35 5 -6 31 -10 -1 -2 25 
-23 -39 -9 35 3 -47 -47 34 -2 48 -12 -37 -23 -2 -19 13 35 0 27 -22 -23 -35 1 -39 3 -12 -2 -29 -21 44 
-6 -14 -46 -5 -32 38 -17 -19 -10 11 10 24 -25 11 30 -9 -31 10 35 36 -35 -36 32 -39 35 45 4 26 10 0 
-13 35 -13 3 -18 41 -47 -49 -45 -2 -44 23 -42 -10 31 6 24 -36 -13 -35 1 32 -23 38 37 -44 20 31 -12 38 
-17 0 27 22 12 -27 11 -34 -35 49 39 20 37 -17 6 -17 32 25 46 5 -39 -39 38 -10 13 48 -23 13 2 -10 
26 -18 -40 -44 -6 -17 -17 -16 -8 9 -20 47 12 -17 30 9 -46 -49 -20 -6 3 35 37 13 25 44 -20 25 -43 -30 
16 -31 -29 -5 15 -13 -41 10 -3 0 38 -3 -16 -43 -35 -16 33 -44 -24 31 -12 45 -44 48 44 -33 39 -45 38 -30 
28 36 -14 -8 -43 -15 -18 18 -18 29 -38 18 -8 27 -48 31 -42 7 16 -10 -2 4 20 -23 -20 39 -33 37 -15 -33 
-37 11 -12 -15 9 -46 20 23 29 -35 -24 16 -10 35 -8 0 47 16 20 -1 -29 26 31 13 25 -45 37 -6 6 25 
-2 -40 43 -30 -44 -11 45 -23 -8 26 5 -7 -20 -4 12 -43 -32 0 -3 -2 -21 10 -12 2 -43 38 -15 6 38 -28 
-33 -8 -33 -37 20 29 9 -16 -12 -22 22 -26 45 3 41 -42 32 20 26 25 44 0 38 -10 -30 -30 -33 25 -28 20 
