30
-39 -45 0 0 -5 0 -45 -34 -18 20 0 27 15 0 33 -33 26 -8 -49 -35 32 0 23 47 -25 -40 -33 25 -47 0 
15 -30 0 -37 0 17 -7 -44 -21 23 39 -16 7 21 0 0 40 0 3 -17 0 0 -18 -37 0 0 22 -22 -9 -6 
-30 13 0 2 -2 -22 0 0 0 0 0 -5 47 0 13 -13 37 -19 -44 -19 35 -21 -12 36 -41 14 0 0 -12 -42 
0 0 0 1 -15 -23 -32 0 -42 42 12 -14 0 0 31 -37 -10 0 0 -46 -24 0 0 -42 -23 0 0 7 0 -46 
-37 2 1 -29 -28 0 -3 -3 0 -27 0 0 -12 0 -35 35 0 0 -8 15 46 -47 0 28 0 47 0 26 39 -17 
0 -2 -15 -28 -29 -32 -10 0 2 0 -26 0 15 45 0 0 0 0 7 -8 0 -16 -29 42 23 35 0 29 0 14 
17 -22 -23 0 -32 -18 27 -48 0 46 0 43 23 6 0 0 0 42 41 0 -42 0 0 0 44 -44 31 -19 0 -34 
-7 0 -32 -3 -10 27 -25 -5 0 0 0 41 39 33 -47 0 -32 7 0 10 0 -16 -38 -36 12 41 0 0 34 29 
-44 0 0 -3 0 -48 -5 -11 -17 0 38 -8 5 8 -39 0 -5 -43 14 47 -30 -4 35 31 -36 41 0 46 0 25 
-21 0 -42 0 2 0 0 -17 -48 0 0 -10 -45 -38 0 -28 -41 -25 8 38 0 0 0 0 -18 25 47 -38 13 0 
23 0 42 -27 0 46 0 0 0 -13 0 0 0 -28 32 0 46 36 30 0 0 0 0 -36 41 -11 0 0 27 -45 
39 0 12 0 -26 0 0 38 0 0 49 0 0 35 0 0 20 0 21 -30 42 30 -13 -46 4 -37 0 0 0 0 
-16 -5 -14 0 0 43 41 -8 -10 0 0 16 20 0 -16 -25 1 1 25 -36 -45 -25 38 0 0 0 15 0 0 -34 
7 47 0 -12 15 23 39 5 -45 0 0 20 -22 -18 -5 31 0 48 7 -13 0 -9 -1 -2 38 -4 -47 36 -41 -10 
21 0 0 0 45 6 33 8 -38 -28 35 0 -18 -47 -20 -12 25 3 0 27 0 21 0 32 -44 23 0 0 30 3 
0 13 31 -35 0 0 -47 -39 0 32 0 -16 -5 -20 -36 0 40 -47 -5 40 -42 0 0 0 -32 -28 40 1 0 44 
0 -13 -37 35 0 0 0 0 -28 0 0 -25 31 -12 0 0 24 29 0 -25 -41 -16 -4 -20 5 26 -22 29 38 37 
40 37 -10 0 0 0 -32 -5 -41 46 20 1 0 25 40 24 -7 0 0 3 0 -3 -49 45 0 43 -1 -11 0 0 
0 -19 0 0 0 42 7 -43 -25 36 0 1 48 3 -47 29 0 0 47 16 0 21 7 0 -7 6 -8 0 24 0 
3 -44 0 -8 7 41 0 14 8 30 21 25 7 0 -5 0 0 47 -35 28 36 35 -34 16 1 25 -18 25 5 -4 
-17 -19 -46 15 -8 0 10 47 38 0 -30 -36 -13 27 40 -25 3 16 28 -34 31 -42 -23 5 17 0 0 0 5 28 
0 35 -24 46 0 -42 0 -30 0 0 42 -45 0 0 -42 -41 0 0 36 31 -35 0 13 0 0 -44 31 31 36 -24 
0 -21 0 -47 -16 0 -16 -4 0 0 30 -25 -9 21 0 -16 -3 21 35 -42 0 -13 24 -9 36 0 0 0 -30 -34 
-18 -12 0 0 -29 0 -38 35 0 0 -13 38 -1 0 0 -4 -49 7 -34 -23 13 24 31 -18 0 -9 35 16 -44 -1 
-37 36 -42 28 42 0 -36 31 0 -36 -46 0 -2 32 0 -20 45 0 16 5 0 -9 -18 -1 4 0 35 47 0 0 
0 -41 -23 0 23 44 12 -36 -18 41 4 0 38 -44 -32 5 0 -7 1 17 0 36 0 4 0 0 0 44 22 0 
0 14 0 47 35 -44 41 41 25 -11 -37 0 -4 23 -28 26 43 6 25 0 -44 0 -9 0 0 19 0 16 48 0 
22 0 0 0 0 31 0 0 47 0 0 15 -47 0 40 -22 -1 -8 -18 0 31 0 35 35 0 0 43 40 0 0 
-22 0 7 26 29 -19 0 46 -38 0 0 0 36 0 1 29 -11 0 25 0 31 0 16 47 44 16 40 0 0 35 
-9 -12 0 39 0 0 34 0 13 27 0 0 -41 30 0 38 0 24 5 5 36 -30 -44 0 22 48 0 0 11 -1 
-6 -42 -46 -17 14 -34 29 25 0 -45 0 -34 -10 3 44 37 0 0 -4 28 -24 -34 -1 0 0 0 0 35 -1 -13 
