30
-15 46 -42 0 33 -30 19 -20 26 27 7 4 49 -38 0 23 0 -31 49 -9 -6 -31 18 0 0 32 -17 12 44 -45 
24 27 -44 0 34 45 -4 -6 -14 48 0 -8 29 49 -44 -25 -1 0 0 -15 -11 -20 26 -29 -24 -15 -4 12 40 35 
27 39 16 -1 38 -27 -4 34 -42 0 -7 20 22 -7 0 23 -25 36 40 16 0 27 40 -31 -16 0 -33 0 -5 17 
-44 16 36 -1 21 -10 0 4 0 0 -39 17 -6 17 35 -29 -47 46 0 -37 -34 48 5 -16 35 41 -16 48 6 37 
0 -1 -1 12 11 0 0 -45 -41 10 3 -36 -25 -8 8 -2 13 -4 -39 -32 0 0 39 0 0 0 30 16 -7 21 
34 38 21 11 -23 0 12 -32 5 17 0 -21 43 0 37 20 -36 0 29 -4 8 0 34 0 36 38 45 -24 -35 -20 
45 -27 -10 0 0 47 13 -23 32 -18 -44 46 33 -38 -24 5 8 37 38 32 -9 17 0 19 43 33 -22 12 6 18 
-4 -4 0 0 12 13 0 48 26 -39 24 46 0 19 29 9 0 -2 2 22 49 14 -20 -14 0 -2 0 0 13 18 
-6 34 4 -45 -32 -23 48 -19 -17 5 -45 49 -41 17 -33 2 -20 -25 -30 0 -25 -8 -40 -12 -18 -29 -2 39 32 0 
-14 -42 0 -41 5 32 26 -17 -14 -14 20 7 -19 -6 -41 25 -21 0 39 -14 -29 0 -11 20 0 48 27 6 46 43 
48 0 0 10 17 -18 -39 5 -14 0 -22 44 -35 -16 0 48 4 -29 24 14 7 -17 -35 40 34 0 27 40 -8 31 
0 -7 -39 3 0 -44 24 -45 20 -22 31 0 13 29 -14 33 -42 36 46 -17 27 -31 0 1 17 44 30 -18 34 -19 
-8 20 17 -36 -21 46 46 49 7 44 0 -11 46 46 16 -38 -29 19 0 -24 -13 -47 13 -17 14 0 0 18 -41 14 
29 22 -6 -25 43 33 0 -41 -19 -35 13 46 0 0 0 3 -36 0 34 -43 -11 -30 44 -44 0 -48 8 6 0 7 
49 -7 17 -8 0 -38 19 17 -6 -16 29 46 0 -8 39 -42 0 0 -3 0 -48 -27 -35 0 -34 -13 -46 1 0 -45 
-44 0 35 8 37 -24 29 -33 -41 0 -14 16 0 39 38 44 -33 -21 11 19 0 -30 0 -44 48 9 13 -28 -43 0 
-25 23 -29 -2 20 5 9 2 25 48 33 -38 3 -42 44 19 -39 -38 -49 10 0 40 23 -32 9 -47 12 0 40 -19 
-1 -25 -47 13 -36 8 0 -20 -21 4 -42 -29 -36 0 -33 -39 -26 0 -5 -18 41 -26 0 0 17 0 -47 -18 2 41 
0 36 46 -4 0 37 -2 -25 0 -29 36 19 0 0 -21 -38 0 3 -32 -33 -45 0 -12 -37 -18 19 28 -6 0 2 
0 40 0 -39 29 38 2 -30 39 24 46 0 34 -3 11 -49 -5 -32 0 2 -33 -32 0 -24 -6 1 0 0 0 3 
-15 16 -37 -32 -4 32 22 0 -14 14 -17 -24 -43 0 19 10 -18 -33 2 48 0 -19 0 -26 11 -37 -28 -26 0 -43 
-11 0 -34 0 8 -9 49 -25 -29 7 27 -13 -11 -48 0 0 41 -45 -33 0 42 0 -22 44 25 0 0 35 40 36 
-20 27 48 0 0 17 14 -8 0 -17 -31 -47 -30 -27 -30 40 -26 0 -32 -19 0 7 17 10 -5 -11 -31 0 15 0 
26 40 5 39 34 0 -20 -40 -11 -35 0 13 44 -35 0 23 0 -12 0 0 -22 17 0 41 -21 0 0 -23 36 0 
-29 -31 -16 0 0 19 -14 -12 20 40 1 -17 -44 0 -44 -32 0 -37 -24 -26 44 10 41 -42 47 25 -29 1 3 -16 
-24 -16 35 0 36 43 0 -18 0 34 17 14 0 -34 48 9 17 -18 -6 11 25 -5 -21 47 -36 0 48 0 -6 33 
-15 0 41 0 38 33 -2 -29 48 0 44 0 -48 -13 9 -47 0 19 1 -37 0 -11 0 25 0 0 1 -22 -40 0 
-4 -33 -16 30 45 -22 0 -2 27 27 30 0 8 -46 13 12 -47 28 0 -28 0 -31 0 -29 48 1 0 0 0 0 
12 0 48 16 -24 12 0 39 6 40 -18 18 6 1 -28 0 -18 -6 0 -26 35 0 -23 1 0 -22 0 -39 -37 -8 
40 -5 6 -7 -35 6 13 32 46 -8 34 -41 0 0 -43 40 2 0 0 0 40 15 36 3 -6 -40 0 -37 22 2 
35 17 37 21 -20 18 18 0 43 31 -19 14 7 -45 0 -19 41 2 3 -43 36 0 0 -16 33 0 0 -8 2 36 
