30
13 -27 0 36 -34 -43 0 -16 0 -11 31 36 0 0 0 -17 -11 0 35 -6 0 34 0 3 22 0 -29 0 20 7 
6 16 16 -34 0 -36 -21 11 -29 -43 0 21 -34 0 0 3 0 -48 43 10 0 0 16 -10 -26 -32 2 0 39 0 
16 0 -15 -26 -47 -23 0 23 -7 -13 11 36 26 -21 0 41 44 -13 -26 13 0 0 -11 45 -20 -49 -8 -42 -22 44 
16 -15 0 28 26 -38 0 -32 -24 39 -39 -14 35 0 40 31 0 20 0 11 0 0 0 -8 -1 14 0 -28 -40 -29 
-34 -26 28 0 33 -42 0 0 -27 -45 0 -34 0 0 -35 -6 -38 -7 -40 -9 0 0 49 0 27 -40 0 -20 24 0 
0 -47 26 33 -46 -25 22 -12 35 0 -28 0 -26 -11 0 -31 0 33 0 15 8 -2 0 12 -34 -2 0 13 35 -5 
-36 -23 -38 -42 -25 3 22 -44 -5 -8 -15 0 0 -49 -49 -17 0 -35 -49 -26 30 19 0 -49 41 38 0 0 -46 0 
-21 0 0 0 22 22 -6 -1 7 10 -29 0 0 0 2 15 0 20 -15 -34 11 -4 0 0 0 -19 37 -38 0 9 
11 23 -32 0 -12 -44 -1 47 -47 12 0 0 45 37 14 0 -18 11 -4 -47 0 15 0 0 -27 -17 -13 -15 0 37 
-29 -7 -24 -27 35 -5 7 -47 -20 0 0 0 0 -1 48 -14 -45 0 -5 5 0 0 0 0 0 0 0 0 38 22 
-43 -13 39 -45 0 -8 10 12 0 -35 3 -45 0 -17 -47 0 -37 -37 0 19 2 18 36 0 19 0 8 -35 33 -1 
0 11 -39 0 -28 -15 -29 0 0 3 0 -26 0 11 0 0 -48 0 -34 27 -11 34 0 -22 -41 0 41 0 0 0 
21 36 -14 -34 0 0 0 0 0 -45 -26 -6 12 0 -23 -16 0 -3 0 -48 -21 -48 44 24 -10 -20 0 0 -21 0 
-34 26 35 0 -26 0 0 45 0 0 0 12 23 -9 0 0 39 -37 0 0 -8 -3 -18 29 0 10 0 -29 0 0 
0 -21 0 0 -11 -49 0 37 -1 -17 11 0 -9 34 -31 -37 -49 11 12 8 44 -44 -27 0 0 11 0 27 0 0 
0 0 40 -35 0 -49 2 14 48 -47 0 -23 0 -31 9 0 38 -10 -37 25 41 8 -1 0 0 0 18 0 0 -21 
3 41 31 -6 -31 -17 15 0 -14 0 0 -16 0 -37 0 0 28 0 1 -14 9 44 -17 -6 0 -20 0 3 0 -49 
0 44 0 -38 0 0 0 -18 -45 -37 -48 0 39 -49 38 28 40 0 22 -47 0 -2 -41 -16 0 42 0 0 38 6 
-48 -13 20 -7 33 -35 20 11 0 -37 0 -3 -37 11 -10 0 0 43 -16 0 0 23 20 0 -31 -1 0 0 16 0 
43 -26 0 -40 0 -49 -15 -4 -5 0 -34 0 0 12 -37 1 22 -16 -2 0 -6 0 -14 -28 0 -37 -14 2 0 -40 
10 13 11 -9 15 -26 -34 -47 5 19 27 -48 0 8 25 -14 -47 0 0 15 45 49 40 0 12 -16 -8 -10 0 41 
0 0 0 0 8 30 11 0 0 2 -11 -21 -8 44 41 9 0 0 -6 45 0 -36 0 0 0 19 16 0 29 14 
0 0 0 0 -2 19 -4 15 0 18 34 -48 -3 -44 8 44 -2 23 0 49 -36 13 -2 11 -10 -17 -17 0 -8 -16 
16 -11 0 49 0 0 0 0 0 36 0 44 -18 -27 -1 -17 -41 20 -14 40 0 -2 0 0 -4 0 0 18 -46 20 
-10 45 -8 0 12 -49 0 0 0 0 -22 24 29 0 0 -6 -16 0 -28 0 0 11 0 39 -12 -21 -35 12 0 0 
-26 -20 -1 27 -34 41 0 -27 0 19 -41 -10 0 0 0 0 0 -31 0 12 0 -10 -4 -12 -16 42 0 -25 7 -35 
-32 -49 14 -40 -2 38 -19 -17 0 0 0 -20 10 11 0 -20 42 -1 -37 -16 19 -17 0 -21 42 40 -40 37 -43 0 
2 -8 0 0 0 0 37 -13 0 8 41 0 0 0 18 0 0 0 -14 -8 16 -17 0 -35 0 -40 -43 26 34 -17 
0 -42 -28 -20 13 0 -38 -15 0 -35 0 0 -29 27 0 3 0 0 2 -10 0 0 18 12 -25 37 26 0 6 -17 
39 -22 -40 24 35 -46 0 0 38 33 0 -21 0 0 0 0 38 16 0 0 29 -8 -46 0 7 -43 34 6 0 -27 
0 44 -29 0 -5 0 9 37 22 -1 0 0 0 0 -21 -49 6 0 -40 41 14 -16 20 0 -35 0 -17 -17 -27 0 
