30
13 -27 -12 -17 25 -33 16 -11 31 36 0 2 -4 -46 35 -6 -12 -20 -12 27 -29 0 20 7 6 16 16 -34 33 29 
-36 5 0 -43 -38 21 -32 3 1 -34 48 49 16 -10 -26 -32 2 0 39 -25 -14 47 -19 -49 23 -7 -13 11 36 26 
5 -21 0 41 44 -13 -26 13 39 -11 -46 20 0 25 24 2 15 28 26 -38 -33 0 -24 39 -39 -14 35 0 -18 -31 
0 0 36 11 -40 -8 -1 14 7 5 -25 -38 -25 44 0 -27 -45 0 -34 0 29 45 -29 -29 0 -40 -9 -46 -13 27 
-43 41 11 -40 -29 0 24 29 -17 -34 45 10 38 0 -26 -11 -47 24 -18 15 8 -2 8 1 -41 -8 -37 -9 -25 -7 
-38 44 -40 -29 38 0 -1 14 -19 27 -49 -17 -16 -41 -35 0 -36 10 42 -46 -31 47 39 35 33 -12 -6 34 -29 27 
21 -13 -8 0 0 0 12 0 0 20 -15 -34 11 -4 0 -13 -20 -43 0 45 -6 -12 -42 29 44 0 37 14 15 40 
-32 -26 -1 24 -1 12 -17 0 -47 38 41 -27 -17 -13 -15 -46 0 -20 -45 0 -1 48 -14 -45 35 38 0 30 0 43 
3 13 14 29 14 0 0 -10 32 27 -34 -45 -1 0 -37 14 -43 -13 19 2 18 36 0 19 0 8 -35 33 -1 45 
1 39 7 -17 -19 0 -47 32 11 -9 9 -27 31 -35 -1 43 -22 -41 0 41 -44 -6 12 7 -13 21 -4 -48 -21 -48 
-34 -11 5 -34 27 20 38 27 -9 44 24 -10 -20 22 -28 23 -9 0 0 39 -37 -38 12 -18 0 -4 -43 0 -12 -49 
48 -46 -25 45 -49 -15 41 -34 9 24 -24 0 -31 -37 -49 11 12 8 44 -44 -27 36 -31 27 -28 0 17 46 41 -2 
49 20 -38 10 -17 -34 -27 -45 -27 -10 0 -35 -7 26 -30 0 16 -49 -21 -40 16 -15 0 0 6 27 41 0 -43 4 
16 0 -25 38 -16 11 -17 -1 31 -20 -31 -7 -3 -49 40 -10 37 48 49 0 17 48 0 40 38 6 43 -16 6 -13 
-10 25 44 0 -41 -4 -13 0 -35 22 -37 26 -49 2 -31 -1 0 0 16 -7 0 29 -39 49 36 -37 -14 2 -43 46 
-26 24 0 -26 -35 0 -15 -37 -1 -28 -49 -30 40 -31 -4 -12 0 40 0 12 -16 -8 -10 -20 45 0 49 0 19 16 
-32 2 -27 -11 0 -13 -46 14 43 23 11 0 -10 -1 -12 -34 -6 40 -11 30 -47 3 35 19 32 12 17 8 18 -46 
2 15 -45 -47 -36 -20 0 -43 -22 -9 12 16 37 0 0 -6 20 39 -12 -21 -35 12 -28 0 6 30 0 -30 31 0 
0 28 0 24 10 -43 -20 -13 -41 0 8 -49 48 0 40 40 39 40 -40 37 -43 0 -43 26 34 -17 34 -41 0 -23 
39 26 -34 -18 42 0 -45 19 0 0 44 -21 49 16 0 -11 -12 -40 -6 -40 -45 0 -42 0 -49 -23 -42 28 -19 0 
-25 -38 0 15 -46 45 0 2 41 39 -44 -40 0 -7 12 30 -21 37 -40 -30 0 32 0 41 -3 37 0 7 0 -19 
-14 -33 29 8 -31 -6 -1 18 -44 -37 -27 16 17 0 -16 -47 -35 -43 -45 0 14 -13 -42 22 33 -16 -19 -33 8 6 
47 0 45 -2 47 -12 48 36 -6 -38 36 -15 48 29 -8 3 12 0 0 32 -13 15 -10 10 0 -9 27 0 -32 -39 
-19 -24 -29 8 39 -42 -14 0 12 12 -31 0 0 -39 -10 35 -28 -43 -42 0 -42 -10 11 25 25 20 43 -10 9 0 
-49 39 -29 1 35 29 -45 19 7 -18 27 0 40 49 -20 19 0 26 0 41 22 10 25 21 -10 -1 -44 -45 6 35 
23 -39 0 -41 33 44 35 0 -13 0 -28 6 38 36 45 32 6 34 -49 -3 33 0 25 -10 -47 37 -6 -35 35 -16 
-7 -14 -40 -8 -12 0 38 8 21 -4 0 27 6 -37 0 12 30 -17 -23 37 -16 -9 20 -1 37 35 -40 -35 -19 15 
-13 35 -9 -37 -6 37 0 -35 -4 -43 17 41 43 -14 49 17 0 34 -42 0 -19 27 43 -44 -6 -40 0 -21 44 -36 
11 0 -46 -9 34 14 30 33 -48 0 46 0 -16 2 0 8 -30 -41 28 7 -33 0 -10 -45 -35 -35 -21 32 -39 35 
36 -18 -13 -25 -29 15 0 -1 -21 -12 41 -43 6 -43 19 18 31 0 -19 0 8 -32 9 6 35 -19 44 -39 45 4 
26 -31 27 -7 27 40 43 45 -48 -49 -2 4 -13 46 16 -46 0 -23 0 -19 6 -39 0 35 -16 15 -36 35 4 26 
