30
13 -27 0 36 -34 -43 0 0 0 0 0 -11 31 36 0 0 0 0 0 3 28 -43 15 34 0 3 22 0 -29 0 
20 7 6 16 16 0 43 -36 -21 11 0 0 0 -43 0 21 -34 0 0 3 0 -48 43 10 0 0 16 -10 0 0 
7 -35 0 -20 0 35 -15 -26 -47 -23 0 23 0 0 -17 0 11 36 26 -21 0 41 44 -13 0 25 0 0 0 0 
6 0 -11 0 0 3 29 0 -8 -42 -22 44 0 28 26 -38 0 -32 0 48 -24 -45 40 -29 40 0 -39 20 0 11 
16 -20 0 0 0 0 -8 -1 14 0 -28 -40 0 -41 33 -42 0 0 0 0 0 -45 0 -34 0 0 -35 0 0 -29 
16 0 0 0 -29 0 -40 -9 0 0 49 0 27 -40 0 -20 0 43 -46 -25 22 -12 0 0 0 0 -28 0 -26 -11 
0 35 3 0 0 0 -31 0 0 -18 15 8 -2 0 12 -34 -2 0 13 0 -9 -25 -7 38 0 -1 14 -19 0 -49 
43 -15 29 -8 -40 -31 -49 -17 0 -35 -49 -26 0 18 0 0 0 -49 41 38 0 0 -46 0 -6 -1 0 -6 34 -29 
-36 -26 0 -1 -9 0 -17 0 0 0 0 12 0 0 20 -15 0 0 0 35 0 0 0 0 0 0 44 -17 45 -6 
-21 -47 -8 14 0 0 0 0 0 43 0 12 0 0 0 0 0 37 14 0 -18 11 -4 0 0 0 0 15 0 0 
11 -23 -42 0 0 -18 -35 0 43 0 -10 -16 -47 -21 37 -20 0 0 0 0 -1 0 0 17 15 46 -42 -17 0 0 
0 0 -22 -28 49 15 -49 0 0 -10 0 0 0 0 0 38 22 -35 0 0 -45 -1 0 -37 14 -43 0 0 0 19 
0 23 44 -40 0 8 -26 12 12 -16 0 0 20 45 0 -24 0 -47 0 27 0 33 -1 0 -26 0 11 0 0 -48 
0 0 0 0 27 -2 0 0 0 -47 0 20 0 -34 27 -11 0 43 0 41 -13 0 0 13 0 -6 0 0 0 0 
-43 0 28 -41 -40 0 18 0 0 -21 0 45 -34 -23 -16 0 -3 0 -48 -21 0 5 9 44 39 0 -14 -21 0 23 
0 -17 26 33 0 12 0 20 0 37 0 0 27 -16 -9 0 0 39 -37 0 0 -8 -3 -18 0 -45 10 0 -29 0 
21 0 -38 -42 -20 -34 0 -15 0 -20 38 -24 -11 0 0 0 34 -31 -37 -49 11 12 0 0 -18 0 -44 -27 0 0 
-34 11 0 0 0 -2 0 0 0 0 22 0 0 -3 0 34 11 0 27 0 0 9 0 38 -10 -37 25 41 8 -1 
0 36 -32 0 43 0 -49 0 37 0 -35 -47 43 0 39 -31 0 0 0 0 0 0 -49 -21 0 28 0 1 -14 9 
0 26 0 0 -46 13 41 0 14 0 0 0 0 -48 -37 -37 27 0 0 10 0 41 0 0 -20 0 3 0 -49 40 
3 -21 48 0 -25 0 38 35 0 0 0 27 41 -21 0 -49 0 0 10 0 0 38 -26 -2 -41 -16 0 42 0 0 
0 0 -24 0 22 -9 0 0 -18 -1 -45 0 -13 0 0 11 0 0 0 0 0 0 20 -34 -37 24 23 0 2 -31 
-48 41 -45 -45 -12 -25 0 0 11 0 -1 33 0 5 -8 12 9 0 41 38 0 -1 0 0 16 0 -2 0 -6 0 
43 44 40 0 0 -7 -46 0 -4 0 0 -1 0 9 -3 0 0 -49 0 -26 20 0 -14 0 0 29 -47 40 0 11 
10 -13 -29 -34 0 38 0 0 0 17 -37 0 13 44 -18 0 38 -21 0 -2 -34 0 0 40 -23 -25 -42 37 12 -16 
0 0 40 0 0 0 -6 0 0 15 14 -26 0 39 0 -18 -10 0 -20 -41 -37 16 0 -23 -8 -10 0 41 0 -36 
0 25 0 0 0 -1 -1 0 0 46 -43 0 -6 0 -45 0 -37 28 0 -16 24 0 29 -25 -10 0 0 0 19 16 
16 0 -39 -35 -28 14 0 44 0 -42 0 11 0 -14 10 -44 25 0 3 0 23 -2 -47 -42 0 0 0 29 14 13 
-10 0 20 0 0 -19 -6 -17 15 -17 0 0 0 -21 0 -27 41 1 0 42 0 0 40 37 41 0 29 -2 11 -10 
0 0 0 0 -26 0 34 45 0 0 0 0 0 0 -29 0 8 -14 -49 0 2 -6 0 12 0 19 14 11 -17 -17 
0 0 11 -29 -11 -49 -29 -6 0 0 19 -48 0 23 0 0 -1 9 40 0 -31 0 11 -16 -36 16 13 -10 -17 0 
