30
-39 -45 -2 -1 -45 -34 -18 20 16 -42 -20 0 -38 35 2 -42 -17 40 23 47 -25 -40 -33 25 -47 -42 33 -25 -14 17 
-7 -44 -21 23 39 -16 7 21 48 37 3 -17 -7 24 -41 0 22 -22 -9 -6 13 0 1 35 -16 -25 -5 47 -48 9 
-44 22 -1 -47 -21 32 -49 5 10 27 22 -21 -12 -42 2 13 35 -47 -4 49 21 39 21 16 -25 41 -11 -46 -24 -18 
-21 -1 31 -13 -17 7 27 -37 15 41 -11 -11 -27 -10 6 -35 35 -44 0 -6 19 -19 28 -2 -48 7 -27 -2 -36 35 
23 -47 -13 4 21 46 -26 -38 44 1 15 -41 15 -16 -29 42 23 35 -20 40 6 23 -49 9 46 36 -44 18 -3 20 
39 -21 -17 21 24 33 47 -23 40 47 -25 -12 -34 -25 -5 38 41 39 33 -47 31 -38 23 12 -16 -38 -36 12 41 -7 
-16 32 7 46 33 23 -46 -18 -48 38 -8 5 8 -39 -43 15 34 24 5 -19 40 30 11 36 9 47 25 -48 -25 12 
7 -49 27 -26 47 -46 0 46 -28 -41 -25 8 38 11 20 -18 25 47 -38 13 -33 40 31 32 9 19 27 5 37 -36 
21 5 -37 -38 -23 -18 46 41 -11 -8 -45 -4 -17 28 25 20 18 -17 22 -44 -21 9 22 45 6 -36 -2 -24 -33 40 
48 10 15 44 40 -48 -28 -11 -24 -7 -5 -45 33 -35 -20 43 42 -6 -37 -19 -37 43 22 -49 10 -9 -21 -9 -1 -2 
37 27 41 1 47 38 -41 -8 -7 38 -4 -47 36 -41 -10 -47 -20 -12 25 3 12 41 -27 32 -44 23 -35 34 -34 27 
3 22 -11 15 -25 -8 -25 -45 -5 -4 40 -47 -5 40 -42 42 -32 -28 40 1 -26 -47 9 0 -25 -41 -16 -4 -20 5 
-17 -21 -11 -41 -12 5 8 -4 -45 -47 -47 26 -22 29 38 37 -7 20 -44 -3 -49 45 -18 33 -49 -12 38 -34 21 -3 
-7 -12 -27 15 -34 8 38 -17 33 36 -5 -22 -15 -7 6 -8 10 -19 -26 2 1 -9 35 16 -10 -15 45 -26 -39 7 
24 -42 -10 -16 -25 -39 11 28 -35 -41 40 29 -7 30 -20 10 -35 -25 -1 10 -38 21 -19 13 5 21 30 -42 -22 25 
-41 2 6 -29 -5 -43 20 25 -20 -10 -42 38 6 -20 35 -32 29 40 10 40 -30 -34 31 -18 -27 -2 28 29 -47 -41 
0 13 -35 42 38 15 -18 20 43 -47 42 37 -8 10 -32 24 6 -14 -20 28 -12 -14 -9 -7 16 48 32 -38 -16 -12 
22 35 35 23 41 34 25 18 42 -20 -32 -7 10 -35 29 6 -48 -12 -45 -11 22 34 36 2 44 20 47 -10 25 -48 
-22 -47 -44 35 39 24 47 -17 -6 -12 -28 20 -19 -25 40 -14 -12 -35 13 48 -13 -43 -36 22 -13 -8 42 -40 -44 -28 
-9 -4 0 -20 33 5 -38 22 -37 25 40 -44 -26 -1 10 -20 -45 13 47 28 -44 36 -47 0 -34 -22 21 22 43 13 
-6 49 -6 40 -47 -19 13 -44 -19 3 1 -3 2 10 40 28 -11 48 28 -24 15 -14 38 42 30 -6 26 -12 27 12 
13 21 19 6 31 40 -33 -21 -37 12 -26 -49 1 -38 -30 -12 22 -13 -44 15 -8 -31 39 13 -38 8 30 21 38 6 
0 39 -19 23 -38 30 40 9 43 41 -47 45 -9 21 -34 -14 34 -43 36 -14 -31 49 36 -24 47 9 -1 -47 -41 -42 
1 21 28 -49 23 11 31 22 22 -27 9 -18 35 -19 31 -9 36 -36 -47 38 39 36 -49 2 42 -8 13 -11 13 35 
35 16 -2 9 12 36 32 45 -49 32 0 33 16 13 -18 -7 2 22 0 42 13 -24 2 -8 17 -41 3 47 -14 -37 
-16 -25 -48 46 -16 9 9 6 10 -44 -25 -49 -10 5 -27 16 44 -13 -34 30 -38 47 42 17 49 41 -27 22 23 2 
-25 41 7 36 -38 47 19 -36 -9 23 -41 -12 -15 21 -2 48 20 -8 -22 -6 8 9 -8 -41 41 28 24 -23 -23 37 
-5 -11 -27 -44 -36 25 27 -2 -21 -35 -16 38 45 30 28 32 47 42 21 26 30 -1 13 3 -27 24 11 18 -19 -29 
47 -46 -2 18 12 -48 5 -24 -9 34 -4 -34 -26 -42 29 -38 -10 -40 22 -12 21 -47 -11 47 22 -23 18 5 -14 32 
-48 -24 -36 -3 41 -25 37 -33 -1 -34 -20 21 -39 -22 -47 -16 25 -44 43 27 38 -41 13 -14 23 -23 -19 -14 -25 2 
9 -18 35 20 -7 12 -36 40 -2 27 5 -3 7 25 -41 -12 -48 -28 13 12 6 -42 35 -37 2 37 -29 32 2 38 
