50
-39 0 0 0 0 0 0 0 0 0 0 0 0 -34 -18 20 0 0 0 -42 0 0 0 0 27 0 26 0 0 0 -49 -35 32 0 0 0 0 0 -23 0 3 0 0 -6 0 0 0 0 -5 0 
33 0 0 0 0 0 0 17 0 0 0 -44 0 0 0 23 39 -16 0 0 0 21 0 0 40 0 0 0 33 0 0 0 -18 0 0 0 0 0 0 0 -31 0 -9 0 0 0 0 0 -29 44 
0 0 0 -22 0 0 0 0 0 0 -36 0 0 0 13 0 -32 -41 0 -47 0 0 0 32 0 -21 0 0 10 0 0 -24 0 0 0 0 0 0 0 -42 0 1 -15 0 0 0 0 0 0 0 
0 0 0 0 0 0 21 0 0 0 21 0 0 0 0 0 0 41 -11 -46 -24 0 0 0 31 0 0 0 -17 7 0 0 0 0 0 -10 22 -3 -3 0 0 0 0 0 0 -12 0 -35 35 0 
0 -22 0 0 0 0 0 40 -49 -4 0 0 0 47 0 0 0 0 39 -17 -29 -32 -10 0 0 -48 0 0 0 0 0 0 15 0 0 1 0 0 0 0 -35 0 0 0 43 0 0 0 0 0 
0 0 0 0 0 -48 -8 0 -2 0 0 15 0 27 -48 0 0 0 -28 0 0 23 0 0 0 0 0 0 42 41 0 -42 0 0 0 0 40 47 0 0 0 0 3 14 0 0 0 0 -4 0 
0 0 0 0 -48 41 39 0 0 0 -47 0 0 0 0 7 0 10 0 -16 0 0 0 -36 0 0 0 41 0 0 0 0 0 0 -46 0 0 -17 0 38 0 0 0 5 0 0 -9 -5 0 0 
0 0 21 0 -8 39 0 0 38 0 0 0 0 0 0 14 0 30 0 0 0 0 0 0 0 0 46 0 25 -48 0 0 0 0 0 0 0 31 32 17 0 0 0 0 0 8 38 0 0 0 
17 0 0 40 0 0 0 0 0 0 0 25 0 0 0 0 7 0 0 0 0 0 40 0 -28 0 0 9 19 0 0 0 0 0 0 0 0 0 -36 0 0 -5 -3 27 -45 0 0 0 0 0 
0 0 0 -49 -2 0 38 0 35 0 0 20 0 21 0 0 0 0 0 0 30 0 0 0 0 18 0 0 0 0 0 0 0 0 0 0 0 0 47 49 0 40 -24 -7 0 0 25 0 0 0 
0 0 0 -4 0 0 0 0 0 0 -35 -20 0 0 0 0 0 15 0 0 -34 0 1 38 0 0 31 0 48 7 -13 0 -9 0 -35 0 0 0 26 16 0 0 36 0 -21 0 9 0 0 0 
0 -36 21 0 0 -47 0 0 0 -35 11 2 0 0 0 0 0 0 -2 0 0 0 0 0 0 -7 0 0 0 0 0 0 30 0 0 0 0 0 0 0 40 0 0 0 0 0 0 40 -42 0 
-44 0 0 0 15 0 0 25 20 -20 2 0 0 0 10 0 -4 0 0 -49 0 0 -47 0 0 29 0 -25 0 0 37 0 0 0 0 0 17 -13 24 5 0 0 0 0 0 37 0 0 0 0 
0 0 0 0 0 0 0 0 0 0 0 0 0 0 0 0 0 0 0 -47 0 0 -13 43 -1 -11 0 0 0 0 -37 44 0 -3 0 0 -25 0 0 0 0 24 0 -19 -26 0 0 0 0 0 
0 0 0 47 27 0 0 0 21 0 0 0 0 0 0 0 0 0 0 0 0 18 0 0 -15 0 0 0 0 24 0 -4 -34 0 0 0 0 0 0 0 0 0 0 0 0 17 0 0 0 5 
0 13 0 0 -48 0 0 0 0 0 0 10 0 0 28 -35 0 13 0 0 -44 0 0 -42 0 36 0 0 0 0 -33 0 0 -9 0 0 10 40 -30 0 0 0 31 -18 0 -9 35 0 0 29 
23 0 0 0 0 7 14 0 0 0 0 0 0 0 -35 0 -1 0 0 0 4 0 0 0 0 0 0 0 0 0 0 0 0 44 22 0 19 0 16 48 0 0 -11 0 -16 0 0 0 0 0 
39 -32 0 0 0 0 0 7 0 0 0 -4 0 0 0 -1 11 -1 -13 -46 38 0 0 0 0 2 0 0 0 0 0 -10 0 0 0 0 0 0 0 0 0 0 0 0 0 0 0 8 0 0 
-16 -41 41 0 0 10 30 0 0 15 0 0 0 0 13 0 -1 0 0 0 0 21 38 0 0 -24 0 0 42 0 0 -9 -13 0 47 0 0 0 0 0 32 0 0 0 0 0 37 44 0 0 
0 0 -11 39 -28 0 0 0 0 0 -2 0 0 0 0 0 -13 0 0 0 0 -6 0 0 -33 0 0 0 -33 0 0 0 41 36 11 0 0 26 -12 27 0 0 0 -8 0 -33 0 -12 0 0 
0 -47 -46 -17 0 -16 0 0 0 0 0 -49 -47 0 0 0 -46 0 0 0 10 0 0 0 0 21 38 0 0 0 49 0 0 -49 -38 0 0 0 -35 47 0 0 0 0 0 0 0 -49 2 42 
0 0 -24 -29 0 0 0 0 30 -34 0 0 0 0 -44 4 38 0 0 10 -8 13 -11 0 0 22 0 0 3 0 0 -41 0 0 0 0 -48 38 0 -34 -14 -35 0 0 0 0 0 0 4 0 
21 0 0 -32 23 0 0 0 0 0 0 0 0 18 0 0 0 21 -6 0 13 0 0 0 0 0 0 0 0 0 -23 0 0 0 0 0 0 18 0 0 0 0 0 0 0 0 0 0 0 0 
0 0 0 -10 0 0 0 40 0 1 0 -47 -13 0 0 0 0 38 0 0 -11 0 0 0 0 -25 0 13 0 0 0 0 0 0 0 0 0 0 0 0 0 0 0 0 0 0 -35 39 0 0 
0 32 0 0 0 -36 0 0 0 38 0 0 43 0 -42 0 0 0 0 0 0 0 0 0 0 0 0 16 -33 41 -14 0 -42 0 0 0 0 0 0 0 0 0 0 0 0 0 0 0 34 0 
40 0 31 0 0 0 0 -28 0 0 0 0 -1 -15 0 0 0 0 -33 0 0 0 0 0 -12 -35 0 0 -25 -33 0 0 0 -9 30 -44 0 -10 0 0 0 0 -27 -49 0 0 0 0 0 0 
0 -21 0 -48 0 0 0 0 18 0 -7 29 -11 0 36 0 2 -24 0 21 22 0 -25 0 -35 0 -7 0 -31 31 0 35 0 0 6 -3 25 0 -14 0 -31 0 0 0 0 0 46 -34 0 35 
0 0 0 0 0 0 46 0 0 31 0 0 0 0 0 0 0 0 0 38 0 0 0 0 0 -7 0 -8 -29 0 0 -38 48 0 0 0 0 0 0 0 33 -23 -41 0 0 0 -17 0 0 0 
0 0 0 0 0 41 0 9 0 0 0 -25 0 0 0 0 0 0 0 0 0 0 13 16 0 0 -8 0 6 0 0 8 0 -46 34 0 16 0 0 0 0 0 8 0 0 0 9 4 0 -38 
33 10 -17 0 42 0 25 19 0 48 0 0 0 0 0 0 0 42 -33 0 3 0 0 -33 -25 -31 -29 6 0 0 11 22 -17 0 0 0 0 0 0 0 -44 0 0 0 0 0 8 0 0 0 
0 0 7 0 41 0 -48 0 0 7 0 0 0 24 0 0 0 0 0 0 0 0 0 41 -33 31 0 0 0 0 0 0 0 -48 12 -30 0 0 0 -31 20 0 0 0 1 -14 -5 -7 0 0 
0 0 0 0 0 0 0 0 0 -13 0 37 -37 0 -33 0 0 0 0 49 0 -23 0 -14 0 0 0 0 11 0 0 0 0 0 0 0 0 -1 0 0 -8 -20 0 -20 0 -13 0 0 0 0 
0 -24 0 0 -42 0 0 0 0 0 0 0 44 -4 0 0 -10 -9 0 0 -41 0 0 0 0 35 -38 8 22 0 0 1 38 0 0 0 0 0 8 0 0 -8 0 0 0 0 39 -49 0 0 
-18 0 0 15 0 0 0 0 0 -9 30 0 0 -34 0 0 0 -13 41 0 0 0 0 -42 0 0 48 0 -17 0 0 38 0 0 0 0 -37 0 -42 -3 -20 -33 0 0 -20 2 -27 -36 0 0 
0 0 0 0 0 0 0 0 0 0 0 0 -3 0 -9 44 0 0 36 -49 0 0 0 0 -9 0 0 -46 0 -48 0 0 0 -14 0 0 0 0 -1 34 -19 0 0 11 0 0 40 0 0 0 
0 0 0 0 0 -46 0 0 0 -35 0 0 0 0 0 22 0 47 11 -38 0 0 0 0 30 6 0 34 0 12 0 0 0 0 -2 0 0 0 0 0 0 0 0 0 0 0 0 0 0 -15 
0 0 -10 1 0 0 0 0 0 0 0 0 0 0 0 0 0 0 0 0 0 0 0 0 -44 -3 0 0 0 -30 0 0 0 0 0 0 0 0 -23 0 0 0 0 0 0 -38 0 -3 44 -49 
0 0 22 0 40 0 0 0 0 0 0 17 -25 0 10 19 0 0 0 0 -48 0 0 0 0 25 0 16 0 0 0 0 -37 0 0 0 0 0 0 0 0 0 8 0 0 -40 0 0 0 0 
0 0 -3 0 47 -17 31 0 0 0 0 -13 0 0 40 0 0 0 26 0 38 18 0 0 -10 0 0 0 0 0 -1 0 0 0 0 0 0 0 0 0 0 0 0 0 0 0 -31 0 -47 42 
0 0 -3 0 0 0 32 -36 47 26 0 24 0 0 -30 16 0 0 -12 -35 0 0 0 0 0 -14 0 0 0 0 0 8 -42 -1 0 -23 0 0 0 0 26 39 0 0 -29 0 0 10 0 0 
0 -42 0 0 0 38 17 0 49 16 0 5 0 0 0 48 0 0 27 47 -34 0 0 0 0 0 0 0 0 -31 0 0 -3 34 0 0 0 0 0 36 48 0 0 -6 0 0 2 0 0 0 
-31 0 0 -35 0 0 0 0 0 0 40 0 0 0 0 0 0 32 0 0 -14 0 0 0 0 -31 33 0 -44 20 -8 0 -20 -19 0 0 0 0 26 48 0 32 -13 -29 45 7 0 41 0 0 
0 1 0 0 0 0 0 -5 40 0 0 0 24 0 0 0 0 0 0 0 -35 0 0 0 0 0 -23 0 0 0 -20 -8 -33 0 0 0 0 0 39 0 32 -26 0 0 0 0 0 0 0 -47 
-9 -15 0 0 3 0 0 -3 -24 36 0 0 0 0 31 -11 0 0 0 0 0 0 0 0 -27 0 -41 8 0 0 0 0 0 0 0 0 8 0 0 0 -13 0 -13 0 0 27 0 0 15 0 
0 0 0 0 14 5 0 27 -7 0 0 0 -19 0 -18 0 0 0 -8 0 0 0 0 0 -49 0 0 0 0 0 -20 0 0 11 0 0 0 0 0 -6 -29 0 0 0 -1 33 0 0 0 0 
0 0 0 43 0 0 0 -45 0 -21 0 0 -26 0 0 -16 0 0 0 0 0 0 0 0 0 0 0 0 0 1 0 0 -20 0 0 0 0 0 -29 0 45 0 0 -1 0 0 43 0 0 0 
0 0 -12 0 0 0 8 0 0 0 0 37 0 17 -9 0 0 0 -33 0 0 0 0 0 0 0 0 0 0 -14 -13 0 2 0 0 -38 -40 0 0 0 7 0 27 33 0 26 0 0 -1 0 
0 0 0 0 0 -9 38 0 25 9 0 0 0 0 35 0 0 37 0 0 0 0 -35 0 0 46 -17 9 8 -5 0 39 -27 40 0 0 0 -31 0 2 0 0 0 0 43 0 0 14 0 0 
0 0 -35 0 0 -5 0 0 0 0 40 0 0 0 0 0 8 44 -12 -49 0 0 39 0 0 -34 0 4 0 -7 0 -49 -36 0 0 -3 0 0 10 0 41 0 0 0 0 0 14 0 0 0 
-29 0 35 0 -4 0 0 0 0 0 -42 0 0 0 0 0 0 0 0 2 4 0 0 34 0 0 0 0 0 0 0 0 0 0 0 44 0 -47 0 0 0 0 15 0 0 -1 0 0 0 0 
44 0 0 0 0 0 0 0 0 0 0 0 0 5 29 0 0 0 0 42 0 0 0 0 0 35 0 -38 0 0 0 0 0 0 -15 -49 0 42 0 0 0 -47 0 0 0 0 0 0 0 0 
