50
0 -12 0 -43 0 0 0 0 -33 34 39 0 26 27 7 4 0 0 -15 -31 0 0 0 -31 49 -9 0 46 -34 0 0 0 0 0 0 0 -17 0 0 42 49 0 0 46 0 0 0 23 34 45 
0 36 9 0 0 48 0 -8 29 0 0 25 -41 0 -1 0 0 0 0 0 -11 -20 0 9 -20 22 -27 0 10 0 0 0 -32 48 -30 -7 0 0 30 -21 5 0 0 -42 0 -7 20 0 46 0 
36 0 0 0 -24 0 20 0 40 16 0 27 40 -31 -16 0 -33 0 -5 17 36 -1 0 -9 10 4 0 0 -39 17 -6 0 0 12 0 -29 0 0 -28 36 0 -37 -30 0 0 -43 0 6 0 41 
9 0 0 0 0 0 0 0 6 0 -42 22 -30 0 -45 -41 10 0 0 0 -36 0 0 -43 30 0 -2 13 -4 0 -16 0 0 0 0 39 0 0 0 0 11 33 -46 -29 -48 15 0 19 -28 -26 
0 0 0 43 -11 -49 37 0 48 0 0 0 29 -4 0 3 34 0 0 0 -36 -20 -21 0 -35 0 30 -7 -29 -24 31 0 0 -44 0 39 0 0 -38 -24 0 0 0 0 0 0 37 0 9 0 
0 -24 0 -11 0 -9 17 0 0 -31 -35 -5 47 0 0 6 18 0 0 35 0 0 0 0 0 0 0 -6 0 0 19 29 0 -49 -2 2 0 28 -4 21 6 29 -2 0 0 13 18 -19 0 0 
48 0 0 -49 -9 38 0 -45 49 -41 17 -33 0 27 1 0 0 -30 0 0 0 43 -35 -3 -45 39 45 0 -8 0 0 0 20 43 18 0 0 0 -4 0 0 -41 25 0 0 2 -23 44 -44 0 
0 20 0 37 17 0 0 0 20 0 0 20 0 42 -8 -26 0 0 -22 44 -35 0 29 0 36 10 -31 11 30 0 21 0 -35 40 0 22 27 0 0 0 -8 31 31 0 13 0 0 0 -14 33 
-8 0 0 0 0 -45 0 0 21 0 0 46 -17 27 -31 0 0 0 -16 28 0 0 -18 34 -19 0 -20 0 0 46 0 29 28 -8 0 -44 1 -49 0 0 13 -17 14 0 0 0 0 0 -41 14 
29 40 6 48 0 49 20 21 0 0 0 3 -36 0 34 -43 -11 -30 0 12 43 0 27 12 2 7 -8 39 -42 0 0 0 0 0 0 0 0 0 49 -5 0 0 -13 0 18 0 0 0 -45 38 
0 16 0 0 -31 -41 0 0 0 0 47 -13 -8 0 -18 0 0 0 0 0 0 -44 48 9 13 -28 0 -8 0 0 0 -39 -38 0 0 0 0 0 40 23 0 0 -38 0 0 -46 0 -17 0 0 
0 0 -42 0 -35 17 0 0 0 47 -19 -26 0 -5 0 0 10 0 0 10 0 0 -29 -47 -18 2 0 -14 0 0 -32 -33 0 -49 0 0 -3 11 0 0 0 44 0 -6 0 2 0 0 0 -33 
25 27 22 0 -5 -33 20 46 3 -13 -26 -49 0 0 -24 0 0 -24 0 0 0 0 3 48 0 -19 0 -26 0 -35 0 -11 -33 0 0 -43 0 0 -26 4 21 0 0 0 0 35 40 36 7 0 
-41 40 -30 29 47 0 0 -17 -36 -8 0 0 0 0 0 0 -39 -21 0 -31 0 0 0 19 41 -21 0 0 -23 36 0 -42 47 25 -29 0 -15 -38 0 0 0 0 0 0 48 0 0 0 -18 -32 
0 -31 0 -4 0 27 42 27 0 0 -5 0 0 0 -13 0 -40 0 0 0 0 0 0 0 15 0 -8 0 42 0 0 0 31 27 44 -40 12 0 0 0 0 33 0 -1 0 0 -9 45 5 0 
-1 -16 -45 0 0 1 -8 -31 34 -18 0 -24 0 -13 0 0 0 0 0 0 0 -37 -13 0 -18 -12 0 -11 0 0 -41 -41 16 0 0 0 14 0 0 35 41 -22 -9 29 0 -13 12 0 0 17 
0 0 -41 3 6 0 -26 0 -43 0 0 0 0 0 0 -34 0 0 0 0 0 -14 -26 14 40 0 0 49 0 18 0 0 43 -10 -31 36 44 0 -26 21 0 -30 0 0 -7 -5 -3 0 -44 -13 
0 -33 10 34 18 0 0 0 -11 0 10 0 -39 -40 0 0 12 0 0 39 0 0 0 -21 -18 40 1 1 14 14 -4 0 10 0 -10 0 3 0 1 20 28 0 0 13 -32 -39 0 7 0 0 
0 0 0 0 0 -30 0 0 -30 0 0 -24 -21 0 0 0 0 -34 22 -16 0 -42 11 38 0 0 0 -31 43 0 0 9 0 31 0 0 36 -39 -2 0 0 0 0 -26 0 49 0 32 0 0 
0 -5 0 0 0 0 -22 -16 0 0 0 0 0 0 0 0 0 22 -12 -26 0 42 -38 3 42 0 -35 0 26 0 49 -17 0 0 0 1 0 15 0 0 -6 -25 34 0 -44 40 26 -14 0 49 
0 17 0 0 35 0 44 28 12 0 10 0 -31 0 0 0 39 -16 -26 34 0 0 22 0 -27 -30 -1 0 0 0 -2 0 -15 0 -10 0 0 0 0 0 0 0 -6 0 0 0 34 0 0 0 
-11 36 -36 -36 0 0 -35 0 43 0 0 0 0 0 0 0 0 0 0 0 -46 0 -44 21 0 36 2 0 42 0 -34 0 0 36 0 10 18 29 41 0 34 -42 42 20 -47 0 0 -6 0 -46 
-20 -1 0 -20 0 43 0 0 0 -44 0 0 0 0 -37 -14 0 -42 42 0 0 47 -28 -47 0 0 -20 3 -2 0 -1 28 0 46 -2 0 -45 -3 0 33 0 0 0 7 -19 -22 17 13 -14 23 
0 0 0 -21 0 -35 29 -18 27 48 -29 3 0 0 -13 -26 0 11 -38 22 -44 -28 26 18 1 -29 0 0 43 0 -14 0 0 0 -24 0 32 -24 0 0 0 10 0 0 -11 11 0 41 0 0 
9 -9 -43 0 0 -3 0 34 12 9 -47 48 19 0 0 14 -21 38 3 0 21 -47 18 0 6 0 41 28 0 -10 16 -12 0 0 41 0 0 -39 -6 0 -23 0 0 18 25 38 0 -11 0 21 
-20 10 30 -35 0 -45 36 -19 2 13 -18 0 41 15 -18 40 -18 0 42 -27 0 0 1 6 -30 0 -16 10 0 0 2 0 0 0 0 48 0 0 -40 -43 -24 -17 31 0 0 -1 17 26 -9 0 
22 4 0 0 0 39 10 0 7 -28 2 -19 -21 0 -12 0 40 0 0 -30 36 0 -29 0 0 0 0 -47 0 0 -42 -31 0 -15 7 0 0 1 -21 23 0 40 24 15 0 0 0 31 0 0 
-27 0 -2 30 0 45 -31 -20 -8 0 0 0 0 -8 0 0 1 0 -35 -1 2 -20 0 41 -16 0 29 -38 0 0 48 -27 0 0 0 -21 -10 18 -26 0 0 -27 0 0 -32 0 26 22 0 0 
0 0 13 -7 -6 0 11 0 39 -8 -14 -26 0 0 -11 49 1 -31 0 0 0 3 0 28 10 -47 -38 33 -21 0 -15 -27 0 0 0 -38 -22 34 0 -2 3 0 0 0 0 0 0 -14 0 0 
10 -39 -4 -29 0 -8 30 0 -42 0 0 0 -23 42 0 0 14 43 26 0 42 -2 43 0 0 0 0 -21 0 1 0 10 0 0 0 0 -21 -39 -2 0 0 0 9 0 -8 0 0 0 -21 0 
0 17 0 -24 0 0 0 46 0 0 0 -35 36 0 0 18 14 0 0 0 0 0 0 -10 0 0 0 0 1 -4 0 7 48 -15 0 -47 0 0 44 33 -14 0 0 39 42 -46 0 0 3 0 
0 -6 -16 31 19 0 21 0 0 0 -32 0 0 0 -41 0 -4 0 49 -2 -34 -1 -14 16 2 -42 48 -15 0 0 -28 6 -49 -21 0 0 -26 31 43 0 49 0 34 0 0 26 -33 43 0 39 
0 0 0 0 29 0 0 29 0 -39 -33 -11 -42 0 -41 0 0 9 -17 0 0 28 0 -12 0 -31 -27 -27 10 7 6 42 0 9 24 -36 36 -18 -42 0 10 0 0 -46 0 0 0 -5 0 4 
-32 0 0 0 0 20 -35 28 0 -38 0 -33 47 31 16 43 10 0 0 -15 0 0 0 0 0 0 0 0 0 48 -49 0 -38 0 -8 -35 -11 49 18 0 -7 32 0 0 -14 0 5 4 10 0 
48 12 0 -44 -49 43 40 -8 0 0 -49 0 25 27 0 -10 0 31 0 0 36 46 0 0 0 -15 0 0 0 -15 -21 9 0 -22 0 0 0 0 0 -29 -27 0 0 -14 0 47 32 -47 0 0 
-30 0 0 0 -2 18 0 0 0 0 0 0 -29 44 0 -31 -10 0 0 -10 0 -2 -24 41 0 7 0 0 0 0 0 24 -8 0 0 0 0 0 0 39 -24 0 9 -6 27 0 -49 0 11 49 
-7 -29 39 39 2 0 22 -44 0 0 0 -43 0 -40 0 36 0 0 1 0 10 0 0 0 48 0 -21 -38 0 -47 0 -36 -35 0 0 4 25 0 0 0 -24 24 0 0 0 47 0 -28 0 0 
0 0 0 0 0 0 27 1 0 0 -3 0 -15 12 14 44 3 36 0 0 18 -45 32 0 0 0 -10 -22 -21 0 -26 36 -11 0 0 25 10 0 -10 -40 -9 0 0 0 0 -22 0 44 0 0 
0 0 0 0 28 0 0 -49 0 0 11 0 -38 0 0 0 0 -39 15 0 29 -3 -24 -39 0 1 18 34 -39 0 31 -18 49 0 0 0 0 -47 31 0 -45 -23 -25 0 35 0 0 0 8 0 
30 -28 0 -38 -4 -4 0 0 49 40 0 -26 0 0 0 -26 1 -2 0 0 41 0 0 -6 -40 -21 -26 0 -2 44 43 -42 18 0 0 0 -10 31 0 -23 0 -47 -47 -44 0 0 -23 -26 21 -49 
-21 36 0 -24 21 0 0 0 -5 23 0 4 0 0 35 21 20 0 0 0 0 33 0 0 -43 23 0 -2 0 33 0 0 0 -29 39 0 -40 0 -23 -32 0 21 0 0 0 0 14 0 0 0 
5 0 11 0 6 0 -8 13 0 0 0 21 0 0 41 0 28 0 -6 0 34 0 0 -23 -24 0 0 3 0 -14 49 10 -7 -27 -24 -24 -9 -45 0 0 -40 31 0 19 0 0 0 0 31 0 
0 -37 33 0 29 -41 31 -17 0 0 44 0 0 33 -22 -30 0 0 -25 0 -42 0 10 0 -17 40 -27 0 0 0 0 0 32 0 0 24 0 -23 -47 21 31 0 0 -26 0 0 35 0 9 15 
0 -30 -46 0 -2 25 31 14 -13 -38 0 0 0 0 -9 0 0 0 34 -6 42 0 0 0 31 24 0 0 9 0 34 0 0 0 9 0 0 -25 -47 0 0 0 -19 -39 0 0 0 -37 0 0 
-42 0 -29 0 0 0 0 0 0 0 -6 0 0 -1 29 0 13 -26 0 0 20 7 0 18 0 15 0 0 0 39 0 -46 0 -14 -6 0 0 0 -44 0 19 -26 -39 -28 0 0 0 -14 0 -25 
0 0 -48 0 0 0 13 0 18 0 0 0 48 0 0 -7 -32 0 -44 0 -47 -19 -11 25 0 0 -32 0 -8 42 0 0 -14 0 27 0 0 35 0 0 0 0 0 0 -19 0 0 0 17 34 
-7 -43 15 0 13 2 0 0 0 -46 2 35 0 0 -13 -5 -39 49 40 0 0 -22 11 38 -1 0 0 0 0 -46 26 0 0 47 0 47 -22 0 0 0 0 0 0 0 0 0 0 33 0 16 
20 0 0 37 18 -23 0 0 0 0 0 40 0 -9 12 -3 0 0 26 34 0 17 0 0 17 0 26 0 0 0 -33 0 5 32 -49 0 0 0 -23 14 0 35 0 0 0 0 0 10 0 1 
0 6 19 0 -19 44 0 0 0 -17 0 36 0 45 0 0 7 32 -14 0 -6 13 41 -11 26 31 22 -14 0 0 43 -5 4 -47 0 -28 44 0 -26 0 0 0 -37 -14 0 33 10 -40 -35 0 
46 0 -28 9 0 -44 -14 -41 -45 0 0 7 -18 5 0 -44 0 0 0 0 0 -14 0 0 -9 0 0 0 -21 3 0 0 10 0 11 0 0 8 21 0 31 9 0 0 17 0 0 -35 35 -42 
0 41 -26 0 0 0 33 14 38 0 -33 0 -32 0 17 -13 0 0 49 0 -46 23 0 21 0 0 0 0 0 0 39 4 0 0 49 0 0 0 -49 0 0 15 0 -25 34 16 1 0 -42 0 
