40
13 -27 -12 -17 25 -33 16 -11 31 36 0 2 -4 -46 35 -6 -12 -20 -12 27 -29 0 20 7 6 16 16 -34 33 29 -36 5 0 -43 -38 21 -32 3 1 -34 
48 49 16 -10 -26 -32 2 0 39 -25 -14 47 -19 -49 23 -7 -13 11 36 26 -21 0 41 44 -13 -26 13 39 -11 -46 20 0 25 24 2 15 28 26 -38 -33 
49 0 -24 39 -39 -14 35 0 -18 -31 36 11 -40 -8 -1 14 7 5 -25 -38 -25 44 0 -27 -45 0 -34 0 29 45 -29 -29 0 -40 -9 -46 -13 27 -40 -29 
16 -24 0 24 29 -17 -34 45 10 38 0 -26 -11 -47 24 -18 15 8 -2 8 1 -41 -8 -37 -9 -25 -7 38 0 -1 14 -19 27 -49 -17 -16 -41 -35 0 -36 
-10 39 24 10 42 -46 -31 47 39 35 33 -12 -6 34 -29 27 0 12 0 0 20 -15 -34 11 -4 0 -13 -20 -43 0 45 -6 -12 -42 29 44 0 37 14 15 
-26 -39 29 42 40 -17 0 -47 38 41 -27 -17 -13 -15 -46 0 -20 -45 0 -1 48 -14 -45 35 38 0 30 0 43 -10 32 27 -34 -45 -1 0 -37 14 -43 -13 
-32 -14 -17 -46 -17 19 2 18 36 0 19 0 8 -35 33 -1 45 11 -9 9 -27 31 -35 -1 43 -22 -41 0 41 -44 -6 12 7 -13 21 -4 -48 -21 -48 44 
2 35 -34 -31 0 2 24 -10 -20 22 -28 23 -9 0 0 39 -37 -38 12 -18 0 -4 -43 0 -12 -49 -24 0 -31 -37 -49 11 12 8 44 -44 -27 36 -31 27 
0 0 45 47 -47 18 -10 -28 0 17 46 41 -2 -35 -7 26 -30 0 16 -49 -21 -40 16 -15 0 0 6 27 41 0 -43 4 -3 -49 40 -10 37 48 49 0 
39 -18 10 39 38 36 -20 0 17 48 0 40 38 6 43 -16 6 -13 2 -31 -1 0 0 16 -7 0 29 -39 49 36 -37 -14 2 -43 46 -4 -12 0 40 0 
-25 -31 38 35 41 0 22 17 48 12 -16 -8 -10 -20 45 0 49 0 19 16 -34 -6 40 -11 30 -47 3 35 19 32 12 17 8 18 -46 20 39 -12 -21 -35 
-14 36 0 33 -27 19 -28 46 0 -16 12 -28 0 6 30 0 -30 31 0 40 -40 37 -43 0 -43 26 34 -17 34 -41 0 -23 -6 -40 -45 0 -42 0 -49 -23 
47 11 -26 -12 -17 0 23 41 40 -8 -28 -42 28 -19 0 -30 0 32 0 41 -3 37 0 7 0 -19 14 -13 -42 22 33 -16 -19 -33 8 6 15 -10 10 0 
-19 -40 -11 -6 -13 8 -9 -2 38 -10 0 28 -9 27 0 -32 -39 11 25 25 20 43 -10 9 0 21 -10 -1 -44 -45 6 35 -47 37 -6 -35 35 -16 35 -40 
-49 -8 -47 34 -15 -35 0 -35 6 -20 6 -19 27 -35 -19 15 0 -21 44 -36 32 -39 35 45 4 26 10 0 -23 38 37 0 3 11 -13 34 13 39 -10 5 
23 -1 24 -29 -46 33 0 -7 43 45 30 0 0 -19 0 -41 13 43 -6 39 9 -7 -41 2 -34 -25 0 -8 -39 -21 20 -15 29 0 -6 6 0 -14 0 14 
-7 14 -18 27 0 -1 39 26 -16 0 0 -30 -32 15 -41 22 0 44 -10 -2 3 -20 -29 -10 17 -38 26 27 -28 33 -12 -45 -4 -49 0 -28 0 25 23 23 
-13 7 15 0 -20 45 -37 -30 6 49 -30 0 -39 0 13 0 -2 0 -47 -45 22 41 18 -47 18 30 -45 -1 -8 -47 27 28 -39 6 -47 -7 -18 0 49 2 
11 5 8 12 -45 11 -38 0 -13 0 31 32 11 -21 43 44 0 25 34 25 -17 12 45 14 -45 -49 -13 0 -3 -39 0 -4 38 37 46 -17 -10 0 23 45 
36 -25 -2 0 0 -9 12 16 2 19 0 0 25 44 -6 -10 -47 34 -3 49 -16 49 -15 -43 41 -7 34 28 40 39 19 -20 40 37 -11 48 30 0 41 -28 
26 -38 8 0 -1 9 -18 -49 -31 16 40 41 25 -36 39 -2 -45 25 49 -39 -14 23 -35 -23 0 19 0 26 0 13 30 -39 -4 -24 20 25 -17 18 12 18 
-21 -25 1 20 48 -27 0 -21 -1 -34 -40 -3 20 32 9 3 22 -17 -16 -14 -41 -13 -36 -38 16 45 -21 -44 46 6 -9 -4 47 2 -34 19 -7 0 -49 32 
0 44 -41 -15 -14 31 -4 -40 0 -6 37 37 43 -39 -7 -20 41 12 49 23 -13 2 -27 -28 27 9 0 -18 28 19 38 -16 28 19 -6 10 0 22 -2 0 
41 0 -8 -34 -45 -35 -43 16 0 40 -43 0 -10 35 -41 -29 18 45 -15 -35 -36 -27 -13 -47 -29 9 -30 16 -9 41 -13 37 11 -16 0 2 -17 -48 23 0 
44 -27 -37 11 35 -1 0 -15 16 -11 0 7 9 45 2 -10 -47 14 -43 -23 -38 -28 -47 18 31 42 -6 -11 21 -39 -21 0 11 -38 -7 43 35 -8 -16 10 
-13 -45 -9 -4 38 43 -12 0 -7 30 -43 0 0 4 -34 17 18 -45 41 0 16 27 -29 31 4 -45 -36 -16 12 0 1 -24 -49 22 22 34 -17 25 -28 12 
-26 0 -25 0 0 -22 -49 0 0 -47 26 -19 21 26 -25 -38 30 -49 -7 19 45 9 9 42 -45 40 -43 0 -9 -26 -34 0 0 -14 36 -2 32 35 -16 18 
13 -34 -7 -13 30 -41 -24 6 29 3 34 14 -10 10 0 26 -45 -13 34 0 -21 0 -30 -6 -36 -43 0 -46 45 6 31 -27 -41 0 -39 -28 -44 13 10 4 
39 0 38 -20 0 0 0 27 -39 35 -17 -13 -1 0 -8 27 -1 0 28 26 -44 -18 16 -11 -16 0 -46 -22 -47 40 -15 -48 29 -36 32 -31 9 6 19 -48 
-11 29 0 -43 43 41 -31 41 49 19 34 -42 -44 -23 -39 -28 -8 -3 40 0 46 28 -9 21 12 -9 45 -47 38 0 -20 3 28 24 10 42 0 17 -45 -48 
-46 45 -1 0 -10 -44 -37 0 36 32 -41 22 -45 38 -21 33 -47 -39 39 13 6 19 41 -39 0 -26 6 40 0 41 -6 26 30 -23 49 -40 0 48 0 34 
20 -29 14 45 32 -6 -49 -43 -37 12 0 33 6 37 20 -12 27 0 19 30 -9 38 -13 -21 1 -34 31 -15 -20 -6 -38 -21 0 43 0 21 14 -7 12 37 
0 -29 -19 -6 27 12 11 4 -14 17 -23 -16 35 0 -15 -45 28 -4 -20 -39 -4 -16 37 0 -24 0 -27 -48 3 26 -21 -27 -35 7 40 -29 -6 -2 28 18 
25 0 27 -12 -34 7 12 -3 2 8 -6 -19 -47 3 29 -4 -39 38 40 -4 47 28 11 11 -49 0 -41 29 28 30 0 -35 6 -23 -13 20 -30 0 39 -24 
24 -40 -49 -42 -45 -13 8 -49 -43 18 -40 -33 37 11 0 -49 6 37 37 -24 2 19 -16 -38 22 -14 0 -36 24 -23 43 7 -23 -12 0 -20 9 -33 19 18 
2 -9 -17 29 -1 21 44 40 46 -46 -45 8 -6 -13 -6 0 -47 46 -11 20 -34 -6 0 -7 22 36 -39 32 10 49 0 40 -13 0 -19 25 -12 -27 -4 0 
15 -46 -16 44 0 -4 -44 -10 -4 20 0 6 -35 34 6 -28 -7 -17 48 25 19 10 2 43 34 -2 -28 -31 42 -40 21 -29 20 -20 25 35 0 -45 -18 18 
28 -13 -41 0 -37 -48 -27 37 -12 39 -42 15 35 13 0 0 -18 -10 30 -17 -7 0 -17 35 -17 32 -44 9 0 0 14 -6 -30 9 -12 0 -36 -47 -5 36 
26 27 -35 37 14 -21 36 48 0 -12 0 -10 -16 39 -14 25 0 0 0 18 0 22 -48 -8 25 35 13 6 17 48 -7 -2 0 -33 -27 -45 -47 0 35 -45 
-38 -40 0 14 -43 -48 -31 49 40 -21 -49 10 35 -10 0 23 49 23 41 12 -49 -2 23 -16 -28 -16 10 19 -45 0 12 28 39 19 -4 -18 -5 35 -44 17 
-33 -29 -36 15 -13 44 27 0 0 -35 -23 0 -40 5 14 23 2 45 -28 18 32 0 0 10 12 18 4 -48 -48 34 37 18 -24 18 0 18 36 -45 17 40 
