40
-39 -45 0 0 -5 0 -45 -34 -18 20 0 27 15 0 33 -33 26 -8 -49 -35 32 0 23 47 -25 -40 -33 25 -47 0 15 -30 0 -37 0 17 -7 -44 -21 23 
39 -16 7 21 0 0 40 0 3 -17 0 0 -18 -37 0 0 22 -22 -9 -6 13 0 2 -2 -22 0 0 0 0 0 -5 47 0 13 -13 37 -19 -44 -19 35 
-16 -21 -12 36 -41 14 0 0 -12 -42 0 1 -15 -23 -32 0 -42 42 12 -14 0 0 31 -37 -10 0 0 -46 -24 0 0 -42 -23 0 0 7 0 -46 -29 -28 
7 -12 0 -3 -3 0 -27 0 0 -12 0 -35 35 0 0 -8 15 46 -47 0 28 0 47 0 26 39 -17 -29 -32 -10 0 2 0 -26 0 15 45 0 0 0 
21 36 -3 0 7 -8 0 -16 -29 42 23 35 0 29 0 14 -18 27 -48 0 46 0 43 23 6 0 0 0 42 41 0 -42 0 0 0 44 -44 31 -19 0 
0 -41 -3 7 -34 -25 -5 0 0 0 41 39 33 -47 0 -32 7 0 10 0 -16 -38 -36 12 41 0 0 34 29 -11 -17 0 38 -8 5 8 -39 0 -5 -43 
0 14 0 -8 -25 14 47 -30 -4 35 31 -36 41 0 46 0 25 -48 0 0 -10 -45 -38 0 -28 -41 -25 8 38 0 0 0 0 -18 25 47 -38 13 0 -13 
40 0 -27 0 -5 47 0 0 0 -28 32 0 46 36 30 0 0 0 0 -36 41 -11 0 0 27 -45 49 0 0 35 0 0 20 0 21 -30 42 30 -13 -46 
0 0 0 -16 0 -30 0 4 -37 0 0 0 0 16 20 0 -16 -25 1 1 25 -36 -45 -25 38 0 0 0 15 0 0 -34 -22 -18 -5 31 0 48 7 -13 
3 -12 0 -29 0 -4 0 -37 0 -9 -1 -2 38 -4 -47 36 -41 -10 -47 -20 -12 25 3 0 27 0 21 0 32 -44 23 0 0 30 3 -36 0 40 -47 -5 
-17 -42 -12 42 0 35 -28 0 -9 40 -42 0 0 0 -32 -28 40 1 0 44 0 24 29 0 -25 -41 -16 -4 -20 5 26 -22 29 38 37 -7 0 0 3 0 
0 0 0 23 41 31 32 0 -1 -42 -3 -49 45 0 43 -1 -11 0 0 0 47 16 0 21 7 0 -7 6 -8 0 24 0 -35 28 36 35 -34 16 1 25 
0 1 -35 35 39 -36 0 0 -2 0 -49 -18 25 5 -4 -34 31 -42 -23 5 17 0 0 0 5 28 -35 0 13 0 0 -44 31 31 36 -24 -13 24 -9 36 
-18 -15 35 0 33 41 46 0 38 0 45 25 0 0 0 -30 -34 31 -18 0 -9 35 16 -44 -1 -1 4 0 35 47 0 0 0 0 0 44 22 0 19 0 
-37 -23 0 29 -47 0 36 16 -4 0 0 5 0 16 48 0 43 40 0 0 0 0 35 11 -1 -13 -46 38 8 36 -10 -32 -10 -43 -28 -25 -35 0 13 0 
0 -32 0 0 0 46 30 20 -47 -32 43 -4 0 48 32 0 13 21 38 0 0 -24 9 0 37 -9 -13 -14 0 28 -44 36 -47 0 37 44 0 0 -46 -6 
0 0 -8 14 -32 0 0 0 36 -28 -1 -34 -30 0 0 -46 -11 0 0 -33 0 -32 -2 0 30 -6 26 -12 27 12 -8 -31 0 -33 0 -47 10 0 30 21 
22 -42 15 -18 7 25 0 -16 -41 40 -11 31 -34 43 13 -11 38 6 49 0 15 0 -38 0 0 0 -35 47 0 -41 -42 -49 2 42 -8 13 -11 13 35 0 
-22 42 46 27 0 -48 0 -25 -10 1 0 -42 31 40 21 0 6 3 -38 0 0 0 0 0 0 -48 38 0 -34 -14 -35 0 22 0 0 4 0 28 0 0 
-9 12 -47 -48 10 0 0 1 -47 0 0 -23 -18 0 38 0 49 -38 -47 0 -23 37 0 0 0 18 0 0 -35 0 0 0 0 -14 0 4 0 -40 0 38 
-6 -14 0 0 0 0 -36 1 -20 44 0 5 0 0 0 -33 0 0 0 0 0 0 -10 16 -6 49 -29 -16 0 26 -48 16 -33 41 -14 39 0 -17 18 0 
13 0 28 46 -16 -10 41 25 -12 0 47 17 -9 0 0 0 15 0 -23 0 -41 -13 0 0 34 0 -12 -35 -21 -45 0 -30 0 -9 30 -44 5 -22 36 -46 
0 0 0 0 -38 -45 -11 -36 25 24 16 0 35 0 -24 -32 0 0 37 0 -13 0 49 -32 -30 0 47 0 0 33 -30 44 -35 0 25 0 -14 31 19 24 
2 31 47 43 -36 -38 0 -45 3 29 0 0 16 35 9 -2 -38 0 0 -10 0 49 46 -34 0 35 0 -8 -29 -47 48 30 0 0 44 0 33 -23 -41 0 
-2 -37 0 23 12 0 0 -25 0 0 21 0 -44 11 0 0 0 0 0 16 0 -32 -34 0 -41 -22 -12 0 -31 8 35 0 34 0 16 0 0 -6 8 25 
-22 -10 26 6 41 -28 27 38 27 -25 7 5 -1 -1 37 30 0 0 0 -6 34 -30 0 -41 9 4 0 -38 20 0 8 35 -14 0 0 -24 -44 33 22 0 
0 0 39 0 0 -41 -45 0 0 -41 0 28 -1 -13 -9 -6 0 -48 18 49 0 0 35 -22 4 -15 0 0 -46 -48 12 -30 -20 -31 20 0 22 0 0 -14 
0 0 -17 0 0 -25 49 0 21 -16 -7 -35 4 -46 -13 26 -35 38 0 -29 -12 47 0 -12 0 0 -5 -7 28 49 -43 -1 0 -9 -49 -46 26 -13 9 0 
0 -46 -29 0 34 8 0 0 0 -4 6 0 0 38 -14 -12 47 0 0 -16 -35 0 -8 0 -38 0 -7 1 38 0 47 6 0 16 46 2 39 -49 44 0 
0 -24 -32 42 29 38 0 15 32 -20 -8 13 35 8 0 27 0 -34 -35 0 -21 0 -29 -31 20 -46 28 38 3 0 0 1 -43 -47 -39 0 0 0 -20 2 
0 0 -10 41 -11 0 35 0 -44 5 0 0 47 36 28 12 -41 -14 0 26 -45 33 -47 8 0 -48 49 0 0 -27 -36 38 40 0 0 -49 -42 -25 0 -13 
-5 0 0 0 -17 0 0 0 23 26 24 0 0 -10 -44 -8 -42 -35 0 -48 0 -30 48 35 8 12 -43 47 0 -36 -31 0 40 0 4 16 0 0 0 0 
47 -42 2 -42 0 0 0 -34 0 -22 0 -44 0 -32 36 -31 -49 0 0 16 -30 44 30 0 35 -30 -1 6 1 38 0 -7 0 0 -49 47 0 -43 -23 -1 
0 -23 0 0 38 0 20 -22 0 29 -35 31 0 -10 -47 0 2 22 0 -33 0 -35 0 34 -14 -20 0 0 -43 40 40 0 37 -38 27 0 44 -49 0 0 
13 0 -26 0 -8 -18 0 -18 30 38 28 31 0 -43 0 -33 42 0 -14 41 -9 0 0 0 0 -31 -9 16 -47 0 0 0 -38 27 0 8 0 0 -40 23 
-13 0 0 0 5 25 21 -5 3 37 36 36 0 -28 37 0 -8 0 0 -14 30 25 44 16 0 20 -49 46 -39 0 4 -49 27 0 0 16 -35 -26 -31 0 
37 7 15 44 8 47 -30 31 -36 -7 35 -24 44 -25 44 -47 13 4 4 39 -44 0 0 0 -24 0 -46 2 0 -49 16 47 0 8 16 -47 42 28 20 -3 
-19 0 45 -44 -39 -38 42 0 0 0 -34 -13 22 -35 0 10 -11 0 0 0 5 -14 33 0 -44 22 26 39 0 -42 0 0 44 0 -35 42 0 -29 0 28 
-44 -46 0 31 0 13 30 48 40 0 16 24 0 0 0 0 13 28 -40 -17 -22 31 -23 -6 33 0 -13 -49 0 -25 0 -43 -49 0 -26 28 -29 -22 36 48 
-19 -29 0 -19 -5 0 -13 7 -47 3 1 -9 19 13 -46 30 35 0 0 18 36 19 -41 8 22 0 9 44 -20 0 0 -23 0 -40 -31 20 0 36 0 0 
35 -28 0 0 -43 -13 -46 -13 -5 0 25 36 0 0 -6 21 0 0 38 0 -46 24 0 25 0 -14 0 0 2 -13 0 -1 0 23 0 -3 28 48 0 -6 
