50
0 -12 0 0 -42 0 0 0 0 0 0 34 39 0 0 0 0 0 7 4 0 0 -15 -31 0 0 0 0 0 -36 3 11 0 0 -34 0 0 0 0 0 0 0 -17 0 0 42 0 -45 0 46 
0 0 0 23 34 45 0 0 47 -47 0 48 0 -8 29 0 0 25 -41 0 -1 0 0 0 0 0 0 -45 42 9 -20 22 0 0 -4 0 0 0 0 0 -32 0 39 16 0 0 0 0 30 -21 
0 5 0 0 -42 0 -7 20 0 46 0 0 0 0 -24 0 20 0 40 16 0 0 0 0 40 -31 -16 0 -33 0 0 0 0 17 36 -1 0 -9 10 4 0 0 0 0 0 17 -6 0 0 0 
0 0 0 0 0 0 -12 0 0 0 0 36 0 -37 0 48 0 -43 0 6 0 41 0 0 0 0 0 0 0 0 0 42 0 11 0 0 -45 -41 10 0 0 0 -36 0 0 -43 30 0 -2 13 
23 0 0 -4 0 -16 0 0 0 0 39 0 0 0 0 11 33 -46 -29 -48 15 0 19 -28 -26 43 -11 -49 0 -27 48 0 0 0 29 -4 0 3 34 0 0 0 -36 -20 -21 0 -35 0 30 -7 
34 -42 0 0 -29 -24 0 -3 0 -44 0 39 0 0 -38 0 10 0 0 0 0 0 37 0 0 0 32 -9 17 0 0 -31 -35 0 0 -22 0 0 0 6 18 0 0 35 0 0 0 0 0 0 
45 0 0 -16 -24 0 0 46 0 0 0 0 29 0 -49 -2 2 0 28 -4 21 6 0 0 0 -2 0 0 0 0 0 18 -19 0 0 0 5 -45 49 -41 17 -33 0 0 -3 0 0 0 0 -30 
0 -7 -12 0 0 0 0 0 0 43 -35 -3 -45 39 45 0 -8 0 0 0 20 43 18 0 0 0 0 0 0 0 0 0 0 0 25 0 0 2 -23 44 -44 0 0 0 0 7 0 20 0 42 
0 20 0 0 -3 46 0 -8 0 43 0 -22 44 -35 0 29 0 36 0 27 -36 -34 0 0 0 21 0 -35 0 15 22 0 -5 0 0 -8 31 0 0 0 0 13 0 0 0 -14 33 0 21 0 
47 0 0 0 0 0 0 0 0 46 -17 0 0 0 0 -22 0 0 0 0 0 28 0 0 -18 34 -19 0 -20 0 0 0 32 29 0 0 -29 0 0 -44 0 -19 -35 0 0 0 0 -17 14 0 
-47 46 0 0 -44 0 43 43 46 0 0 0 0 0 0 0 14 0 0 0 3 -36 0 34 -43 0 -42 45 12 0 0 0 0 0 -16 0 0 0 0 0 7 0 0 -26 0 -42 0 0 0 0 
0 0 0 39 0 0 -35 0 -17 0 0 0 0 0 0 49 -5 0 0 -13 0 18 0 0 0 -45 38 0 0 -35 0 -21 11 19 0 0 0 0 0 -44 48 9 13 -28 0 -8 0 0 0 -39 
48 0 36 0 39 0 -3 -22 0 0 0 -38 0 0 0 0 0 40 23 0 0 -38 0 0 -46 0 -17 0 0 0 -33 9 -5 0 0 10 0 0 10 0 0 -29 -47 -18 2 0 -14 0 0 -32 
0 0 0 0 0 29 -45 44 0 0 0 0 -33 0 -49 0 0 -3 11 0 0 0 44 0 -6 0 2 0 0 0 0 -33 0 0 0 0 -24 0 0 -24 0 0 0 0 0 0 0 48 0 -19 
-8 0 -37 0 0 0 39 -35 0 0 0 0 0 0 0 0 0 0 -35 0 -11 -33 0 0 -43 0 0 -26 0 0 44 0 0 0 0 0 0 0 0 0 0 0 0 0 0 0 0 24 0 0 
29 -24 0 0 -38 -49 45 0 0 0 0 0 -49 0 0 0 -5 0 -22 -18 0 0 19 41 0 0 0 0 0 -23 0 0 0 0 -42 47 25 -29 0 -15 -38 0 0 0 0 0 0 48 0 0 
0 0 48 11 0 -2 0 29 -22 0 49 0 0 0 0 0 -18 -32 0 0 0 0 0 -40 0 0 0 0 0 0 0 15 0 -8 0 42 0 0 0 0 -40 0 0 44 -40 0 0 23 0 0 
0 20 0 33 10 2 -8 0 0 14 -5 0 0 0 -5 -18 0 0 19 -27 0 0 0 -12 0 0 0 0 0 0 0 0 0 0 0 0 -37 0 0 18 22 0 3 0 0 0 0 -41 0 0 
25 0 -43 -46 0 0 0 36 0 0 0 40 -3 0 0 -32 0 0 16 0 0 0 14 0 0 35 41 -22 0 0 6 0 0 0 0 10 -41 17 -34 0 0 0 0 0 -14 0 44 39 0 0 
-41 40 0 -29 0 28 0 0 0 0 0 23 11 -35 -22 0 19 16 0 0 49 0 18 0 0 43 -10 -31 36 44 0 0 0 32 43 0 0 0 0 -7 -5 -3 0 -44 -13 0 0 0 0 0 
0 16 6 -48 0 -4 0 27 0 0 -13 0 0 0 -18 0 -27 0 0 39 0 0 0 -21 -18 40 1 1 14 0 0 0 0 38 0 0 -32 0 25 0 0 0 1 20 28 0 0 13 -32 0 
-1 0 0 15 0 21 20 -36 0 3 0 0 0 -11 0 0 0 0 49 0 -49 0 0 0 0 0 0 0 0 0 -16 0 -42 0 0 0 38 0 0 0 -31 43 0 0 9 0 31 0 0 36 
0 0 41 0 0 6 43 -34 28 -36 18 -38 0 -33 0 0 0 0 0 0 0 -39 -2 0 0 0 0 -26 0 49 0 32 0 0 -12 -26 0 0 27 37 0 0 0 0 -35 0 26 0 49 -17 
0 0 0 19 37 0 18 0 0 0 0 0 44 0 19 0 0 14 18 0 0 -2 0 0 0 1 0 15 0 0 0 0 -33 0 34 0 -44 40 26 -14 0 49 34 0 0 22 0 0 0 0 
0 0 0 -28 0 0 0 0 0 34 0 0 0 0 41 -40 -12 0 0 -21 0 0 0 -30 -1 0 0 0 -2 0 0 -37 -10 0 0 0 0 0 0 0 -6 0 0 0 34 0 0 0 -46 0 
0 40 0 -26 0 0 0 0 -18 -43 0 -46 -6 -43 0 0 0 0 0 -18 0 0 0 -1 -44 0 0 0 0 36 2 0 42 0 0 0 13 36 0 0 0 0 18 0 -25 0 0 0 34 -42 
0 -31 0 43 0 -2 0 21 34 0 -45 0 0 0 0 0 0 35 43 40 0 0 1 0 0 42 20 0 0 0 0 0 -6 0 -46 47 -28 -47 0 0 -20 3 -2 0 0 0 -46 0 0 46 
0 -16 0 -11 32 0 0 0 -19 -42 38 -17 2 0 0 0 0 41 -10 1 0 0 0 0 0 20 -2 0 -45 0 0 9 0 0 0 0 0 7 0 0 0 -22 17 13 -14 0 0 14 0 0 
-45 0 0 -49 -9 0 0 -35 0 45 0 0 0 -26 0 0 0 -22 -31 1 0 -26 15 0 0 0 0 0 -44 0 -29 0 0 0 0 0 0 -14 0 0 0 -24 0 32 -24 0 0 0 10 0 
42 -33 0 0 17 0 0 0 -20 12 0 0 0 0 0 0 0 0 36 14 0 0 0 -2 0 0 -45 -44 0 0 0 6 34 8 40 0 0 7 41 28 0 -10 16 -12 0 0 41 0 0 -39 
9 0 0 -27 0 0 0 15 0 0 -35 0 0 0 -23 0 0 0 44 0 0 49 0 0 36 0 0 0 0 -6 0 -23 0 0 18 0 0 0 38 0 0 0 0 0 21 -30 0 -16 10 0 
-20 0 0 48 0 0 0 22 0 0 0 -33 0 44 0 0 0 6 0 0 -16 0 0 0 2 0 0 -29 0 0 0 2 0 0 0 0 48 0 0 -40 -43 -24 -17 0 0 0 0 0 -1 17 
22 0 42 0 -31 18 0 0 0 0 -21 9 -33 0 0 15 0 0 0 0 0 32 0 -37 0 0 9 0 6 -23 2 26 -9 0 0 0 0 0 0 0 0 0 3 0 0 0 -15 7 0 0 
0 0 0 0 -35 -19 0 -5 32 0 11 -5 0 0 0 0 0 0 0 0 -42 0 -33 -10 42 -6 0 0 34 0 0 -9 1 -21 23 0 40 24 15 0 0 0 31 0 0 0 0 0 -38 0 
0 17 11 0 0 0 0 0 29 0 19 0 0 0 0 -8 0 0 32 38 0 0 0 0 0 0 0 0 8 0 0 0 -21 0 48 0 0 5 0 -21 -10 18 -26 0 0 -27 0 0 -32 0 
-4 36 0 29 0 0 25 0 0 -16 0 0 0 0 -42 0 0 0 43 0 0 -12 34 0 0 -46 0 0 40 18 0 0 23 48 26 22 0 0 0 -12 -24 -15 -27 0 0 0 -38 -22 34 0 
0 -1 0 -4 -22 0 0 -8 0 0 0 10 0 0 47 42 0 10 0 0 0 -26 0 0 0 47 0 0 0 0 0 0 0 0 22 -2 3 0 0 0 0 0 0 -14 0 0 0 0 0 0 
0 0 -45 0 0 5 0 31 -29 0 0 0 -24 0 25 0 -37 -41 0 -32 38 0 -44 0 13 -28 0 0 0 0 48 0 40 0 0 3 0 25 0 0 0 0 -21 -39 -2 0 0 0 9 0 
0 -9 -41 3 0 -45 2 0 0 0 0 0 0 0 -29 0 0 17 0 0 0 0 40 0 36 -47 7 -14 7 0 0 0 24 5 0 0 25 -8 0 0 0 -21 0 -4 0 7 48 0 -41 -47 
0 10 10 34 0 49 -23 0 0 0 0 10 0 0 0 0 0 -34 0 25 0 27 26 0 0 0 0 0 41 38 0 0 15 0 0 0 0 0 0 0 44 33 -14 0 0 39 42 0 0 0 
0 4 0 0 6 -41 44 0 -44 0 -44 0 -24 0 -15 0 18 0 -7 0 0 37 -14 0 0 0 0 0 28 0 -40 0 0 -21 -12 0 0 0 0 0 0 3 0 0 42 0 -17 0 -21 0 
-32 0 0 0 18 17 -44 0 0 7 48 0 0 0 -38 -40 22 0 -5 0 -31 0 0 -6 0 -20 0 0 0 0 -43 0 0 -10 -24 0 0 0 44 0 0 -26 31 43 0 49 0 34 0 0 
0 0 0 0 0 -33 0 13 -19 0 9 -29 0 0 0 0 0 0 -3 0 43 0 49 0 0 3 -22 -24 -10 0 -24 0 0 18 -15 0 0 -21 33 3 -26 0 8 0 0 43 0 39 42 0 
39 0 -36 -36 0 0 0 0 -35 0 13 -47 0 0 0 0 3 0 0 1 0 0 34 0 18 -2 17 0 16 0 -17 3 31 -26 -27 0 -21 0 -14 0 31 8 9 24 0 0 0 36 -18 -42 
16 0 0 -20 35 0 0 0 0 -26 -28 -18 0 0 0 44 0 0 -44 20 0 0 0 0 0 0 13 32 -12 0 0 0 0 0 0 -14 -39 -4 0 0 43 0 24 0 10 0 0 -46 0 0 
0 0 0 -21 0 -3 0 0 0 0 0 2 0 0 0 -40 0 -14 -13 28 9 -35 0 34 -25 0 -14 -24 0 21 0 0 0 0 0 0 -2 0 0 42 0 0 0 10 0 -5 0 4 -38 0 
0 17 -43 0 0 0 7 -14 0 -42 -8 0 0 0 0 0 0 0 0 0 0 0 22 0 0 0 0 0 0 -30 0 0 0 -27 0 0 0 7 39 0 49 43 0 0 -5 -8 -35 -11 49 0 
0 -6 30 -35 0 0 0 33 0 0 0 -14 0 0 0 0 0 44 0 0 31 26 0 0 0 -46 0 0 41 0 0 -15 0 0 -38 0 0 48 42 -17 0 0 0 0 0 -35 0 -20 0 18 
0 0 0 0 0 0 20 0 -17 0 0 0 48 24 48 23 -41 39 0 13 0 0 0 0 0 0 14 0 0 -16 0 7 0 0 -22 0 0 0 0 0 34 39 36 -46 4 -11 -20 0 0 0 
30 0 -2 30 0 0 0 21 14 0 0 0 0 0 0 0 0 0 0 -32 0 49 0 -46 34 0 0 10 0 10 -1 0 -38 -32 34 0 9 -41 0 -21 0 42 -18 0 -38 49 0 0 0 0 
-21 0 13 -7 0 -30 42 0 0 0 -39 -32 -19 0 0 0 0 0 0 0 36 -17 0 0 -42 46 0 0 -39 0 17 0 0 0 0 0 0 -47 0 0 0 0 -42 0 0 0 18 0 0 0 
