30
-15 46 -42 0 33 -30 19 -20 26 27 7 4 0 -13 43 0 0 0 0 -31 49 -9 -6 0 -34 42 0 32 -17 12 
44 -45 24 27 -44 0 34 45 -4 -6 -14 48 0 -8 29 49 -44 -25 -1 0 0 0 -29 -45 42 9 -20 22 -27 0 
-45 10 36 -32 48 -30 -7 0 0 30 -21 5 0 37 0 29 22 0 22 -7 0 0 -24 0 20 0 40 16 0 27 
24 36 40 -31 -16 0 -33 0 -5 17 36 -1 21 -10 0 4 0 0 -39 17 -6 17 0 -23 -12 -37 0 36 0 -37 
27 -32 -31 -30 -18 0 -16 35 41 -16 48 6 37 12 11 0 0 -45 -41 10 0 -19 29 0 -43 30 -37 0 13 -4 
-44 48 -16 -18 0 -16 6 0 39 0 0 0 30 16 -7 21 -23 0 12 -32 0 -19 0 43 -11 -49 37 0 48 17 
0 -30 0 0 -16 29 -4 8 0 34 0 0 5 41 -47 3 0 1 0 47 13 -23 0 31 11 29 39 -23 0 27 
34 -7 -33 -16 6 -4 0 5 8 37 0 9 0 0 -9 17 0 19 43 33 -22 12 6 18 0 48 26 -39 24 46 
45 0 0 35 0 8 5 0 19 29 9 0 -2 2 22 49 14 0 6 29 -2 0 0 13 18 -19 0 0 38 0 
-4 0 -5 41 39 0 8 19 -45 49 -41 17 -33 2 -20 -25 -30 0 -25 -8 -40 -12 -18 0 -48 35 0 -8 -1 20 
-6 30 17 -16 0 34 37 29 49 43 18 0 0 -19 -6 -41 25 0 0 2 -23 44 -44 -11 20 0 48 27 0 0 
-14 -21 36 48 0 0 0 9 -41 18 -8 -26 16 0 -42 -43 0 -16 0 0 36 10 -31 11 30 -46 0 0 -35 40 
48 5 -1 6 0 0 9 0 17 0 -26 34 0 27 40 -8 31 31 0 13 29 -14 33 -42 0 0 0 46 -17 27 
0 0 21 37 30 5 0 -2 -33 0 16 0 -31 0 1 17 44 30 -18 34 -19 -11 46 46 0 29 28 -8 0 -44 
-8 37 -10 12 16 41 0 2 2 -19 0 27 0 1 -49 0 0 13 -17 14 0 0 18 -41 14 0 0 0 3 -36 
29 0 0 11 -7 -47 -9 22 -20 -6 -42 40 1 -49 0 34 -43 -11 -30 44 -44 0 -48 8 0 2 7 -8 39 -42 
49 29 4 0 21 3 17 49 -25 -41 -43 -8 17 0 34 0 0 -3 0 0 0 0 49 -5 1 0 3 10 0 0 
-44 22 0 0 -23 0 0 14 -30 25 0 31 44 0 -43 0 -45 38 44 -33 -21 11 19 0 -30 0 -44 48 9 13 
-25 0 0 -45 0 1 19 0 0 0 -16 31 30 13 -11 -3 38 -28 -43 0 19 -39 -38 -49 10 0 40 23 -32 9 
-1 22 -39 -41 12 0 43 6 -25 0 0 0 -18 -17 -30 0 44 -43 -47 12 0 40 -19 -26 0 -5 0 0 10 0 
0 -7 17 10 -32 47 33 29 -8 2 0 13 34 14 44 0 -33 0 12 -26 0 0 0 -29 -47 -18 2 41 3 -32 
0 0 -6 0 0 13 -22 -2 -40 -23 36 29 -19 0 -44 0 -21 19 0 0 -33 -45 0 -12 -37 0 0 -48 44 15 
0 0 17 -19 -19 -23 12 0 -12 44 10 -14 -11 0 0 0 11 -39 40 0 -45 -43 40 2 -33 -32 0 -24 0 39 
-29 -24 0 29 0 0 6 0 -18 -44 -31 33 46 18 -48 49 19 -38 -19 0 0 40 -20 0 0 3 48 0 -19 0 
-45 0 -23 0 43 31 18 13 0 -11 11 -42 46 -41 8 -5 0 -49 -26 -29 -12 2 0 -26 11 -37 -28 -26 0 -43 
42 20 -12 -43 -11 11 0 18 -48 20 30 0 0 14 0 1 -30 10 0 -47 -37 -33 0 11 0 49 -22 44 25 0 
9 0 -37 30 -49 29 48 -19 35 0 -46 0 29 0 2 0 0 0 -5 -18 0 -32 3 -37 49 0 35 40 36 7 
-20 40 0 -37 37 39 26 0 0 48 0 0 28 0 7 3 -44 40 0 2 0 0 48 -28 -22 35 17 10 -5 -11 
22 16 36 0 0 -23 -39 0 -8 27 0 46 -8 0 -8 10 48 23 0 41 -48 -24 0 -26 44 40 10 -31 0 15 
-27 0 0 13 48 0 24 38 -1 0 -35 -17 0 3 39 0 9 -32 10 3 44 0 -19 0 25 36 -5 0 0 0 
0 27 -37 -4 17 27 46 0 20 0 40 27 -44 -36 -42 0 13 9 0 -32 15 39 0 -43 0 7 -11 15 0 41 
