50
0 -15 0 19 0 -17 25 0 0 0 0 0 0 -11 31 0 0 0 0 0 0 0 0 0 -11 0 0 0 0 -6 0 0 0 0 0 3 22 0 -29 0 0 9 0 -6 0 0 14 25 43 -36 
-21 11 0 0 0 -43 0 0 0 0 -34 0 0 3 0 -48 43 0 0 0 0 0 16 0 41 0 -35 0 -20 0 0 0 0 -15 -26 -47 0 0 -15 0 0 0 0 -17 0 11 36 0 0 0 
11 -21 0 41 44 0 0 -41 0 13 0 0 0 0 -26 3 29 0 -8 0 24 2 0 0 0 0 15 42 0 0 0 -32 0 48 -24 -45 40 0 -42 45 -39 20 0 0 -37 0 0 -8 -1 14 
0 0 0 -28 0 29 -41 33 -42 0 0 0 0 0 -45 0 -34 0 0 -35 0 0 -29 -29 0 -40 0 -9 0 0 -13 0 0 0 -40 0 0 0 0 0 0 0 0 -46 0 0 -34 45 10 0 
0 41 -28 0 0 0 0 43 -8 -31 0 0 -18 15 8 -2 0 12 -34 0 0 0 0 0 0 0 0 0 0 0 0 -38 0 0 38 0 21 0 -8 -15 0 0 -49 -49 -17 0 -35 -49 -26 0 
0 44 0 0 18 0 0 0 -49 0 0 -26 0 0 0 -46 0 0 0 0 -1 0 0 2 0 -29 0 0 0 0 0 12 0 0 0 0 0 0 -43 0 0 11 -4 0 0 0 0 0 44 -17 
-43 0 29 0 0 45 -6 0 0 -47 12 0 0 0 0 0 0 -46 0 0 0 -18 11 0 4 0 0 0 15 0 0 0 -10 0 0 0 -47 -21 0 -41 16 0 0 0 -1 0 0 0 0 26 
0 0 -41 0 0 -6 0 0 0 -5 5 0 0 0 0 0 0 0 0 38 22 -35 0 0 -45 -1 0 -37 14 0 -17 0 0 0 -18 20 0 -2 0 0 0 0 -47 0 27 0 0 0 -1 24 
0 -41 33 43 0 0 0 48 11 0 0 -48 0 -34 0 -35 0 0 0 43 0 41 -13 0 0 13 0 -6 0 0 0 0 0 0 -13 21 0 28 18 0 0 0 0 0 0 9 0 0 0 0 
0 0 -42 -8 -49 0 0 11 0 0 0 0 0 0 -21 0 23 -9 0 0 39 -37 0 0 -8 -3 0 0 -4 0 0 0 0 -12 0 0 0 0 34 -31 -37 0 -40 0 0 0 0 0 0 0 
0 13 0 -31 0 -47 -5 0 0 -18 0 -44 -27 0 0 11 0 27 0 0 0 0 17 0 0 0 0 -35 0 0 -35 0 0 8 -1 0 0 0 0 0 -49 0 0 17 0 0 0 1 -14 9 
-34 0 0 0 0 12 5 0 0 0 0 0 0 -17 0 39 -20 0 3 0 -49 0 0 -43 0 37 48 0 0 0 0 0 -16 0 42 0 0 0 0 0 0 13 0 -37 24 23 0 2 0 0 
0 0 0 0 -26 0 0 -48 0 -44 0 0 0 0 0 0 0 16 0 0 0 0 0 -6 0 -14 0 0 29 0 -27 0 2 0 0 0 46 0 0 0 -12 0 40 0 12 -16 -8 -10 0 0 
0 0 0 -18 0 0 0 0 0 -27 0 0 -34 0 0 0 0 0 0 19 16 0 29 14 13 -2 11 -10 -17 -17 0 -8 -16 0 0 0 0 8 0 31 39 0 4 45 0 0 0 0 0 0 
3 0 0 15 0 0 0 -34 0 0 -17 0 0 -34 21 0 0 6 0 0 -25 0 -48 -8 0 0 0 0 -8 0 -43 0 8 0 0 26 34 -17 0 0 0 0 0 0 0 -23 0 0 0 -40 
0 -26 -45 8 0 0 0 0 -21 0 0 0 0 21 0 0 0 0 -42 0 0 0 0 0 -17 0 0 0 24 0 -31 24 0 25 0 -36 -47 -26 0 0 0 0 0 0 0 14 0 0 0 0 
-48 3 0 -2 -46 0 0 -35 0 11 39 0 0 0 0 0 26 6 0 -16 -19 0 -44 0 -26 0 15 -10 0 0 0 0 0 -29 -36 -32 -39 0 0 -20 0 0 -26 0 0 0 0 -3 0 9 
43 29 -34 0 0 0 0 0 23 0 -20 0 0 0 0 26 0 0 -22 36 0 -41 0 0 0 16 0 0 -10 0 -24 0 0 0 0 -35 35 -16 0 -39 0 0 -35 0 0 0 0 -29 -21 44 
0 0 0 12 0 -46 0 0 -9 27 0 16 0 6 0 6 0 0 0 0 32 -39 0 0 16 0 4 0 0 28 0 0 0 -47 -44 -30 0 0 0 0 0 11 -13 34 13 39 0 0 48 -23 
0 -8 0 -34 0 0 0 0 0 0 3 0 0 0 -42 0 -22 0 13 0 0 0 0 43 -6 0 -21 0 25 -43 0 0 0 -33 0 0 0 0 0 0 38 0 0 -21 20 -15 0 -33 0 31 
0 0 -35 0 0 0 38 43 0 0 0 0 19 0 0 -16 36 0 0 45 -14 0 14 0 10 0 0 37 0 0 0 36 31 0 -29 -10 0 -20 0 44 0 0 0 0 0 0 0 0 -36 15 
0 24 0 0 -1 0 22 0 39 0 -49 0 16 -25 0 -19 0 32 0 -14 0 0 0 0 0 0 -3 0 27 0 -35 0 44 0 0 0 0 0 -47 0 0 26 0 41 0 0 7 0 18 30 
0 2 0 0 0 -18 -35 41 -37 0 0 0 0 0 0 0 -41 -39 0 0 0 -45 -1 -8 -47 27 28 0 0 0 6 0 -21 -49 0 -33 0 0 0 24 -34 0 0 0 -32 0 44 -30 42 0 
16 0 -29 0 0 11 0 -13 0 17 0 0 29 -48 0 -44 0 0 0 14 0 -1 -45 -49 -13 0 0 0 49 0 0 0 0 -12 0 0 0 0 0 0 0 0 0 0 -10 0 23 0 0 -37 
0 0 -29 0 2 0 0 0 0 0 -43 -6 14 -8 0 0 0 0 43 0 0 -8 -49 0 0 0 0 -16 0 -39 0 0 -43 41 0 0 18 0 0 26 15 0 -40 0 0 44 0 0 0 0 
41 0 0 0 0 4 -45 0 -8 0 0 0 13 0 -17 -26 0 16 -6 10 0 -47 -13 0 0 0 -11 6 44 0 -7 0 -35 0 0 8 -25 0 0 0 -23 0 -6 26 0 13 0 0 -13 0 
0 0 -40 0 -29 0 -1 13 -3 0 37 -14 -2 0 0 0 16 0 0 0 0 27 0 0 0 -4 0 37 0 0 0 0 0 -17 0 0 0 0 0 46 0 0 0 47 0 -36 -38 0 19 -17 
-35 15 0 0 0 0 0 0 0 0 48 0 11 0 0 15 0 4 -21 0 -3 28 0 0 -11 0 -36 0 -30 0 6 -9 0 0 -30 0 0 0 41 -42 0 -7 0 -49 0 49 1 0 0 -28 
0 42 -9 0 0 0 -37 -6 0 -35 0 0 -10 0 0 -10 0 0 0 37 0 0 0 -16 6 37 0 27 0 -39 0 0 0 0 11 -30 38 0 0 0 46 0 0 -6 0 0 0 0 22 -2 
-20 0 0 0 0 15 14 0 -4 0 0 29 -17 -8 24 0 -10 0 25 0 27 0 49 0 44 0 -30 0 0 0 0 39 0 0 -27 0 15 -46 0 0 -26 -21 0 6 0 0 0 0 -16 0 
0 0 0 0 0 0 0 0 0 0 0 0 -17 0 0 0 0 28 -43 0 0 0 0 -39 0 0 0 -39 0 0 0 -39 0 0 0 28 0 0 18 0 0 -10 0 -6 0 -32 0 0 0 -26 
0 0 -13 0 0 0 -17 0 0 -35 0 -27 0 -43 -31 0 -24 0 0 0 -35 6 0 0 -7 0 6 0 0 0 0 15 0 0 0 0 0 24 -43 0 0 0 0 0 -8 -16 10 0 37 -12 
0 -32 0 -38 12 0 0 0 0 0 0 0 -8 0 24 0 0 0 0 36 0 0 0 0 0 0 -9 0 39 -39 15 0 0 -16 0 0 -23 0 -15 -11 0 22 22 0 0 0 -17 25 -28 0 
0 0 0 0 0 -10 0 0 0 0 -16 2 -16 8 0 0 0 0 0 31 44 -21 0 -43 -35 0 0 0 0 0 0 0 23 23 0 0 0 -9 -26 -34 0 0 0 0 0 0 29 14 0 0 
-15 48 0 0 0 0 0 0 -12 8 0 0 0 0 25 -29 0 -47 -33 0 0 -49 -12 41 0 -17 0 0 0 0 0 -16 23 35 -16 18 0 -46 45 0 0 -30 0 0 41 -32 15 0 0 13 
-26 -24 -40 38 0 0 -18 -13 0 -1 42 0 0 0 0 -36 0 -44 0 -29 0 0 0 0 0 0 -30 11 -27 0 0 0 0 -16 10 0 0 0 0 0 0 0 0 -44 0 0 0 37 0 0 
-47 -45 0 0 0 0 20 21 0 0 0 0 0 26 -36 -32 -35 -30 0 -10 0 -33 0 0 8 0 0 -30 0 28 0 0 0 18 0 -36 0 0 0 0 0 0 9 6 0 0 0 -48 38 0 
0 40 0 21 0 -47 0 0 0 0 0 46 0 34 -47 -39 35 0 0 0 0 0 0 18 -25 0 0 38 15 0 0 -23 0 0 0 0 0 0 -2 -6 10 0 10 42 0 0 0 -31 0 0 
0 0 0 0 0 -21 -2 28 0 0 0 0 8 -17 -26 0 -16 0 0 -20 0 0 0 0 0 0 0 0 -46 0 24 0 -9 -46 0 0 0 0 0 0 -22 41 9 0 39 -30 27 32 28 34 
-15 -42 0 -8 -43 0 0 18 34 0 0 0 0 0 0 0 0 0 0 0 -47 0 0 0 0 0 41 0 0 18 -43 -15 -26 45 0 0 -2 0 -38 0 -7 0 -28 0 0 0 0 0 19 -38 
0 45 0 -15 0 -41 0 0 -31 0 0 0 31 0 0 -20 -39 0 0 44 0 24 0 26 0 46 -42 0 0 0 0 -11 -34 0 0 0 -6 0 0 -40 0 -27 -35 7 0 0 0 0 0 -45 
0 -39 0 0 0 16 0 0 -37 -49 0 -12 39 0 0 0 0 0 38 0 0 -34 0 15 -23 0 0 46 -26 0 0 0 0 0 0 0 10 -22 -7 0 0 -2 28 0 0 -12 0 -23 0 0 
0 20 0 0 11 0 0 0 0 0 13 0 0 0 0 0 0 11 0 0 26 0 0 0 0 0 -7 0 -21 -10 0 22 0 -30 0 0 0 41 0 -27 -2 0 0 29 0 0 0 39 0 12 
0 0 0 -49 -4 0 -47 0 -40 0 0 40 4 0 0 -26 -35 -13 0 0 0 0 0 -40 -6 0 0 0 0 0 0 22 0 0 0 9 10 9 -28 -35 28 0 0 0 0 0 0 0 9 0 
-17 0 -46 -49 0 0 0 0 0 17 -37 0 45 0 0 0 0 34 -21 0 41 0 0 0 26 47 -49 -6 6 -6 0 0 0 0 -44 6 42 0 0 7 0 29 0 -34 0 -20 0 0 -32 0 
0 -37 0 -17 0 -1 27 0 0 0 24 12 0 0 0 0 0 13 20 0 0 -32 -10 0 0 0 0 0 0 0 -8 0 0 41 0 0 0 39 0 0 0 0 0 0 41 0 0 -34 0 0 
11 0 0 0 0 0 0 9 0 0 23 -16 0 -23 14 0 0 39 -15 0 0 0 0 44 13 -36 49 0 0 -32 -16 0 0 -32 0 0 0 -30 0 0 -12 0 0 -20 0 0 35 0 0 0 
36 0 -34 -35 0 0 0 0 0 0 0 -8 0 0 0 0 0 0 0 0 7 44 23 0 0 -38 1 0 0 0 10 -17 29 15 0 0 0 27 0 0 0 0 0 0 0 35 0 -18 0 0 
0 -8 45 -49 0 0 0 0 0 1 2 -10 0 0 0 -3 -29 0 -33 0 0 -30 0 0 0 0 0 0 0 0 0 25 14 0 37 -48 -31 32 0 0 -23 39 0 0 -34 0 -18 3 0 -47 
0 -1 10 -26 44 0 -1 0 0 -14 0 0 0 0 0 0 -21 48 0 -36 18 42 0 0 -13 19 0 22 -16 0 37 -28 0 0 0 38 0 28 19 0 0 0 9 -32 0 0 0 0 -5 0 
0 14 0 0 -17 26 24 0 0 9 0 0 0 -40 0 9 44 -23 31 15 30 0 -37 0 0 -17 -28 -2 0 -26 -12 0 0 13 0 0 0 34 -38 -45 0 12 0 0 0 0 0 -47 0 0 
