30
-39 -45 0 0 -5 0 -45 -34 -18 20 16 -42 0 0 33 -33 26 -8 -49 -35 32 0 23 47 -25 -40 -33 25 -47 0 
15 -30 0 -37 6 -37 0 -44 -21 23 39 -16 7 21 0 0 40 0 3 -17 0 -17 45 -21 16 17 42 -10 23 -39 
-30 2 -2 -22 35 0 0 -5 47 -48 9 22 0 -19 -44 -19 35 -21 -12 36 -41 14 -6 46 8 1 -15 -23 -32 3 
0 -2 -30 -6 -29 0 14 -27 -16 21 0 -46 -24 0 0 -42 -23 -19 -27 -46 -29 -28 -11 -7 0 0 -27 -10 6 -35 
-37 -22 -6 35 -44 0 -6 19 0 -4 0 -47 -11 26 39 -17 -29 -32 -10 0 2 0 -26 0 15 45 0 0 0 0 
6 35 -29 -44 7 -8 0 -16 -29 42 23 35 -20 40 6 23 -49 9 46 0 43 23 6 0 0 0 42 41 0 -42 
-37 0 0 0 -8 -45 44 -44 31 -19 -21 11 -39 -4 0 41 39 33 -47 0 -32 7 0 10 9 1 3 -10 16 0 
0 0 14 -6 0 44 0 0 34 29 -11 -17 0 38 -8 5 8 -39 -43 15 34 24 5 -19 0 35 31 -36 41 0 
-44 -5 -27 19 -16 -44 0 46 0 25 -48 0 -35 45 31 32 17 -10 -36 46 0 -18 0 -37 0 25 47 -38 13 0 
-21 47 -16 0 -29 31 34 0 -13 0 0 0 -28 32 0 46 36 30 0 0 0 45 -42 -5 -3 27 -45 49 0 0 
23 -48 21 -4 42 -19 29 25 0 35 0 0 20 0 21 -30 42 30 -13 -46 4 -37 0 0 0 0 16 20 0 -16 
39 9 0 0 23 -21 -11 -48 0 0 -25 1 1 25 -36 -45 -25 38 0 0 16 0 -47 7 1 38 0 0 31 0 
-16 22 -46 -47 35 11 -17 0 0 0 1 48 7 -13 0 -9 -1 -2 38 -4 -47 36 -41 -10 -47 -20 -12 25 3 0 
7 0 -24 -11 -20 -39 0 -35 -28 20 1 7 27 0 21 0 32 -44 23 0 0 30 3 -36 0 40 -47 -5 40 -42 
21 -19 0 26 40 -4 38 45 32 0 25 -13 0 42 -32 -28 40 1 0 44 0 24 29 15 -43 37 31 -9 0 5 
0 -44 0 39 6 0 -8 31 0 21 -36 0 21 -32 26 -22 29 38 37 -7 20 -44 -3 -49 45 -18 33 -49 0 0 
0 -19 -42 -17 23 41 5 32 46 -30 -45 -9 0 -28 -22 0 0 47 16 0 21 7 0 -7 6 -8 10 -19 -26 0 
40 35 -23 -29 -49 39 8 17 36 42 -25 -1 32 40 29 0 8 -8 -35 -22 18 38 -45 -28 24 -5 -19 44 35 0 
0 -21 -19 -32 9 33 -39 -10 30 30 38 -2 -44 1 38 47 -8 -23 5 17 0 10 0 0 28 -35 0 13 5 21 
3 -12 -27 -10 46 -47 -43 -36 0 -13 0 38 23 0 37 16 -35 5 30 -42 0 36 -24 -13 24 -9 36 0 0 45 
-17 36 -46 0 0 0 15 46 0 -46 0 -4 0 44 -7 0 -22 17 -42 -15 48 -35 -29 -5 -46 30 23 -31 -46 34 
0 -41 -29 2 43 -32 34 0 0 4 16 -47 0 0 20 21 18 0 0 48 35 47 0 0 0 0 0 44 22 0 
-17 14 -28 0 23 7 24 -18 45 -37 0 36 30 24 -44 7 38 10 36 -35 47 19 0 16 48 0 43 40 43 0 
45 -6 -11 -26 6 0 5 0 -42 0 -47 -41 3 29 -3 0 -45 0 -24 -29 0 0 35 11 -1 -13 -46 38 8 36 
-21 46 -7 0 0 10 -19 -37 -5 0 7 -10 -36 15 -49 -7 -28 0 -13 -5 0 16 11 -10 -32 -10 -43 -28 -25 -35 
16 8 0 15 0 9 0 0 -3 0 1 -47 0 -43 45 6 24 28 24 -46 0 48 -1 -32 0 13 48 0 0 -46 
17 1 0 45 0 1 35 25 27 0 38 -20 40 37 -18 -8 -5 -35 -9 30 0 0 -13 -10 13 16 0 0 -13 -8 
42 -15 -27 0 42 3 31 47 -45 16 0 -12 -47 31 33 10 -19 0 36 23 0 43 -46 -43 48 0 42 -40 -44 -28 
-10 -23 -10 0 41 -10 -36 -38 49 20 0 25 -5 -9 -49 -19 44 13 0 -31 44 40 38 -28 0 0 -40 47 28 -44 
23 -32 6 0 0 16 41 13 0 0 31 3 40 0 0 -26 35 5 0 -46 22 43 8 -25 0 -13 -44 28 36 -47 
-39 3 -35 0 -42 0 0 0 0 -16 0 0 -42 5 0 0 0 21 45 34 0 0 36 -35 -46 -8 -28 -44 -47 0 
