30
-39 -45 0 31 -8 -12 44 15 5 27 15 0 33 -33 26 -8 -49 -35 32 -48 0 47 -25 -40 -33 25 -47 -42 33 -25 
-14 17 -7 -44 -21 23 39 -16 7 21 0 0 40 0 3 -17 0 -17 45 -21 16 17 42 -10 23 -39 2 -2 -22 35 
17 -27 -36 -35 13 -13 37 -19 -44 -19 35 -21 -12 36 -41 14 -6 46 8 1 -15 -23 -32 3 -30 -6 -29 -40 31 -37 
-7 -36 -10 -36 4 16 0 -42 -23 -19 -27 -46 -29 -28 -11 -7 0 29 41 -12 -31 -22 1 -8 15 46 -47 44 -47 -11 
-44 -35 -36 26 39 -17 -29 -32 -10 0 2 0 -26 0 15 45 -47 0 7 -8 -17 0 -29 42 23 35 -20 40 6 23 
-21 13 4 39 -49 9 46 0 43 23 6 0 2 16 -36 -42 -45 44 -44 31 -19 -21 11 -39 -4 48 -40 -48 31 0 
23 -13 16 -17 9 0 -32 7 -2 16 10 14 45 10 -42 -12 -4 29 45 44 47 5 -9 0 -9 -5 -43 14 47 -30 
39 37 0 -29 46 -32 -4 35 31 -36 41 0 46 0 25 -48 -25 12 0 46 -28 -41 -25 8 38 0 0 0 -37 0 
-16 -19 -42 -32 0 7 35 25 47 -38 13 -33 40 31 32 9 19 27 5 0 0 45 -42 -5 -3 27 -45 49 -16 -44 
7 -44 -23 -10 43 -2 31 47 0 20 0 21 -30 42 30 -13 -46 4 -37 0 0 -45 47 49 -16 -25 1 1 25 -36 
21 -19 -19 0 23 16 -36 -38 20 -45 -25 38 2 15 -47 7 1 38 -18 -23 48 7 -13 41 35 -45 28 9 21 0 
0 35 -27 2 6 10 41 13 0 -25 36 -41 -10 -47 -20 -12 25 3 12 41 -27 32 -44 23 0 0 30 3 -36 0 
0 -21 -46 0 0 14 0 -33 21 38 -41 40 -47 -5 40 -42 42 -32 -28 40 1 -26 -47 9 0 -25 -41 -16 -4 -20 
40 -12 -29 -26 2 45 46 40 -30 2 -10 -47 5 26 -22 29 38 37 -7 20 -44 -3 -49 45 -18 33 -49 0 23 47 
0 36 -28 0 16 10 0 31 42 15 -47 -5 26 16 0 21 7 0 -7 6 -8 10 -19 -26 2 1 -9 35 16 -10 
3 -41 -11 15 -36 -42 25 32 30 -47 -20 40 -22 0 -15 45 -26 -39 7 0 44 35 27 -10 -14 -9 46 0 28 -35 
-17 14 -7 45 -42 -12 -48 9 -13 7 -12 -42 29 21 45 0 13 5 21 30 -42 -22 25 35 0 24 -9 36 24 0 
0 -6 0 -47 -45 -4 -25 19 -46 1 25 42 38 7 -26 13 45 -15 48 -35 -29 -5 -46 30 23 -31 -46 34 35 47 
-17 46 29 0 44 29 12 27 4 38 3 -32 37 0 -39 5 -15 40 7 7 11 19 26 0 48 32 -38 -16 -12 -48 
45 8 41 7 -44 45 0 5 -37 -18 12 -28 -7 -7 7 21 48 7 -12 -45 -11 22 34 0 8 41 49 0 -10 -43 
-21 1 -12 -8 31 44 46 0 0 -23 41 40 20 6 0 30 -35 7 -45 -28 -25 -35 -2 8 5 13 21 38 -33 45 
16 -15 -31 -17 -19 47 -28 0 0 48 -27 1 -44 -8 44 -42 -29 11 -11 -25 -28 37 -9 -13 -14 0 28 -44 36 -47 
17 -23 -22 0 -21 5 -41 45 -45 7 32 -26 -3 10 35 -22 -5 19 22 -35 37 0 37 44 19 -21 25 -23 -33 7 
42 -32 1 -29 11 -9 -25 -42 47 -13 -44 -47 -49 -19 27 25 -46 26 34 -2 -9 37 -33 29 41 36 11 45 7 47 
-10 3 -8 42 -39 0 8 -5 49 41 23 9 45 -26 -10 35 30 0 0 8 -13 44 29 -21 20 5 -33 -33 0 -47 
23 -30 15 23 -4 -9 38 -3 -16 35 0 0 -18 2 -14 0 23 48 8 5 -14 19 41 20 10 34 -10 48 28 48 
-39 -6 46 35 48 -5 0 27 -25 -45 0 -25 33 1 -9 24 -31 32 41 13 0 -21 36 5 34 -34 -49 -38 14 -35 
2 -29 -47 -20 -40 -43 0 -45 1 28 30 -41 -49 -9 46 -9 -46 -38 49 21 28 25 11 -33 -10 -49 47 41 -37 7 
-2 -40 44 40 -48 14 0 49 1 9 3 -16 0 35 0 36 34 -16 0 38 -44 -23 45 -33 48 -38 41 -34 -22 1 
-22 31 -47 6 31 47 -37 -16 25 21 -36 -4 23 16 28 24 35 -12 -10 -33 36 -33 7 0 28 14 -37 -22 34 -3 
35 -37 -11 23 0 -30 0 -44 -36 0 0 -20 47 -10 -35 0 47 -48 -43 45 -47 7 47 -47 48 -35 7 1 -3 28 
