40
0 -15 0 19 0 -17 25 0 0 0 0 0 0 -11 0 0 0 0 0 0 0 0 0 0 0 0 0 0 28 0 0 -6 0 0 0 0 0 3 22 0 
0 -33 0 9 0 -6 0 0 0 0 16 0 43 -36 -21 11 0 0 0 -43 0 0 0 0 -34 0 0 3 0 -48 43 0 0 0 0 0 0 0 -43 0 
-33 0 0 -35 0 -20 0 0 0 0 0 0 0 -26 -47 0 0 -15 0 0 0 0 -17 0 11 0 0 0 0 0 0 -21 0 41 0 0 0 0 0 -41 
0 0 0 13 0 0 0 0 -26 3 29 0 -8 0 0 0 0 0 0 44 0 0 0 0 0 42 0 0 0 -32 0 48 -24 -45 0 0 0 0 -42 45 
9 -35 13 -39 0 0 0 0 0 -37 0 0 -8 0 -49 29 -28 0 29 0 0 0 0 -25 44 0 0 0 0 -45 0 -34 0 0 -35 0 0 -29 -29 0 
0 0 0 0 -40 0 0 -33 0 -13 0 0 0 -40 0 0 0 0 0 0 0 0 -46 0 0 -34 45 0 0 0 0 0 0 0 0 43 -8 -31 0 0 
-6 -20 0 0 0 -18 15 8 -2 0 0 34 0 -41 0 0 0 0 0 0 0 0 0 0 0 0 -7 38 0 0 0 -1 14 -19 0 -49 0 -31 0 0 
0 0 0 0 0 15 0 0 -41 0 0 -26 0 18 0 0 0 -49 0 0 -26 0 0 0 -46 0 0 0 0 0 0 0 0 0 2 0 -29 0 0 0 
0 0 0 0 -33 8 0 0 0 0 0 0 0 0 0 0 0 0 -43 0 0 0 0 35 0 0 0 0 0 0 0 37 0 0 0 0 9 47 -47 0 
0 0 -26 0 0 -2 -41 0 0 -34 0 0 0 0 -46 0 0 0 -18 0 -9 0 0 0 0 0 0 0 0 0 0 0 0 -10 0 0 0 0 -17 0 
0 0 3 -37 -13 0 0 0 -34 0 0 -41 16 0 0 0 0 0 0 0 0 0 0 26 0 0 0 -5 5 0 0 0 0 0 0 0 0 0 46 0 
16 0 29 0 0 0 0 0 0 0 0 0 0 0 0 0 -45 0 0 0 0 -37 14 0 0 0 0 0 0 0 -18 20 0 -2 0 0 0 0 -47 0 
0 0 0 0 0 34 -26 0 0 -41 0 27 0 0 0 0 0 -32 -26 0 0 0 0 0 0 -48 0 -34 0 -35 0 0 0 43 0 0 0 0 -13 0 
43 0 -8 -8 0 0 0 0 0 16 0 0 0 13 0 -6 0 0 0 0 0 0 -13 21 0 28 18 0 0 0 0 0 0 9 0 0 0 0 0 0 
-36 -26 0 0 -40 -41 18 0 0 0 0 0 13 0 0 0 0 -21 0 23 -9 0 0 39 -37 0 0 -8 0 0 0 0 0 0 0 -45 0 0 -12 0 
-21 -47 0 -49 0 0 0 0 -46 0 0 0 0 0 0 0 0 34 -31 0 0 5 0 11 0 0 0 0 0 -18 0 0 0 0 -27 0 0 11 0 27 
11 0 0 29 0 0 0 0 0 0 0 0 -6 0 0 0 0 0 0 0 0 38 0 0 0 -37 0 -35 0 0 8 -1 0 0 0 0 0 -49 0 0 
0 0 0 -28 0 0 0 0 0 0 -45 0 0 0 0 0 0 0 0 0 0 0 0 -15 0 0 6 0 -17 0 39 -20 0 3 0 -49 0 0 -43 0 
0 -15 0 0 0 0 -49 0 0 0 0 -32 0 -21 34 0 0 37 48 0 0 0 0 0 -16 0 0 0 0 0 0 0 0 0 0 13 0 0 -16 0 
0 0 0 29 0 0 0 -43 -18 0 0 -26 0 0 -31 0 0 48 0 0 0 0 0 2 0 0 0 0 0 0 0 0 16 0 0 0 0 0 -6 0 
-43 0 44 0 0 0 0 0 0 0 0 0 0 23 0 0 0 0 0 0 0 0 0 0 0 0 0 0 -27 0 2 0 0 0 46 0 0 0 -12 0 
0 0 0 0 0 0 -26 0 -9 0 0 0 0 -9 0 0 0 0 0 0 40 0 12 -16 -8 -10 0 0 0 0 0 0 0 0 0 0 0 19 16 0 
0 0 0 0 0 0 0 0 0 0 -37 0 0 0 5 38 0 0 0 0 0 0 0 0 14 13 -2 11 -10 0 -24 -10 -8 -16 0 0 0 0 8 0 
0 -17 0 0 -46 0 0 0 0 0 14 0 -13 0 0 0 0 0 0 0 12 0 31 39 0 4 45 0 0 0 0 0 0 0 0 30 0 0 0 0 
0 0 0 -25 0 0 0 35 0 26 0 0 21 39 11 0 -15 0 2 0 -16 0 39 42 0 -25 0 -48 -8 0 0 0 0 0 37 -43 0 8 0 0 
-34 11 0 44 0 0 -46 0 0 0 0 0 0 -37 0 0 0 -16 0 0 -8 14 0 0 26 34 0 0 0 0 0 0 0 0 0 0 0 0 0 -16 
0 0 42 0 -34 0 0 0 0 0 0 -48 28 0 0 -37 0 0 0 0 -10 13 4 -25 34 0 0 -40 0 0 0 0 -42 0 0 0 0 0 -17 0 
0 0 0 0 45 -7 0 0 0 0 0 0 18 0 0 0 6 0 0 0 0 -2 45 0 0 0 0 0 24 0 -31 24 0 25 0 -36 -47 0 47 0 
3 0 0 0 0 38 0 0 0 -5 0 -34 0 -8 0 -35 0 0 0 0 0 11 0 -48 0 -40 0 0 0 0 0 0 0 0 0 0 0 0 0 0 
0 0 0 0 0 0 0 0 0 5 0 0 0 0 0 0 -17 0 0 -27 0 -10 0 -8 0 0 24 0 26 6 0 -16 0 0 -31 0 0 0 -26 0 
-48 0 -32 -45 0 0 0 0 0 0 0 -35 0 0 -18 0 0 0 0 0 0 0 0 0 0 0 0 0 6 15 -10 0 0 0 0 0 -29 -36 -32 -39 
43 0 0 0 0 0 0 0 0 0 -18 0 0 0 0 8 39 0 0 2 0 -24 0 0 0 0 -31 0 0 -10 0 0 -20 0 0 -26 0 0 0 0 
0 -21 48 -34 0 -1 0 37 0 0 20 0 0 0 0 -1 -20 0 0 0 0 -10 0 0 0 0 24 0 -16 0 0 -3 0 9 0 0 -22 36 0 0 
0 0 -24 0 0 14 0 0 0 0 0 0 0 0 0 0 0 0 16 0 0 -8 0 0 0 -42 0 0 0 0 -20 0 -44 0 0 0 6 0 -10 0 
0 41 -45 0 0 -19 0 0 -10 0 -2 43 9 0 0 0 3 0 0 0 0 -16 0 0 0 0 25 0 0 0 0 9 0 -24 0 0 0 0 -35 35 
0 0 0 -35 0 0 2 0 0 0 0 0 0 0 -27 0 0 0 0 46 0 0 0 37 0 0 0 0 -31 0 0 0 0 0 0 0 0 -21 0 -35 
0 0 0 0 43 -49 0 0 0 0 0 0 0 -45 0 0 -49 13 0 0 0 0 30 -43 0 0 -36 0 0 0 -26 0 0 0 0 0 0 0 0 0 
0 0 0 0 -8 0 -29 9 0 0 0 0 0 0 0 0 0 0 0 0 0 0 0 0 0 0 -47 0 0 -29 0 -22 6 0 0 0 0 0 0 0 
0 0 0 -29 -31 -31 0 47 0 0 0 0 0 0 11 -49 0 0 0 0 19 0 0 8 0 0 0 0 0 -36 0 36 0 0 -21 0 0 20 0 0 
-43 0 -42 -29 0 0 0 -47 -17 46 -47 -13 0 -12 0 0 -43 -16 -6 -12 16 8 0 0 0 -17 47 0 -26 -32 0 0 -10 -35 0 0 0 0 0 0 
0 -41 45 0 0 0 0 0 0 0 0 0 0 0 27 0 0 0 0 0 0 0 0 0 -16 0 0 0 0 -39 0 0 0 35 -35 0 0 0 0 32 
