40
13 -27 -12 -17 25 -33 16 -11 31 36 0 0 0 -17 -11 0 35 -6 -12 -20 -12 27 -29 0 20 7 6 16 16 -34 33 29 0 11 -29 -43 -38 0 -34 0 
-36 24 23 0 48 0 0 0 16 -10 -26 -32 2 0 39 -25 -14 47 -19 -49 23 -7 -13 11 36 26 -21 0 41 44 -13 -26 13 0 0 -11 45 -20 -49 -8 
24 -42 -22 44 -26 0 26 -38 0 -32 -24 39 -39 -14 35 0 40 31 0 20 0 11 -40 -8 -1 14 7 5 -25 -38 -25 44 0 -27 -45 0 -34 0 0 -35 
23 -22 -6 -38 -7 -40 -9 0 32 -19 0 -41 -15 17 43 -46 -25 22 -12 35 35 26 43 -8 -31 0 33 0 15 8 -2 0 12 -34 -2 0 13 35 -5 3 
0 44 -38 22 -44 -5 -8 -15 -30 -37 -31 -29 -35 -49 -26 30 19 0 -49 41 38 0 16 -6 -1 7 10 -29 32 2 15 0 20 -15 -34 11 -4 0 -13 -20 
48 -26 -7 -44 -43 0 45 -6 -12 0 0 12 0 0 45 37 14 15 40 -17 0 -47 38 41 -27 -17 -13 -15 0 37 -20 0 0 0 0 -1 48 -14 -45 35 
0 0 -40 -5 0 38 0 0 0 -42 0 0 0 38 22 -35 3 -45 0 -17 -47 11 -17 0 -28 16 42 -2 -24 -43 8 -35 33 -1 45 0 -22 -9 -48 0 
0 26 -9 -8 45 0 -34 27 -11 34 0 -22 -41 0 41 0 10 0 10 -14 -33 34 -3 17 0 -21 -48 44 24 -10 -20 22 -28 23 -9 0 0 39 -37 0 
0 -38 0 -15 -6 0 27 3 0 -3 -18 29 0 10 0 -29 0 0 34 -31 -37 -49 11 12 8 44 -44 -27 0 0 11 -2 49 9 0 38 -10 -37 25 41 
16 0 32 -30 -12 0 -11 0 8 -1 -40 18 0 0 -21 0 28 0 1 -14 9 44 -17 -6 0 -20 38 -38 -24 5 22 -47 47 -5 17 48 0 40 38 6 
-10 -32 -19 -37 0 -42 34 -3 -1 43 -16 6 -13 2 -31 -1 0 0 16 -7 0 29 -39 49 36 -37 -14 2 0 -40 15 45 49 40 0 12 -16 -8 -10 -20 
-26 -24 0 -31 0 0 0 -18 -40 -16 45 0 49 0 19 16 -34 -6 40 -11 30 -47 0 -17 -17 -43 27 35 -4 0 -38 -5 -16 4 45 35 -3 -34 21 -16 
-32 39 -41 -29 12 0 -22 29 18 6 0 42 0 -25 7 -35 40 -40 37 -43 0 -43 26 34 -17 0 6 -17 0 -27 0 -6 -40 -45 0 -42 0 -49 -23 -42 
2 -39 -15 -35 0 0 -41 0 0 -13 49 0 28 -19 0 -30 0 32 0 41 -3 37 0 7 0 -19 14 -13 -42 22 33 -16 -19 -33 8 6 15 -10 10 0 
0 -14 17 -49 0 38 0 10 0 2 0 -25 -19 -9 27 0 -32 -39 0 -33 -35 -26 0 20 -3 26 0 0 0 -22 36 -35 5 -6 31 -10 0 -24 21 -7 
39 35 43 -26 45 22 41 0 -21 -31 19 7 0 27 -42 -17 0 -21 0 -35 -19 15 0 -21 44 0 19 19 -32 -48 -21 49 44 8 9 -35 1 -37 3 11 
-25 0 -46 30 37 -35 0 -29 0 -1 16 -35 -30 0 -17 -13 34 13 39 -10 5 0 -41 0 -49 -10 36 -21 0 25 -43 -30 -33 39 -45 38 -30 -33 37 -15 
-14 40 -25 19 14 3 10 0 28 0 -34 40 0 -32 0 34 -33 -6 6 0 -14 0 14 0 10 0 38 10 44 -8 7 -13 48 -20 28 7 0 -21 0 33 
47 31 22 0 15 -45 0 0 0 0 -6 -40 32 -39 -21 13 -6 -12 -45 -4 -49 0 -28 0 0 -35 -32 0 0 -2 0 -47 0 0 26 44 0 18 -47 18 
-19 0 -12 -49 40 0 10 34 1 16 40 37 0 0 0 39 6 -45 30 -45 -1 -8 -47 27 28 -39 6 0 -21 -49 17 49 2 0 -34 35 -32 0 44 -30 
-49 20 35 41 -17 -17 -14 -31 -14 -7 -11 -43 41 -33 -35 -10 0 -4 -45 42 -11 17 -11 1 -8 -12 -4 38 0 -12 0 0 -17 -10 0 23 45 -3 49 -16 
23 0 35 38 0 -47 -33 -37 9 0 30 0 -3 -35 -19 5 -14 -49 -1 -11 0 -39 0 37 0 41 -7 34 28 40 39 19 0 44 0 -22 -17 -26 12 32 
-7 11 26 0 -47 11 34 -49 44 29 -47 -43 37 -26 15 0 0 0 -8 17 -39 -7 5 -18 8 -25 0 -23 19 0 26 0 13 30 0 -17 4 37 48 0 
-13 -40 43 16 38 -17 -3 11 -17 -39 0 26 0 0 0 -41 14 -28 -47 -11 0 5 -17 40 -6 46 0 -41 -13 -36 -38 16 45 -21 -44 0 30 0 0 -9 
11 -8 -8 -6 41 0 17 12 -6 49 -17 34 7 20 -21 0 0 0 27 1 37 -18 40 -4 0 -14 40 1 -8 -30 -49 32 2 -27 -28 27 9 0 -18 28 
36 -1 -31 -1 -27 -28 0 8 0 36 -17 -17 0 -3 44 -49 10 0 28 -8 0 8 -6 0 19 38 -16 28 19 -6 10 0 22 -2 0 -13 -47 0 -27 -4 
26 14 0 7 -17 16 -21 44 -20 -37 -43 0 -19 26 0 -10 0 -35 -39 -12 41 -25 46 -14 38 13 44 -26 -21 -6 -9 -2 39 2 -17 -48 23 0 18 31 
-21 7 33 10 -13 42 -48 -44 38 -14 27 6 14 0 19 36 38 -32 6 -4 -7 0 0 40 -16 44 42 -6 -11 21 -39 0 -8 27 0 0 -38 -7 43 35 
0 5 0 -29 -15 -2 44 -27 -38 2 35 -17 -13 0 19 -21 10 0 0 38 34 -23 -41 1 28 -26 -6 -8 -16 10 0 37 -12 9 32 0 -23 0 -15 -11 
41 -25 15 32 0 -24 24 0 -24 0 -4 0 -42 0 -32 0 44 0 -21 0 28 19 -13 -8 19 -21 -11 -16 -48 -44 0 34 -17 25 -28 12 40 -43 0 -9 
44 -38 8 2 37 -43 -10 0 5 -40 0 -27 22 -22 -48 25 -8 -2 -49 -12 40 0 -36 -30 -6 -6 21 10 -44 -26 -34 0 0 0 44 29 14 37 -6 13 
-13 -25 -2 15 -20 8 -20 11 22 15 -38 0 33 36 -21 -43 7 0 17 0 39 26 -38 -49 10 -9 -39 0 0 -34 43 -46 45 6 0 -30 0 0 41 -32 
-26 44 0 0 0 -35 22 -2 -47 45 -5 -6 -16 -35 49 -30 -13 -47 49 0 19 0 16 32 0 -2 0 37 34 0 -46 15 38 -5 0 0 4 -22 -47 40 
13 0 12 20 0 33 -28 49 47 49 -16 -40 -19 5 44 -33 48 0 2 -17 0 13 45 2 22 39 -8 -12 -17 0 45 38 -15 -48 29 -36 32 -31 9 6 
0 -27 -34 -15 0 -1 23 9 -5 40 4 -45 -33 -6 8 39 -20 0 0 -10 44 30 -21 -27 -2 2 27 9 25 0 6 -5 -48 0 -46 40 33 -20 3 0 
0 -45 -2 -34 0 45 -9 0 17 0 45 0 8 31 9 -45 28 26 -34 0 0 0 -44 -28 0 -17 0 32 -28 44 0 0 29 -46 0 10 0 10 42 0 
-11 0 0 11 -1 0 0 38 48 12 35 -42 6 -10 -35 38 7 44 35 23 -22 -17 0 27 -13 -48 0 0 12 29 -30 0 -36 40 10 0 -5 0 0 42 
45 -34 13 -4 48 -22 0 -10 0 -16 -3 0 15 0 1 -30 0 0 -32 45 -17 4 30 9 -47 23 -38 -23 40 14 0 4 32 33 0 -5 29 -32 0 39 
-20 0 35 0 -14 -9 39 -37 40 -8 -34 -49 -10 -24 -37 -33 -21 18 0 -3 -26 37 0 0 0 0 -7 0 -43 37 0 -22 -31 -20 10 0 -32 -30 27 32 
-49 0 -5 -13 -45 -48 -37 25 38 -10 21 -23 10 21 3 37 0 -47 44 49 12 48 0 -18 -27 18 43 -15 0 -6 41 -47 9 3 42 0 0 27 28 34 
-8 -35 3 -20 35 0 0 41 6 -20 -16 -42 0 -7 11 -15 33 18 -30 -16 32 0 -9 28 -4 31 35 -11 -9 13 -32 40 6 0 0 42 39 32 34 -38 
