40
-39 0 0 0 0 0 0 0 0 0 0 0 0 -34 -18 20 0 0 0 -42 0 0 0 0 27 0 26 0 0 0 -49 -35 32 0 0 0 0 0 -23 0 
3 0 0 -6 0 0 0 0 -5 0 33 0 0 0 0 0 0 17 0 0 0 -44 0 0 0 23 39 -16 0 0 0 21 0 0 40 0 0 0 33 0 
0 0 0 -18 0 0 0 0 0 0 0 -31 0 -9 0 0 0 0 0 -29 44 0 0 -22 0 0 0 0 0 0 -36 0 0 0 13 0 -32 -41 0 -47 
0 0 0 0 0 32 0 -21 0 0 10 0 0 -24 0 0 0 0 0 0 0 -42 0 1 -15 0 0 0 0 0 0 0 0 0 0 0 21 0 0 0 
-6 -18 0 21 0 0 0 0 0 0 41 -11 -46 -24 0 0 0 31 0 0 0 -17 7 0 0 0 0 0 -10 22 -3 -3 0 0 0 0 0 0 -12 0 
0 0 0 0 -35 35 0 0 0 0 0 40 -49 -4 0 0 0 47 0 0 0 0 39 -17 -29 -32 -10 0 0 -48 0 0 0 0 0 0 15 0 0 1 
0 0 32 0 35 0 0 0 0 -35 0 0 0 43 0 0 0 0 0 0 -48 -8 0 -2 0 0 15 0 27 -48 0 0 0 -28 0 0 23 0 0 0 
0 0 0 0 0 0 0 0 0 42 41 0 -42 0 0 0 0 40 47 0 0 0 0 3 14 0 0 0 0 -4 0 41 39 0 0 0 -47 0 0 0 
0 0 -21 0 0 0 0 0 7 0 10 0 -16 0 0 0 -36 0 0 0 41 0 0 0 0 0 0 -46 0 0 -17 0 38 0 0 0 5 0 0 -9 
-5 0 0 0 0 0 0 7 -5 0 0 0 0 38 0 0 0 0 0 0 14 0 30 0 0 0 0 0 0 0 0 46 0 25 -48 0 0 0 0 0 
0 0 0 0 0 -35 42 0 0 0 0 31 32 17 0 0 0 0 0 8 38 0 0 0 0 0 0 0 25 0 0 0 0 7 0 0 0 0 0 40 
33 0 10 41 0 0 41 10 0 0 0 -28 0 0 9 19 0 0 0 0 0 0 0 0 0 -36 0 0 -5 -3 27 -45 0 0 0 0 0 35 0 0 
0 -31 0 -11 40 0 0 0 0 31 -28 20 0 21 0 0 0 0 0 0 30 0 0 0 0 18 0 0 0 0 0 0 0 0 0 0 0 0 47 49 
0 0 0 -46 -49 0 -42 -16 0 32 0 0 0 40 -24 -7 0 0 25 0 0 0 0 -35 -20 0 0 0 0 0 15 0 0 -34 0 1 38 0 0 31 
0 -9 -24 -24 -4 43 0 0 38 17 0 21 40 0 48 7 -13 0 -9 0 -35 0 0 0 26 16 0 0 36 0 -21 0 9 0 0 0 11 2 0 0 
0 0 0 0 0 0 0 0 0 0 9 0 -24 48 0 0 0 0 -2 0 0 0 0 0 0 -7 0 0 0 0 0 0 30 0 0 0 0 0 0 0 
0 0 0 0 0 0 0 0 0 0 19 0 -7 7 0 40 0 0 0 0 0 0 40 -42 0 0 0 0 10 0 -4 0 0 -49 0 0 -47 0 0 29 
0 0 0 0 0 0 0 -36 0 0 0 0 0 -13 0 0 0 -25 0 0 37 0 0 0 0 0 17 -13 24 5 0 0 0 0 0 37 0 0 0 0 
17 0 0 31 47 0 40 0 0 0 0 0 0 0 0 0 -25 0 0 0 0 0 0 0 -47 0 0 -13 43 -1 -11 0 0 0 0 -37 44 0 -3 0 
0 0 0 0 0 0 47 0 0 0 0 0 25 -9 -2 0 0 0 0 -25 0 0 0 0 24 0 -19 -26 0 0 0 0 0 0 0 0 0 0 0 0 
0 -29 0 0 0 0 0 0 0 8 0 0 0 0 0 0 0 0 -25 0 18 0 0 -15 0 0 0 0 24 0 -4 -34 0 0 0 0 0 0 0 0 
0 44 0 0 0 -48 0 41 14 38 0 30 0 -35 0 0 37 0 0 18 0 0 0 0 17 0 0 0 5 28 -35 0 13 0 0 -44 0 0 -42 0 
-44 0 -42 -17 0 -8 0 0 0 0 0 0 0 0 0 0 0 0 0 0 0 36 0 0 0 0 -33 0 0 -9 0 0 10 40 -30 0 0 0 31 -18 
0 0 0 7 39 0 0 0 30 0 0 0 0 0 0 40 0 0 0 0 0 0 0 -9 35 0 0 29 0 -1 0 0 0 4 0 0 0 0 0 0 
0 -22 1 0 -17 -2 3 0 0 0 0 0 -35 0 0 -42 0 0 0 -15 0 0 -9 0 0 0 0 0 0 44 22 0 19 0 16 48 0 0 -11 0 
0 0 -15 0 -29 0 14 0 0 0 0 0 -20 26 0 0 0 -47 24 0 17 0 35 0 -16 0 0 0 0 0 11 -1 -13 -46 38 0 0 0 0 2 
23 0 0 0 -32 0 0 0 0 0 -36 18 0 16 -7 0 0 0 0 0 0 0 0 0 0 0 0 0 0 0 -10 0 0 0 0 0 0 0 0 0 
39 0 0 0 -10 15 0 0 0 0 0 0 0 0 0 0 17 0 -19 0 0 -33 0 0 0 0 0 0 0 0 0 0 8 0 0 0 0 0 0 21 
-16 0 0 0 0 0 0 -46 0 0 0 0 0 0 0 0 -13 -13 -26 0 0 0 29 0 0 0 0 38 0 0 -24 0 0 42 0 0 -9 -13 0 47 
0 0 0 -10 0 27 0 0 0 25 -5 0 0 36 0 10 24 43 0 24 5 0 0 0 0 0 0 0 0 0 0 0 0 32 0 0 0 0 0 37 
0 0 0 22 -48 -48 -4 0 0 0 -3 0 0 0 0 0 5 -1 0 0 28 -9 -1 44 0 0 0 0 0 44 0 0 0 0 0 -6 0 0 -33 0 
0 -36 0 -3 0 0 0 -17 0 0 27 0 15 -21 0 -4 0 -11 0 -4 -35 0 0 22 11 -10 0 -24 0 0 0 0 -33 0 0 0 41 36 11 0 
21 0 0 -3 0 0 41 0 46 0 -45 0 0 0 0 0 0 0 0 -34 0 0 0 0 -1 0 0 0 0 0 0 0 26 -12 27 0 0 0 -8 0 
0 0 0 0 0 0 39 38 0 0 0 0 0 9 30 0 0 0 0 0 13 10 0 19 -13 0 8 0 0 0 -33 26 -33 0 -12 0 0 0 10 0 
0 0 0 0 0 -28 0 0 25 7 0 0 -34 0 0 -49 0 0 0 0 0 40 4 0 -46 0 0 42 32 0 0 -12 0 0 0 0 21 38 0 0 
40 13 0 0 0 0 0 0 -48 0 0 0 0 0 0 0 0 0 0 0 0 -30 0 16 38 0 0 0 0 0 0 27 -12 0 0 49 0 0 -49 -38 
0 0 0 0 0 0 0 0 0 0 0 0 1 0 0 0 37 -37 0 0 -44 0 0 48 0 0 0 0 0 -6 0 0 0 0 49 0 0 0 -35 47 
0 -32 21 0 15 23 -47 5 0 0 0 0 38 11 0 -47 0 44 0 0 0 0 0 0 0 0 0 -9 0 0 41 0 0 21 0 0 0 0 0 0 
0 -41 0 0 0 0 0 0 0 0 35 0 0 2 0 0 0 0 0 0 0 0 0 0 0 0 0 -13 0 0 36 0 0 38 0 0 0 0 0 0 
33 0 0 -12 0 0 0 0 0 0 0 47 0 0 0 0 0 -3 0 0 -42 31 0 -11 0 0 0 0 0 -33 11 -8 10 0 -49 -35 0 0 -49 2 
0 -47 0 0 1 0 0 -9 0 40 0 49 31 0 0 29 0 0 0 0 0 -18 0 0 2 0 21 47 37 0 0 0 0 0 -38 47 0 0 2 42 
