40
13 -27 -12 -17 25 -33 16 -11 31 36 -44 -17 -11 38 -17 -3 3 3 22 -45 -1 9 -29 40 14 25 43 -36 -21 11 -29 -43 -38 21 -32 3 1 -34 48 49 
16 -10 -26 -32 2 30 35 -15 -26 -47 -23 -6 -13 -17 26 16 28 -37 -2 -33 28 -9 25 -35 -13 -26 3 29 7 -7 31 24 -47 15 42 13 -32 -24 39 -39 
-10 -14 35 0 -18 -31 36 11 -40 -8 -1 14 7 5 -25 -38 -25 44 -13 11 19 -39 14 -35 -6 -38 -7 -40 -9 -46 -13 27 -40 -29 -14 -12 43 -33 42 14 
-26 35 -26 -28 15 -31 49 0 33 24 -42 -35 34 34 39 3 13 35 -5 3 22 -44 -5 -8 -15 -30 -37 -31 -29 -35 -49 -26 30 19 49 38 -26 -47 -46 -21 
-32 0 -28 -39 26 2 3 -32 -18 12 -6 15 -43 9 -44 20 -13 -20 -43 40 9 47 -47 12 2 -48 -46 46 -18 11 -4 -47 38 41 -27 -17 -13 -15 -46 -11 
2 -18 15 26 29 -38 -16 2 26 -32 -5 5 30 22 5 46 4 -9 -9 -47 -17 -47 11 -17 -41 -18 20 45 9 19 -20 27 40 -1 24 48 11 -12 33 -34 
30 -31 -31 2 -38 27 -11 34 -19 -49 -34 -16 10 18 23 -23 -16 -41 28 18 -9 5 9 44 39 31 47 2 -29 -2 -10 -45 -35 -8 -3 -18 29 -8 -12 -49 
35 36 49 3 -16 -11 -24 13 -7 5 10 -4 -32 -18 21 5 48 11 -2 49 9 0 29 -35 26 -22 0 13 11 16 -49 -21 -40 16 -15 0 -12 10 -44 39 
-15 11 0 -32 2 34 13 -20 38 -38 -24 5 22 -47 47 -5 17 48 2 26 20 -34 -37 24 23 20 47 -3 18 16 -7 -26 15 -14 -28 -43 -27 8 11 40 
-26 -40 33 -18 26 -19 -7 38 -23 -25 -42 37 12 -16 -8 -10 -20 45 48 -4 -24 42 29 14 13 -2 11 -10 -17 -17 -43 27 35 -4 3 31 39 46 -38 48 
-47 -8 24 12 -32 -49 5 -38 -25 -1 -19 30 31 6 30 -35 -48 -8 12 41 -18 -23 8 -2 30 13 -9 6 -17 9 -16 31 0 -43 -42 -41 31 -33 -4 35 
-23 -1 -42 -6 -5 -34 10 -24 -42 -19 -31 24 32 -46 33 -42 47 -32 32 -12 35 -26 0 10 -36 25 -49 -44 7 16 0 20 26 -9 27 35 -13 46 -20 -24 
-6 14 -35 15 5 -16 -4 5 37 30 24 16 20 -3 26 34 -22 36 -35 5 -6 31 -10 -1 -2 25 -23 -35 1 -39 3 -12 -2 -29 -21 44 -36 32 -39 35 
-13 7 34 -43 30 10 -32 22 12 31 32 20 45 4 26 10 0 -23 38 37 -44 20 31 -12 38 -10 13 48 -23 13 2 -10 25 44 -20 25 -43 -30 -33 39 
-17 5 34 9 22 18 -18 -47 -16 6 -46 -3 4 -45 38 -30 -33 37 -15 -33 -6 6 25 38 -28 20 28 38 10 44 -8 7 -13 48 -20 28 7 -45 40 -36 
26 -25 39 -44 5 23 21 47 -8 30 33 26 26 38 15 -27 45 -3 -28 -40 -34 44 -13 26 -8 -34 36 -40 14 -33 44 14 -24 -31 25 -15 -23 14 -22 26 
16 -38 3 20 46 -23 5 -5 -10 -35 -42 34 10 -30 -27 -21 -49 17 49 2 25 34 25 -17 12 45 14 -45 -49 -13 -21 49 49 37 40 -12 28 -19 45 23 
28 -25 13 -13 4 -16 48 17 -20 -48 47 -22 0 -33 45 -49 45 -3 49 -16 49 -15 -43 41 -7 34 28 40 39 19 -20 40 37 -11 48 30 10 -11 -35 15 
-37 44 35 -20 -9 -41 11 48 45 -8 -32 36 -23 37 -3 17 -3 14 -29 33 -46 -6 26 18 -26 -13 -19 7 -36 42 -17 40 -6 46 -3 47 1 -13 -24 -10 
-2 -13 -5 -43 -9 28 -2 2 48 12 32 -35 38 -15 -28 49 49 -29 -43 17 -30 30 -15 39 -30 22 41 -42 49 6 -3 49 1 -46 28 -34 -39 -18 28 19 
-33 11 3 40 -47 18 49 26 -4 41 -12 5 37 -33 -40 2 -16 33 17 38 -16 28 19 -6 10 46 -7 -7 39 39 39 -22 15 -46 27 32 -5 6 -46 19 
28 19 22 9 -17 -9 9 20 -24 -18 35 -6 -44 -6 -34 25 49 -46 -30 -16 -12 29 -4 20 -33 18 31 42 -6 -11 21 -39 -21 0 11 -38 -7 43 35 -8 
-9 -39 -44 47 -47 5 0 -34 42 -23 -26 31 20 6 44 34 -15 -6 30 28 29 -16 10 4 -45 -36 -16 12 -30 -15 -11 -48 -44 46 -15 12 23 -30 -28 -15 
25 14 -5 -47 11 9 29 -37 29 8 0 -10 31 25 -13 25 -43 26 -15 19 -4 10 41 -20 32 18 0 -14 36 -2 32 35 -16 18 49 8 0 26 37 11 
-35 -35 -8 12 -17 44 -35 24 14 -2 10 -1 -12 38 26 -17 41 18 39 -6 20 4 -20 41 -32 15 38 -5 3 34 24 -27 11 0 37 -15 5 39 -34 -12 
-13 -6 -15 2 -41 39 26 23 13 30 -36 -2 38 -28 -8 12 -7 -26 -30 10 -33 -45 32 -32 44 -46 40 33 -20 3 28 24 10 42 4 -31 49 42 29 -32 
-26 -38 -30 -48 -18 31 -22 20 -2 13 25 25 -10 20 -34 45 34 -13 22 46 18 -36 18 15 -46 0 39 -30 27 32 28 34 -38 -21 12 34 -12 2 -1 39 
3 -7 -37 -46 20 47 0 47 11 -9 -49 -23 13 28 36 14 28 -19 41 -7 31 -16 0 38 40 39 -49 -12 -13 -35 6 -9 4 12 24 47 13 -34 -33 29 
29 -40 -31 46 45 2 13 -3 -10 6 -44 -35 48 38 -40 -45 40 7 -42 -7 42 12 -14 -5 33 -30 -12 2 39 -24 -12 47 2 -23 48 -20 17 16 41 -37 
7 -9 -29 -18 9 -29 11 18 -17 -17 7 1 -23 10 14 -49 39 -36 49 39 -6 -30 36 3 -20 27 -13 39 9 -28 -38 -45 -18 18 -36 -47 -5 36 -8 -1 
-7 -46 -35 11 19 -2 16 16 -17 9 16 -39 13 44 -33 -13 19 42 6 39 -11 -15 -2 34 3 32 -35 -24 -28 -31 -8 -26 -5 43 9 25 25 39 -29 -28 
31 -13 -49 -4 -20 -10 -49 -7 -43 -16 0 3 2 -8 44 -21 -20 -17 -3 39 21 -11 32 24 28 28 6 -12 -38 -8 20 -23 22 13 21 -24 -38 -17 -36 7 
24 27 -26 -47 27 -45 -21 -26 27 31 20 -12 -10 7 14 49 40 40 49 -22 -39 -48 35 -27 24 34 -9 47 -45 -26 -23 17 39 -40 -7 19 5 30 -25 8 
-47 -40 30 38 40 -35 -40 15 35 0 26 -2 25 -13 -24 49 37 -6 1 15 -21 -44 -16 11 10 -38 4 2 -18 -5 22 39 -34 -47 4 -42 41 -32 6 10 
15 -29 19 41 -1 -8 16 -14 -4 -43 -9 -29 44 48 -31 37 -11 46 -46 -46 0 46 18 0 42 -21 12 -23 18 43 13 -40 -47 -34 -25 -39 5 23 -27 -30 
42 -14 49 -27 24 -3 -15 -28 3 -42 27 -21 -20 -20 25 40 48 -3 28 27 11 -15 49 37 4 12 24 48 -36 9 21 -7 4 -25 -21 6 -41 23 -41 -41 
13 -12 38 -17 48 -18 0 -43 31 -41 35 44 25 28 -15 -12 30 47 -34 32 -38 12 8 -15 -31 34 47 -20 -47 25 -24 19 -42 -39 6 -39 -10 37 -15 6 
-32 43 -26 -13 11 29 -12 -27 39 31 -13 -36 -43 7 -23 28 10 1 -39 -5 -7 23 0 5 49 -12 13 17 -5 25 -38 5 41 5 -41 -10 -49 -26 23 -30 
-24 -33 -47 -15 -12 -8 10 8 46 -33 46 32 -30 -45 14 -19 -11 -13 -18 6 43 -30 26 39 42 2 -34 16 36 39 -17 30 -32 23 23 37 -26 0 22 -3 
39 42 -46 -46 33 -12 -44 11 -38 -4 -20 -39 -33 40 -22 45 -35 -24 28 -46 35 -28 37 -34 29 -1 -33 41 -8 -29 -36 -25 6 -27 -41 -15 23 22 14 -34 
-39 14 -21 -11 -34 -49 39 40 48 35 -24 35 39 -36 26 23 15 -10 19 19 -8 -15 11 -12 -32 39 29 -37 -1 -28 7 8 10 -30 -41 6 -30 -3 -34 -49 
