50
-39 -45 0 0 0 0 0 0 -45 -34 -18 20 0 0 0 -42 0 0 0 0 27 8 -37 47 15 0 32 0 23 47 -25 -40 0 -6 -6 0 -5 -40 37 0 -14 17 -7 -44 0 -44 -47 0 25 24 
26 -36 40 0 3 0 0 0 0 0 -18 0 -41 0 0 0 -31 11 0 -6 13 0 2 0 6 0 -16 0 0 0 0 -36 0 0 0 13 -13 0 -41 0 -47 -21 32 0 -21 -12 36 0 -24 0 
-36 0 0 0 0 0 0 -42 0 1 -15 -23 0 0 -4 0 -30 -6 -29 0 0 0 31 -37 -10 0 0 -46 -24 0 0 -42 -23 0 0 7 0 0 0 0 -29 -28 0 -3 -3 0 0 0 0 0 
40 0 0 -12 0 -35 35 0 0 -8 0 0 40 -49 -4 0 -47 -11 0 7 -27 -2 0 3 -9 0 0 0 46 -26 0 15 0 0 1 0 0 0 -41 0 -31 43 0 0 0 20 -48 -8 0 -2 
0 0 -12 14 -18 27 -48 0 46 0 0 0 0 23 0 0 0 0 0 0 42 41 0 -42 0 0 0 0 40 47 -25 0 3 14 0 0 -5 0 0 0 41 39 0 0 0 -47 0 -32 7 0 
3 0 0 -18 10 0 -16 0 0 3 -10 0 41 0 0 0 0 0 0 -46 0 0 -17 0 38 0 0 0 5 8 -39 0 -5 0 -42 38 0 0 0 0 0 0 14 -14 0 0 -36 0 -10 46 
0 0 -35 27 0 0 25 -48 0 0 0 0 0 -45 -38 0 -28 -41 0 0 0 8 38 0 0 0 0 0 0 0 25 0 0 0 0 7 -15 -13 0 0 0 -28 32 0 46 36 30 0 0 0 
0 0 35 -48 -16 25 0 -36 0 0 -5 -3 27 -45 49 0 0 35 0 0 20 0 21 -30 0 3 7 0 0 -46 4 -37 0 0 0 0 0 47 49 -16 -25 0 -7 0 0 25 0 0 -23 -45 
0 -42 0 0 0 -48 -36 0 38 0 0 0 15 0 0 -34 -22 -18 -5 31 0 48 7 -13 0 -9 -1 0 0 28 9 21 0 36 0 -21 0 9 0 0 4 48 -11 0 -14 -2 21 0 32 -44 
0 0 0 46 0 0 0 38 0 0 0 0 0 30 3 0 0 0 0 40 0 -14 0 8 0 -42 0 0 0 0 10 0 -4 0 1 0 0 0 -47 0 0 29 0 -25 0 0 37 0 -4 -20 
0 1 -8 0 3 0 0 0 0 5 26 -22 0 -49 26 -23 0 10 3 0 -3 -49 45 0 43 -1 -11 0 0 0 47 16 0 21 7 0 -7 6 0 2 24 0 -35 28 36 35 0 0 0 16 
-18 -15 0 0 -10 0 -5 0 0 26 1 0 -15 0 0 25 0 -39 7 0 44 35 0 -23 5 17 0 0 0 5 28 -35 0 13 0 0 -44 0 -31 0 0 36 0 0 0 0 -33 36 -40 0 
0 -23 0 0 0 0 -3 0 0 -22 0 10 40 -30 -34 31 -18 0 -9 35 16 -44 -1 0 0 0 4 0 35 0 0 0 0 0 0 0 0 44 22 0 19 0 16 48 0 43 0 19 0 0 
-41 0 40 0 41 0 27 15 0 0 -15 40 0 35 11 -1 -13 -46 38 8 0 2 44 0 0 -10 -43 -28 -25 -35 0 0 0 8 0 0 0 0 0 0 21 38 0 0 -24 9 0 37 -9 -13 
0 0 -49 23 0 -45 -45 0 30 -49 0 -30 35 0 47 28 0 0 32 0 0 -40 37 44 0 0 -46 -6 0 0 -33 7 -33 0 -32 -2 0 30 -6 26 -12 27 0 0 0 -8 -31 0 0 -12 
0 -4 -4 0 0 -38 49 0 3 26 0 -34 11 47 -47 10 0 0 7 0 48 28 48 -34 -49 -38 0 0 0 -35 47 0 0 0 -37 7 0 2 42 -8 13 -11 0 0 22 0 0 3 -38 0 
0 0 0 0 0 0 0 -34 0 -23 25 31 -1 28 10 0 0 0 0 0 -48 38 0 -34 -14 -35 0 0 0 0 0 0 4 0 28 0 0 -47 0 -23 0 0 0 0 0 0 18 0 0 0 
-31 -30 -47 0 0 -28 0 -22 0 0 0 -18 -13 0 0 0 0 0 0 0 0 0 -14 0 0 0 -25 0 13 41 0 0 0 4 0 0 -6 49 0 -35 39 26 -48 16 -33 41 -14 0 -42 0 
11 -6 -11 0 0 -41 35 -18 0 10 -39 0 -46 0 0 0 0 -39 0 1 0 0 0 0 0 0 0 34 0 -12 -35 0 -11 0 -33 3 -9 30 -44 0 -10 22 9 0 -49 0 -49 0 0 0 
0 -29 0 0 0 0 0 -5 0 3 7 -9 38 32 7 0 0 0 -7 0 -31 31 -44 0 38 41 0 0 25 0 -14 0 -31 0 0 24 46 -34 0 35 0 -8 -29 -47 48 0 38 0 0 27 
-6 0 7 0 -46 0 0 31 40 0 0 35 8 0 0 0 0 1 0 33 -23 -41 0 0 -41 0 0 0 0 48 -31 8 0 -46 34 0 16 0 0 0 0 0 8 25 9 4 0 -38 20 0 
13 0 -27 42 0 0 20 0 0 -3 44 16 0 0 48 -48 0 0 -31 -23 8 35 0 13 0 0 14 0 12 0 0 0 8 -14 0 -46 -48 12 -30 0 39 -37 0 0 0 22 0 0 -14 -5 
0 0 -2 41 0 8 0 48 -14 -49 35 -44 2 -40 28 38 0 0 31 -41 35 -7 28 0 -13 0 0 -1 0 0 -8 -20 0 -20 0 -13 0 -7 1 38 0 47 0 8 16 46 2 39 -49 0 
2 31 0 0 -17 38 21 7 0 45 0 -1 44 37 48 0 -14 0 -44 0 0 28 6 3 0 0 1 -43 -47 -39 0 0 0 -20 2 -27 -36 0 0 -14 -7 0 -1 34 -19 0 0 11 0 0 
0 -37 3 -42 0 0 -30 -13 8 0 -23 0 0 44 -34 -34 0 0 0 0 13 0 3 40 0 0 0 -2 0 0 0 0 0 0 0 0 0 0 -49 47 0 -43 -23 0 0 0 37 -38 27 0 
6 -10 -9 0 38 0 0 0 0 43 5 0 0 0 -49 -14 0 0 38 -41 0 -13 0 0 44 -49 0 0 27 0 8 0 0 -40 23 0 16 0 0 0 0 16 0 23 -11 0 -8 26 39 0 
0 0 0 0 0 0 3 -9 -42 -1 17 0 -10 0 -38 -35 0 0 41 0 0 0 0 0 -49 0 -29 0 28 -22 36 48 0 0 -6 0 -12 0 0 0 0 0 32 -13 -29 45 7 -22 -20 -26 
-16 0 0 0 0 0 7 -1 0 -11 0 4 -43 -46 0 0 -25 0 0 0 14 0 1 0 0 -29 0 7 0 0 0 -47 -13 0 -32 0 -5 -49 7 8 -11 0 0 -49 -31 0 0 26 -25 -49 
0 -46 0 0 0 0 0 0 0 0 0 0 -28 -6 0 0 0 34 0 0 0 -1 -43 -2 0 0 7 0 14 0 23 3 0 0 32 12 -34 0 48 -16 28 -21 -26 0 0 0 -44 0 0 -42 
0 -24 46 40 5 0 0 0 0 0 0 35 -25 0 0 0 13 0 25 0 12 0 -47 0 27 28 0 14 36 29 0 28 -11 0 0 0 0 0 0 0 -9 -10 -36 11 -15 0 0 -17 0 0 
0 0 -26 47 8 0 -46 28 0 0 5 0 -35 0 -35 0 41 -12 0 48 0 0 -39 0 0 -22 0 0 29 -31 0 37 0 0 0 0 0 -5 0 -36 -8 -43 0 0 -13 0 38 0 13 0 
0 0 0 -25 -39 25 4 9 10 47 28 0 0 -33 47 0 0 -35 -14 -31 0 -8 0 0 8 36 0 23 0 0 32 0 -23 0 16 -2 14 0 0 0 0 0 0 -17 0 6 -10 0 0 0 
-36 -42 15 0 0 0 -37 21 0 16 -35 0 0 7 0 0 0 0 0 8 0 -20 0 0 0 48 -47 3 28 37 0 0 41 0 1 -47 0 0 12 0 0 0 0 34 0 0 -8 0 -44 0 
0 -23 0 3 -5 0 0 0 -4 0 0 0 0 -33 0 4 0 -11 -31 0 8 0 0 0 0 0 -13 0 -11 0 -23 41 -32 8 -26 0 -21 -41 0 0 25 30 -7 25 -22 -16 -5 -22 0 0 
0 0 0 14 0 0 0 36 0 21 13 0 8 0 0 0 4 0 0 -46 -14 -20 -20 0 -40 0 0 0 0 0 0 0 8 0 12 -3 -13 0 0 0 0 14 0 -16 0 0 -43 0 0 0 
0 0 1 0 -42 0 0 0 1 7 0 0 0 -32 -37 28 0 -33 0 34 0 0 2 0 23 -6 -32 32 0 0 16 1 -26 12 0 0 35 34 0 23 0 -16 -45 0 0 21 0 14 25 24 
13 7 0 0 38 7 0 -21 0 0 0 0 0 -2 7 0 0 3 24 0 -46 -13 -27 0 0 0 0 12 0 0 -2 -47 0 -3 0 -3 0 0 18 0 29 0 0 0 0 0 23 0 -17 -13 
-13 0 0 -5 0 -15 0 0 0 -7 -44 0 0 0 0 0 -6 -9 46 16 -48 0 -36 0 16 -12 -5 -34 0 0 14 0 -21 -13 35 0 0 -4 38 0 -36 -4 0 41 14 0 0 -48 5 24 
0 0 0 0 0 -13 47 9 0 6 0 44 0 30 2 -47 49 30 -34 0 12 -7 0 0 0 0 -49 0 0 -5 0 0 -41 0 34 0 -4 0 0 0 -5 -24 0 -49 0 17 0 -45 21 0 
-41 0 -41 0 0 0 49 0 -47 0 -31 22 0 -6 42 0 0 -44 0 0 -30 1 0 -49 0 0 7 48 0 0 0 12 0 0 0 18 38 0 -15 0 0 -4 0 0 0 18 0 0 -17 35 
0 0 0 0 0 0 -16 0 0 2 0 0 0 26 -8 -23 -35 0 35 0 0 38 -14 47 0 0 8 -16 0 -36 0 0 0 0 23 0 0 0 0 0 0 0 -31 0 0 0 -18 0 0 0 
-47 -29 -31 41 0 0 -25 4 0 24 0 19 21 -12 13 0 39 -10 0 0 39 0 -7 0 0 0 -11 28 -9 -8 0 0 25 0 0 29 -36 -5 0 0 -20 0 -36 0 -20 0 0 0 0 -17 
-21 -28 43 39 0 -28 0 48 29 0 36 0 38 27 -11 0 26 22 -8 0 -37 47 0 -43 16 0 0 -21 -10 -43 0 0 30 14 -16 0 -4 -24 -4 0 0 46 0 -5 0 -8 4 0 -11 33 
32 0 0 0 14 32 -7 -11 0 -35 0 16 0 0 0 0 -48 9 -29 8 0 0 -1 -23 0 32 0 -26 -36 0 0 0 -7 0 -45 0 0 0 0 -31 -36 0 0 0 0 33 0 0 -6 22 
0 -3 0 0 -14 0 0 0 -25 28 0 48 0 0 0 0 16 0 -47 25 0 8 34 0 23 -13 -49 0 11 0 -17 34 25 -16 0 0 41 -49 0 0 0 -5 0 32 39 0 0 0 0 0 
-21 -3 0 0 0 46 0 -14 0 36 0 0 -24 0 22 0 -33 -49 48 9 0 16 -19 0 -11 -29 -31 0 -15 -13 0 0 -22 0 0 0 14 0 0 0 -20 0 0 39 -18 22 0 0 27 43 
-12 0 20 -47 0 36 25 -2 0 35 0 43 9 -8 0 0 41 0 0 4 22 46 0 0 0 45 0 0 0 0 6 0 -16 0 21 0 0 17 18 0 0 -8 33 0 22 -48 23 -28 0 0 
36 0 -48 0 -36 30 0 21 37 0 -33 0 0 -31 0 18 -14 -49 38 0 0 2 0 37 -8 7 0 -44 0 38 -10 -8 -5 -43 0 23 0 0 0 -18 0 4 0 0 0 23 0 0 16 0 
0 0 -8 -32 0 0 0 0 0 0 36 19 37 0 3 0 0 0 0 -38 0 39 11 -38 26 -22 26 0 -17 0 0 0 -22 0 14 0 -48 -45 0 0 0 0 0 0 0 -28 0 13 4 0 
-24 0 0 7 -10 0 -23 32 -4 0 -40 0 -9 0 -38 0 -42 0 0 20 -14 -49 0 27 39 -20 -25 0 0 13 0 -44 0 0 25 -17 5 21 -17 0 0 -11 -6 0 27 0 16 4 44 0 
0 0 -2 0 46 0 -45 -44 -20 16 0 0 -13 -12 0 0 0 0 27 0 -5 0 0 0 0 -26 -49 -42 0 0 0 0 0 0 24 -13 24 0 35 0 -17 33 22 0 43 0 0 0 0 0 
