40
-39 -45 0 31 -8 -12 44 15 5 27 15 0 33 -33 26 -8 -49 -35 32 -48 0 47 -25 -40 -33 25 -47 -42 33 -25 -14 17 -7 -44 -21 23 39 -16 7 21 
0 0 40 0 3 -17 0 -17 45 -21 16 17 42 -10 23 -39 2 -2 -22 35 -27 -36 -35 13 -13 37 -19 -44 -19 35 -21 -12 36 -41 14 -6 46 8 1 -15 
0 -23 -32 3 -30 -6 -29 -40 31 -37 -10 -36 4 16 0 -42 -23 -19 -27 -46 -29 -28 -11 -7 0 29 41 -12 -31 -22 1 -8 15 46 -47 44 -47 -11 26 39 
40 -32 -17 -29 -32 -10 0 2 0 -26 0 15 45 -47 0 7 -8 -17 0 -29 42 23 35 -20 40 6 23 -49 9 46 0 43 23 6 0 2 16 -36 -42 -45 
0 3 -29 44 -44 31 -19 -21 11 -39 -4 48 -40 -48 31 0 0 -32 7 -2 16 10 14 45 10 -42 -12 -4 29 45 44 47 5 -9 0 -9 -5 -43 14 47 
3 -30 -32 -44 -30 -4 35 31 -36 41 0 46 0 25 -48 -25 12 0 46 -28 -41 -25 8 38 0 0 0 -37 0 25 47 -38 13 -33 40 31 32 9 19 27 
-17 -6 -10 31 -4 5 0 0 45 -42 -5 -3 27 -45 49 -16 -44 0 20 0 21 -30 42 30 -13 -46 4 -37 0 0 -45 47 49 -16 -25 1 1 25 -36 -45 
0 -29 0 -19 35 0 -25 38 2 15 -47 7 1 38 -18 -23 48 7 -13 41 35 -45 28 9 21 0 36 -41 -10 -47 -20 -12 25 3 12 41 -27 32 -44 23 
-17 -40 2 -21 31 0 38 0 0 30 3 -36 0 40 -47 -5 40 -42 42 -32 -28 40 1 -26 -47 9 0 -25 -41 -16 -4 -20 5 26 -22 29 38 37 -7 20 
45 31 0 11 -36 45 2 0 -44 -3 -49 45 -18 33 -49 0 23 47 16 0 21 7 0 -7 6 -8 10 -19 -26 2 1 -9 35 16 -10 -15 45 -26 -39 7 
-21 -37 -26 -39 41 -42 15 30 -3 0 44 35 27 -10 -14 -9 46 0 28 -35 0 13 5 21 30 -42 -22 25 35 0 24 -9 36 24 0 45 -15 48 -35 -29 
16 -10 0 -4 0 -5 -47 3 -49 44 -5 -46 30 23 -31 -46 34 35 47 40 7 7 11 19 26 0 48 32 -38 -16 -12 -48 -12 -45 -11 22 34 0 8 41 
17 -36 15 48 46 -3 7 -36 45 35 -46 49 0 -10 -43 -28 -25 -35 -2 8 5 13 21 38 -33 45 -28 37 -9 -13 -14 0 28 -44 36 -47 0 37 44 19 
42 4 45 -40 0 27 1 0 -18 27 30 0 -21 25 -23 -33 7 -33 29 41 36 11 45 7 47 -21 20 5 -33 -33 0 -47 10 34 -10 48 28 48 -34 -49 
-10 16 -47 -48 25 -45 38 40 33 -10 23 -10 25 -38 14 -35 47 41 -37 7 -34 -22 1 34 -3 28 22 -9 -46 15 -24 6 0 -14 0 -7 -45 -9 -48 25 
23 0 0 31 -48 49 -18 -47 -49 -14 -31 -43 -23 14 0 4 0 28 24 -23 -23 37 11 18 0 -13 -20 -26 9 4 -15 13 41 49 4 32 37 -23 -35 39 
-39 -42 7 0 -25 -16 -23 -5 0 -9 -46 -28 -33 -35 4 26 -48 16 -33 41 -14 39 17 -20 1 -29 0 24 34 0 -12 -35 -21 -45 -35 -39 -7 28 35 -10 
2 -23 -8 0 12 -44 48 40 23 46 34 -25 7 47 0 -48 22 9 9 49 -32 -30 -10 -31 31 -44 12 6 -3 25 -41 30 -8 -22 -24 47 17 -49 -8 -29 
-2 -19 -17 -32 0 0 7 -42 47 0 35 -35 -33 41 28 16 9 -47 48 30 -19 27 33 -23 -41 0 0 -41 -22 -12 0 -31 8 35 0 34 -8 -30 -6 8 
-22 -27 0 7 46 20 -13 42 16 28 47 -2 29 -37 24 -33 9 48 25 9 4 -49 -24 11 22 -17 13 -5 49 12 0 22 31 0 -46 -48 12 -30 -20 -31 
35 -46 -29 -2 -28 0 41 -32 0 -35 40 8 41 7 -23 41 49 30 9 20 -2 1 -14 -5 -7 28 49 -43 -1 0 -9 -49 -46 26 -13 9 0 1 38 38 
-27 -29 42 16 -41 21 35 -28 21 0 7 5 36 -34 -23 -14 -32 -19 4 -2 -20 19 47 2 48 -49 -33 6 3 0 0 1 -43 -47 -39 -2 -20 2 -27 -36 
-36 -28 23 10 -25 -30 -45 40 7 13 7 13 11 -22 37 39 -30 27 -49 1 19 38 40 0 21 -31 17 -29 -42 -21 40 0 4 16 -39 0 -7 -34 -31 -15 
-35 -11 35 14 8 42 28 1 0 5 11 21 45 1 11 17 -10 33 -24 -14 47 40 -43 -23 -1 37 -38 27 -8 0 -49 0 24 -1 39 -25 -28 17 34 0 
13 -7 -20 45 38 30 9 -26 -7 21 19 38 7 34 18 -20 -31 -23 11 -5 2 0 -23 27 9 23 -11 1 0 10 -25 -29 0 28 -22 36 48 -1 0 -18 
-13 0 40 10 0 -13 21 -47 6 30 26 -33 47 -3 0 1 31 -41 22 -7 48 21 -1 9 2 -14 0 32 -13 -29 45 7 -22 -20 -26 -8 43 0 -47 -13 
37 29 6 -42 0 -46 0 9 -8 -42 0 45 -21 28 -13 -29 -44 0 -17 28 -49 -31 37 23 -14 0 -32 9 15 20 -32 -49 -43 -49 -31 31 44 -49 -9 14 
-19 41 23 -12 0 4 36 0 10 -22 48 -28 20 22 -20 0 12 0 13 49 -33 17 -38 -11 0 -32 28 -48 -10 32 12 -34 -20 -37 0 28 -21 -26 -46 -44 
-44 -12 -49 -4 -37 -37 -41 -25 -19 25 32 37 5 -9 -26 24 6 -41 -5 -43 6 -29 27 1 32 9 -48 5 19 14 -23 28 -11 28 -6 -37 5 -37 -44 -23 
-19 -31 9 29 0 0 -10 -41 -26 35 -38 -9 -33 -46 9 34 -3 -22 49 -1 3 -42 -8 0 -13 15 -10 19 -31 -17 7 -46 37 8 0 0 -5 19 -9 -25 
35 -22 46 45 25 0 -47 -16 2 0 -16 -13 -33 15 4 0 25 -12 12 0 0 -21 0 10 -29 20 32 14 -17 42 -13 0 38 44 -17 0 44 -23 16 -2 
-21 1 0 44 47 -45 -20 -4 1 24 -12 -14 0 -24 -15 -12 -41 0 0 -9 0 40 -49 -25 45 -32 12 -23 7 -13 14 -2 0 48 -30 6 -10 36 0 41 
-12 -8 43 47 -38 47 -12 -20 -9 -9 -48 0 -47 6 13 -35 30 -31 22 -49 1 0 0 -29 7 -49 -34 28 -46 0 -2 20 1 11 12 -16 0 34 -36 23 
36 15 23 5 13 49 25 5 35 36 -12 28 10 0 41 -21 -8 8 31 -46 -43 4 24 0 -22 -43 -20 -11 37 38 0 1 -44 5 4 25 40 -37 -22 -20 
-41 46 6 -9 -33 -16 3 26 16 24 -45 -44 34 -14 49 -45 -22 35 0 26 -47 16 -1 28 -20 -49 -37 28 8 44 48 11 5 8 41 46 -13 0 -16 -5 
14 -47 0 0 40 -25 12 -22 -10 0 -11 36 -10 0 4 -35 -24 0 -46 -13 -39 -39 39 -22 -26 -31 0 -6 0 -17 -30 12 4 41 -22 43 12 -3 -13 -10 
-6 44 2 -9 31 1 41 29 -15 45 22 -47 48 -7 32 -39 47 34 -48 9 -2 0 -25 36 -8 31 28 -37 0 0 6 -16 25 46 43 24 0 1 0 -32 
46 -47 16 -5 32 1 -27 38 45 -15 34 0 28 -45 37 -7 17 -8 12 0 -20 -7 -28 48 43 44 -21 5 -5 44 -10 0 40 -13 12 0 -17 20 -18 0 
8 -11 -36 -43 9 25 32 37 -26 48 0 37 48 -9 -23 28 -49 -30 -30 1 2 -34 17 -1 0 -49 -26 -37 19 -23 36 34 -37 0 -3 1 20 34 -28 -40 
1 26 -42 14 19 -36 -44 -7 -39 -35 8 44 -34 -48 -35 35 -8 -6 -20 38 -27 -31 34 0 -47 -9 -46 -44 -9 16 0 -36 -22 -16 -13 0 -18 -28 0 -25 
-15 39 -45 47 27 -45 23 20 7 -29 41 19 -49 25 39 -10 -29 8 -31 38 -36 -15 0 -18 -13 14 -44 -23 -25 -2 41 23 -20 -5 -10 -32 0 -40 -25 32 
