40
-15 46 -42 0 33 -30 19 -20 26 27 7 4 0 0 -15 -31 0 0 0 -31 49 -9 0 46 -34 0 4 0 19 -9 0 42 49 0 0 46 -7 23 34 45 
-4 -6 -14 48 0 -8 29 49 -44 -25 -1 0 0 0 -29 -45 42 9 -20 22 -27 0 10 36 -32 48 -30 -7 0 0 30 -21 5 0 37 0 29 22 0 22 
-6 -7 0 0 -24 0 20 0 40 16 0 27 40 -31 -16 0 -33 0 -5 17 36 -1 21 -10 0 4 0 0 -39 17 -6 17 0 -23 -12 -37 0 36 0 -37 
-14 0 -30 0 5 -16 35 41 -16 48 6 0 -42 22 -30 0 -45 -41 10 0 0 0 -36 0 0 -43 30 0 -2 13 -4 0 -16 6 0 39 0 0 0 0 
48 0 0 11 33 -46 -29 -48 15 0 19 -28 -26 43 -11 -49 37 0 48 17 29 -4 8 0 34 0 0 5 41 -47 3 0 1 0 47 13 -23 0 31 11 
0 -24 5 33 0 -22 -8 0 -38 -24 5 0 0 0 37 0 9 0 0 -9 17 0 0 -31 -35 -5 47 41 43 37 48 0 47 -39 0 -6 0 0 19 29 
-8 0 -16 -46 -22 9 0 -2 2 22 49 14 0 6 29 -2 0 0 13 18 -19 0 0 38 0 -45 49 -41 17 -33 2 -20 0 -6 36 -25 -8 -40 -12 -18 
29 20 35 -29 -8 0 0 -48 35 0 -8 0 0 0 20 43 18 0 0 -19 -6 -41 25 0 0 2 -23 44 -44 0 0 40 0 0 48 27 0 0 -8 -26 
49 0 41 -48 0 -2 -48 16 0 -42 0 -35 0 29 0 36 10 -31 11 30 0 21 0 -35 40 0 22 27 40 -8 31 31 0 13 0 0 0 -14 33 0 
-44 40 -16 15 -38 2 35 0 21 0 0 46 -17 27 -31 0 0 0 -16 28 0 0 -18 34 -19 -11 0 0 0 46 0 29 28 -8 0 -44 1 -49 0 0 
-25 16 48 0 -24 22 0 -42 0 13 -17 14 0 0 0 0 0 -41 14 0 0 0 3 -36 0 34 -43 -11 -30 44 -44 0 0 27 12 2 7 -8 39 -42 
-1 0 6 19 5 49 -8 0 0 -17 0 0 0 0 32 0 0 49 -5 1 0 3 0 1 0 -45 38 44 -33 -21 11 19 0 0 41 -44 48 9 13 -28 
0 27 0 -28 0 14 0 -35 46 14 0 -43 0 19 -39 -38 -49 10 0 40 23 -32 9 0 -46 0 -17 0 0 -19 -26 0 -5 0 0 10 0 -26 0 0 
0 40 -42 -26 0 0 0 0 -17 0 0 0 0 -29 -47 -18 2 0 -14 -21 2 -41 -49 -12 -37 0 0 0 19 0 0 15 -43 40 2 -33 -32 0 -24 0 
0 -31 22 43 0 6 0 29 27 0 0 19 -29 39 -20 0 0 3 48 0 -19 0 -26 0 -35 -33 31 32 -43 0 0 -26 4 21 -17 0 35 40 36 7 
-29 -16 -30 -11 37 29 20 0 -31 0 32 -39 -47 -20 0 0 0 0 0 -39 -21 29 2 -18 0 41 -21 0 0 -23 36 0 -42 47 25 -29 0 -15 -38 0 
-45 0 0 -49 0 -2 43 36 0 0 0 -38 -18 0 0 0 -36 0 48 0 0 0 -18 -32 0 -13 0 -40 0 0 0 0 0 0 -46 -9 0 -46 40 0 
42 -33 -45 37 9 0 18 10 0 0 0 -49 2 0 0 -36 36 0 27 44 -40 12 0 0 0 0 33 0 -1 0 0 -9 45 5 0 0 0 0 0 0 
9 0 -41 0 0 0 0 -31 0 -41 49 10 0 3 0 0 0 -39 -32 0 18 22 14 -11 0 -11 11 0 16 0 0 0 14 0 0 35 41 -22 -9 29 
-20 -5 10 48 0 13 0 11 -16 14 -5 0 -14 48 0 48 27 -32 5 10 -41 17 -34 0 0 0 0 0 -14 -26 14 40 0 0 49 0 18 0 0 43 
22 17 0 17 -9 18 -19 30 28 0 1 40 -21 0 -39 0 44 0 10 -10 -31 36 44 -41 32 43 0 0 0 -41 13 0 -3 0 -44 -13 12 0 0 39 
-27 36 0 29 17 -19 -6 0 0 0 0 23 2 -19 -21 0 -40 18 -41 -31 -32 -21 -18 40 1 1 14 14 -4 0 10 0 -10 -8 -25 -21 0 28 -14 0 
0 -1 0 -4 0 0 -41 21 0 0 3 -32 -41 0 29 0 12 22 17 36 -21 -32 -39 0 7 0 0 -34 22 -16 0 -42 11 38 0 0 0 -31 43 0 
10 21 -36 8 0 0 25 0 -18 3 0 9 -49 -26 2 -18 0 14 -34 44 -18 -39 8 13 -37 0 36 -39 -2 0 35 -26 0 49 0 32 0 0 -12 -26 
36 -10 0 0 -31 38 0 -35 34 -36 1 0 -12 0 -18 -32 0 -11 0 -41 40 0 13 0 42 -38 3 42 0 -35 0 26 20 0 -17 0 0 0 1 0 
-32 0 0 34 -35 0 0 40 -19 0 0 -46 -37 -35 0 0 0 0 0 32 1 7 -37 42 15 -21 0 -33 0 34 0 -44 40 26 -14 0 49 34 0 0 
48 4 -43 0 -5 -45 2 0 -11 34 -45 0 0 -33 41 -13 0 -11 0 43 1 0 0 -38 -21 22 0 -27 -30 -1 -7 -2 0 -15 -15 0 0 0 0 0 
-30 0 30 0 47 49 -23 22 0 -43 38 -17 0 31 -21 0 33 11 0 0 14 0 36 3 0 0 0 0 0 -6 1 34 0 0 0 -46 0 -44 21 0 
-7 0 0 5 41 -41 44 27 0 -11 44 0 0 32 0 -40 0 0 0 0 14 -34 -39 42 -33 -27 0 36 2 0 42 0 -34 -16 13 10 18 29 41 0 
0 -39 -2 41 43 17 -44 40 0 -30 -33 0 19 -43 0 0 -1 16 -14 0 -4 22 -2 0 0 -30 0 2 34 -42 42 20 -47 0 0 -6 0 -46 47 -28 
0 17 13 -47 37 -33 0 -8 46 44 -21 -19 0 0 -23 0 0 0 -26 -41 0 -16 0 -35 34 -1 -6 0 -42 -47 0 0 -20 3 -2 0 -1 28 20 21 
30 -6 -4 3 48 2 0 31 0 -44 11 -26 0 0 36 0 0 0 14 13 10 0 35 0 0 -7 1 42 42 0 -45 -17 0 9 0 0 0 0 0 7 
-21 17 0 0 0 -20 40 31 29 0 19 0 15 -26 0 0 -9 0 40 0 0 -42 -26 26 -44 -2 34 0 20 0 -17 -19 -22 17 13 -14 23 26 18 1 
5 0 -16 1 47 0 0 0 28 0 0 -5 -43 4 -42 0 45 14 0 -3 -10 11 0 20 40 0 0 -34 -47 -20 0 -22 -29 0 0 43 0 -14 0 0 
0 -23 6 0 -39 -6 0 13 -8 27 0 0 40 21 47 0 5 0 0 0 -8 38 49 0 26 -15 0 -16 0 3 9 17 0 0 -24 0 32 -24 0 0 
37 -12 0 47 0 36 48 0 0 12 41 0 2 -17 25 -46 0 0 49 -44 -25 0 0 -17 -14 -15 0 13 0 -2 0 13 0 -24 32 -33 -11 11 0 41 
0 -37 39 13 -6 -25 27 0 -44 2 -44 10 -33 0 -29 -9 0 35 0 -13 -21 0 32 0 0 0 -46 10 -6 0 0 -14 43 0 -33 0 0 0 6 0 
29 0 0 -23 0 -8 0 0 1 7 48 0 -32 35 0 0 0 41 18 12 0 0 0 0 49 0 0 18 0 -1 0 23 0 32 -11 0 41 28 13 0 
22 36 0 0 0 -40 0 -14 -49 -8 9 -26 0 40 -15 -46 0 -22 0 0 28 -31 0 0 34 0 -44 29 -46 28 0 26 -14 -24 11 0 28 16 -12 0 
0 0 0 31 19 -12 -8 33 0 39 13 0 -24 36 -38 40 0 -9 0 0 -14 43 -12 1 0 0 21 41 47 20 0 18 0 0 0 6 13 -12 -46 0 
22 -37 0 11 29 -18 -26 0 0 -42 -28 0 0 7 0 0 0 29 43 39 0 0 -26 0 0 0 0 0 -28 21 7 1 0 0 41 0 0 0 0 38 
