60
0 0 0 0 0 0 -42 0 0 0 0 0 0 34 0 0 0 0 0 0 0 0 0 -11 0 0 0 0 -15 -31 0 0 0 0 0 -36 3 11 0 0 0 0 0 0 0 0 0 0 0 0 0 0 -24 0 0 0 0 -45 0 0 
0 27 0 23 34 0 0 0 0 0 0 0 9 0 0 0 0 0 0 -8 29 0 0 0 0 0 0 0 0 0 0 0 0 0 0 0 0 0 0 0 0 0 42 0 0 0 -20 0 19 0 0 0 0 0 0 0 0 0 -32 0 
27 0 0 -30 0 0 0 0 0 30 0 0 -4 34 0 0 0 0 0 29 0 20 0 0 0 0 0 0 0 0 0 0 -25 0 0 0 40 16 0 0 0 0 40 0 0 0 -16 0 -33 0 0 0 0 0 -40 0 0 -1 0 -9 
0 0 10 0 0 0 0 0 0 0 0 0 0 0 -6 0 0 0 0 0 0 0 -12 0 0 0 0 0 0 -37 0 7 0 0 0 0 0 0 0 0 35 0 0 0 0 0 0 0 0 0 0 0 0 0 0 0 0 0 0 11 
23 -30 0 0 0 0 -22 -37 0 0 0 0 0 -36 0 0 -43 30 0 -2 13 -4 0 -16 0 0 0 0 39 0 0 0 0 0 0 0 33 0 0 0 -29 0 0 0 15 0 0 0 25 0 0 0 0 0 0 0 0 0 0 -49 
34 0 0 0 0 -27 0 3 0 0 29 -4 0 3 34 0 0 0 -36 -20 -21 0 -35 0 30 -7 -29 -24 0 -3 0 -44 0 0 0 0 0 0 0 0 27 0 0 0 0 0 0 0 37 0 0 0 32 0 -29 0 -38 -31 -35 0 
0 0 0 0 -27 0 0 0 0 0 0 0 0 0 0 0 0 0 0 0 0 0 0 0 0 0 0 0 0 0 0 0 0 0 0 0 0 0 0 0 0 0 -49 -2 2 0 28 -4 21 0 0 0 0 0 0 0 0 0 0 0 
0 0 0 -22 0 0 0 0 5 0 0 18 -19 0 0 0 5 -45 49 -41 17 0 0 0 0 0 -3 0 0 0 0 -30 0 0 0 0 -8 0 0 0 0 0 0 0 0 39 45 0 0 32 0 0 20 43 18 0 0 0 0 0 
0 0 0 -37 3 0 0 0 0 0 0 0 0 0 0 0 0 0 2 -23 0 0 0 0 0 0 0 0 0 0 7 0 0 0 0 0 0 0 0 -8 0 43 0 -22 0 23 0 0 0 0 0 0 0 36 0 27 0 0 11 0 
0 0 0 0 0 0 5 0 0 0 0 21 0 -35 0 0 0 0 22 0 -5 0 0 0 4 0 0 0 0 0 0 0 0 0 0 0 0 0 0 0 0 0 0 0 21 0 0 0 0 0 -17 0 0 0 0 0 0 0 0 0 
0 30 0 0 0 0 0 0 0 0 0 0 28 0 0 -18 0 0 0 0 0 0 0 -20 0 0 0 32 0 0 0 0 0 0 0 0 0 0 0 0 0 0 -19 -35 0 0 0 0 0 0 0 0 11 0 0 0 0 0 0 0 
0 0 0 0 29 0 0 0 0 0 14 0 0 0 3 0 0 0 0 34 0 0 0 0 0 0 0 0 0 0 12 0 0 0 0 0 -16 0 0 0 0 0 7 0 0 0 0 0 0 0 0 -3 0 0 0 0 0 0 0 0 
0 0 0 0 -4 0 18 0 21 0 0 0 0 0 0 0 0 0 -13 0 18 0 0 0 -45 38 0 0 -35 0 0 0 0 11 19 0 0 0 0 0 0 0 0 48 9 0 0 0 0 0 -7 0 0 0 0 0 -39 -38 0 0 
9 -4 0 0 0 0 -19 0 0 28 0 0 0 0 0 0 0 0 8 0 0 0 0 -38 0 0 0 0 0 0 -17 0 0 0 -33 0 0 0 0 0 0 0 0 0 0 -47 10 0 0 -29 0 0 0 -18 0 5 0 0 3 0 
0 34 0 -36 3 0 0 0 -35 0 0 0 0 2 -41 -49 0 0 -3 11 0 0 0 0 0 0 0 -6 0 0 0 34 0 0 0 -23 0 0 0 -24 0 0 0 1 0 0 0 0 0 0 0 0 0 0 -19 0 0 0 0 0 
0 0 -6 0 34 0 0 0 0 0 3 0 0 -41 0 0 0 0 0 -28 0 32 -43 0 0 0 0 -22 44 0 0 0 0 0 0 0 0 0 0 0 0 0 0 0 0 0 0 0 0 0 0 0 0 0 0 0 -22 -18 0 0 
0 0 0 0 0 0 0 0 0 -18 0 0 0 -49 0 19 0 0 0 0 0 0 0 0 0 0 0 0 0 0 0 0 0 0 0 0 0 0 0 0 0 0 0 0 -15 0 0 -16 0 0 0 0 0 8 0 0 -18 0 0 0 
0 0 0 -43 0 0 5 0 0 0 0 0 0 0 0 0 0 0 0 0 0 -40 0 0 0 0 0 0 0 0 0 0 0 0 0 -46 0 0 0 0 0 0 -40 0 0 44 0 31 0 23 0 0 0 0 0 0 -1 0 0 0 
0 0 0 30 0 0 -45 0 0 0 0 0 0 0 0 0 0 0 0 45 0 0 0 0 0 0 0 0 0 0 0 -37 0 0 0 0 0 22 0 0 0 -11 0 0 0 0 0 0 0 0 16 0 0 0 14 0 0 35 41 0 
0 0 0 0 -36 0 49 2 22 0 0 -13 8 -3 0 0 0 0 0 0 0 0 6 0 0 0 0 0 0 0 -41 17 -34 0 0 0 0 0 0 22 44 0 0 0 0 0 0 0 0 -33 18 0 0 0 0 0 0 0 0 0 
-8 29 0 -2 -20 0 -41 -23 0 0 34 0 0 11 -28 0 0 45 0 0 0 0 44 0 0 0 32 0 0 0 0 0 0 0 0 0 13 0 0 0 0 0 -44 0 0 0 0 0 0 0 0 39 0 0 0 -21 -18 0 0 0 
29 0 0 13 -21 0 17 0 -5 0 0 18 0 0 0 0 0 0 0 0 0 0 0 1 14 0 0 0 0 0 0 0 0 0 0 0 0 0 0 0 25 0 0 0 1 20 28 0 0 13 -32 0 -49 0 0 0 0 0 0 0 
0 20 0 -4 0 0 0 0 0 0 0 0 0 0 32 0 -40 0 0 0 0 0 0 -16 0 -42 0 0 0 0 0 0 0 0 0 0 0 0 0 -20 0 0 0 0 0 31 0 0 36 0 0 0 -2 0 0 0 0 0 42 0 
0 0 -12 0 -35 0 0 0 0 0 0 0 0 0 -43 0 0 0 6 44 0 0 0 39 0 0 0 0 0 0 0 0 0 0 27 0 0 3 0 0 0 0 -35 0 26 0 0 0 0 0 -15 0 0 1 0 15 0 0 0 0 
0 0 0 -16 0 0 0 0 0 -20 0 0 -38 0 0 0 0 0 0 0 1 -16 39 0 -25 0 13 -44 0 0 0 0 0 -35 0 0 0 -27 8 0 22 0 0 0 0 0 8 0 0 0 0 0 0 29 0 -37 -10 0 0 0 
0 0 0 0 30 0 0 0 4 0 0 -45 0 0 0 0 0 0 0 0 14 0 0 -25 0 0 0 0 -6 0 0 0 0 0 0 0 0 0 0 0 0 0 0 0 0 0 0 0 0 36 2 0 0 0 0 0 0 0 13 0 
0 0 0 0 -7 0 0 0 0 0 0 38 0 0 0 0 0 0 0 0 0 -42 0 0 0 0 0 0 0 0 0 18 0 -25 0 0 0 34 0 0 0 42 20 0 0 0 0 0 -6 0 0 0 0 47 0 34 0 0 0 0 
0 0 0 0 -29 0 -3 0 0 0 0 0 0 0 0 0 0 0 0 32 0 0 0 13 0 0 -20 3 -2 0 0 0 0 0 34 46 -2 0 0 0 0 0 0 9 0 0 0 0 0 7 0 0 0 0 0 0 17 13 0 0 
0 0 0 0 -24 0 0 0 0 32 0 0 0 -6 -22 0 0 0 0 0 0 0 0 -44 0 0 3 0 0 0 14 0 0 0 -44 0 -29 0 0 0 0 0 0 -14 0 0 0 -24 0 32 0 0 1 0 0 0 -33 0 0 6 
0 0 0 39 0 0 0 0 0 0 0 -35 0 0 44 0 0 0 0 0 0 0 0 0 -6 0 -2 0 0 0 41 0 0 0 0 0 -4 0 0 28 0 0 0 0 0 0 27 0 0 0 41 0 0 0 -47 0 42 0 0 0 
0 0 -37 0 -3 0 0 0 0 0 0 0 0 0 0 0 0 0 0 0 0 0 0 0 0 0 0 0 0 0 0 43 0 0 38 0 0 0 0 0 21 0 0 0 0 -16 10 0 0 2 0 0 0 0 0 0 0 0 0 -40 
0 0 0 0 0 0 0 7 0 0 12 0 -17 0 0 0 0 0 -41 0 0 0 0 0 0 0 0 14 41 0 0 0 0 0 0 0 -17 0 0 0 0 0 -1 0 0 0 0 21 0 0 0 0 0 0 0 0 0 0 0 0 
0 0 7 0 -44 0 -30 0 0 0 0 0 0 34 0 0 0 -37 17 0 0 0 0 0 0 18 0 0 0 43 0 0 0 0 0 0 -15 7 0 0 0 0 0 -34 -39 0 19 0 0 24 0 0 0 0 0 0 31 0 0 0 
0 -25 0 0 0 0 0 0 0 0 0 0 0 0 0 0 0 0 -34 0 0 0 0 0 0 0 0 0 0 0 0 0 0 0 -38 0 0 48 0 0 5 0 0 0 -25 34 0 -26 0 0 0 0 0 0 0 0 0 0 0 0 
0 0 0 0 0 0 0 0 0 0 0 11 0 0 0 0 0 0 0 0 0 0 0 -35 0 -25 0 0 0 0 0 0 0 0 18 0 0 0 0 -12 0 10 -20 0 0 0 0 0 0 0 0 0 0 0 0 0 0 0 0 0 
0 0 0 0 0 0 0 0 0 0 0 19 -33 0 0 0 0 0 0 0 0 0 27 0 0 0 34 -44 0 38 0 0 -38 18 -42 0 0 0 0 0 0 0 0 0 0 0 0 0 0 0 0 0 10 0 0 0 0 -21 0 -34 
0 0 0 0 0 0 0 0 0 0 0 0 0 -23 0 0 -46 0 0 0 0 0 0 0 0 0 46 0 0 0 0 0 0 0 0 0 0 0 0 0 9 0 0 14 0 0 24 0 0 0 -4 0 0 0 0 48 0 -41 0 0 
0 40 0 33 0 0 -8 0 0 0 -16 0 0 0 0 0 0 0 0 13 0 0 0 0 0 0 -2 -29 -4 0 -17 -15 0 0 0 0 0 0 0 0 0 0 33 0 0 0 0 0 39 42 0 0 0 0 0 0 0 0 0 0 
0 16 0 0 0 0 0 0 0 0 0 0 0 0 0 0 0 22 0 0 0 0 3 -27 0 34 0 0 0 0 0 7 48 0 0 0 0 0 0 0 0 0 -49 0 0 0 0 0 -26 31 0 0 0 0 0 0 0 0 0 0 
0 0 0 0 0 0 0 0 0 0 0 0 0 0 0 0 0 0 0 0 0 0 0 8 0 0 0 0 0 0 0 0 0 0 0 0 0 0 0 0 0 0 0 39 0 43 0 39 0 0 0 0 0 0 6 -27 0 36 -18 0 
0 0 0 0 0 0 0 -8 0 0 0 0 0 -24 0 0 0 0 22 0 0 -20 0 0 0 0 0 0 28 0 0 0 0 -12 0 0 0 0 0 0 0 0 0 0 0 0 0 0 0 0 0 0 0 -5 0 0 9 0 0 0 
0 0 35 -29 27 0 0 0 0 0 0 0 0 0 0 0 0 0 44 0 25 0 0 22 0 0 0 0 0 21 0 0 5 0 0 9 0 0 0 0 -8 -35 0 0 2 0 0 0 -20 0 18 0 0 0 0 0 0 0 0 0 
0 0 0 0 0 0 0 43 0 0 0 0 0 0 0 0 0 -11 0 0 0 0 0 0 0 42 0 0 0 0 0 0 0 10 0 0 0 0 0 0 -35 0 4 0 0 0 0 -22 0 0 0 0 0 -29 -27 0 0 -14 0 0 
42 40 0 0 0 -49 0 0 0 -19 7 0 0 0 0 0 -40 0 0 -44 0 0 -35 0 0 20 0 0 0 0 -1 0 0 -20 0 0 33 -49 0 0 0 4 0 0 32 -47 0 0 0 0 0 0 0 0 0 0 -24 0 9 0 
0 0 0 0 0 -2 0 -22 0 -35 0 48 0 1 0 0 0 0 0 0 0 0 0 0 0 0 9 -14 0 0 0 -34 0 0 0 14 0 0 39 0 0 0 0 0 0 0 0 29 0 0 0 11 0 0 0 0 0 0 0 0 
0 0 0 15 0 2 0 0 21 0 0 9 0 0 0 -15 0 0 0 0 1 0 26 0 0 0 0 0 0 0 0 -39 -25 0 0 0 0 0 0 0 2 0 32 0 0 0 0 0 -24 0 0 0 0 0 0 0 -37 -28 0 0 
0 0 0 0 0 0 39 23 0 0 0 0 -47 0 0 0 44 0 0 0 20 31 0 0 0 0 0 0 0 -16 0 0 34 0 0 0 0 0 43 0 0 0 -47 0 0 10 0 -10 0 0 0 0 0 0 0 0 0 0 -22 0 
-20 -16 0 0 0 28 45 0 0 0 0 0 10 0 0 0 0 0 0 0 28 0 0 8 0 0 0 0 27 10 0 19 0 0 0 24 0 0 0 0 0 0 0 0 0 0 44 0 0 0 0 0 31 0 0 0 0 -23 0 0 
0 0 0 0 0 -4 0 0 0 0 0 0 0 0 0 -16 31 0 0 0 0 0 0 0 0 0 0 -24 0 0 21 0 -26 0 0 0 0 0 39 0 0 -22 0 29 0 -10 0 0 0 35 0 0 0 0 0 0 0 0 -23 0 
19 -33 0 25 37 21 0 0 0 0 0 0 0 0 0 0 0 0 0 0 0 36 0 0 0 -6 0 0 0 0 0 0 0 0 0 0 39 -26 0 0 -20 0 0 0 -24 0 0 0 -47 0 0 0 -44 0 0 0 0 0 0 0 
0 0 0 0 0 0 32 0 0 0 0 0 -29 0 0 0 23 0 -33 0 13 0 0 0 36 0 7 32 0 2 0 24 0 0 0 0 42 31 0 0 0 0 0 0 0 0 0 35 0 0 0 0 0 -49 -32 0 0 0 -27 0 
0 0 0 0 0 0 0 0 -17 0 0 -7 0 0 0 0 0 16 18 0 -32 0 -15 0 2 0 0 0 41 0 0 0 0 0 0 -4 0 0 0 0 18 0 0 0 0 0 0 0 0 0 0 0 0 0 0 0 0 -40 0 0 
0 0 0 0 0 0 0 0 0 0 -3 0 0 0 0 0 0 0 0 39 0 0 0 0 0 0 0 0 0 0 0 0 0 0 0 0 0 0 0 0 0 0 0 11 0 0 0 0 0 0 0 44 0 0 0 0 0 0 0 0 
0 0 0 0 32 0 20 0 0 11 0 0 0 0 0 0 0 0 0 0 -49 -2 0 0 0 0 0 1 0 0 0 0 0 0 10 0 0 0 0 0 0 0 0 0 0 0 31 0 -44 0 0 0 0 0 0 0 -26 0 0 35 
0 0 0 0 0 0 43 36 0 0 0 0 -18 0 0 8 0 0 0 0 0 0 1 29 0 47 0 0 0 0 0 0 0 0 0 0 0 0 0 -5 0 -29 0 0 0 0 0 0 0 -49 0 0 0 0 9 0 0 0 0 0 
0 -40 0 0 -29 0 18 0 0 0 0 0 0 -19 0 0 0 14 0 0 0 0 0 0 0 0 0 0 -47 0 0 0 0 0 0 0 0 0 6 0 0 -27 0 0 0 0 0 0 0 -32 0 0 0 9 0 0 0 0 0 0 
0 0 0 0 0 0 0 27 0 0 0 0 5 0 0 0 0 0 0 -21 0 0 15 -37 0 34 0 0 0 0 0 0 0 0 0 48 0 0 -27 0 0 0 0 0 0 0 0 0 0 0 0 0 0 0 0 0 -37 0 0 0 
0 0 0 0 -38 0 0 0 0 0 0 -39 0 0 -22 -18 -1 0 0 -18 0 0 0 -10 0 0 17 -33 42 0 0 31 0 0 0 0 0 0 0 9 0 0 -24 0 -37 0 0 0 0 0 0 0 -26 0 0 -37 0 0 0 0 
0 -1 0 0 -31 0 0 0 0 0 0 -38 0 0 -18 0 0 35 0 0 0 0 0 0 0 0 13 0 0 0 0 0 0 0 -21 -41 0 0 36 0 0 -14 0 0 -28 0 -23 0 0 0 -40 0 0 0 0 0 0 0 0 0 
-32 0 0 0 -35 0 0 11 0 0 0 0 3 0 0 0 0 41 0 0 0 42 0 0 13 0 0 0 0 0 0 0 0 0 0 0 0 0 -18 0 0 0 9 0 0 -22 0 -23 0 -27 0 0 0 0 0 0 0 0 0 0 
0 -9 11 -49 0 0 0 0 0 0 0 0 0 0 0 0 0 0 0 0 0 0 0 0 0 0 0 6 0 -40 0 0 0 0 -34 0 0 0 0 0 0 0 0 0 0 0 0 0 0 0 0 0 35 0 0 0 0 0 0 -25 
