40
0 -15 0 19 0 -17 25 0 0 0 0 0 0 -11 31 0 0 0 0 0 0 0 0 0 -11 0 0 0 0 -6 0 0 0 0 0 3 22 0 -29 0 
0 9 0 -6 0 0 14 25 43 -36 -21 11 0 0 0 -43 0 0 0 0 -34 0 0 3 0 -48 43 0 0 0 0 0 16 0 41 0 -35 0 -20 0 
9 0 0 0 -15 -26 -47 0 0 -15 0 0 0 0 -17 0 11 36 0 0 0 -21 0 41 44 0 0 -41 0 13 0 0 0 0 -26 3 29 0 -8 0 
0 0 24 2 0 0 0 0 15 42 0 0 0 -32 0 48 -24 -45 40 0 -42 45 -39 20 0 0 -37 0 0 -8 -1 14 0 -28 0 29 -41 33 -42 0 
-6 0 2 0 0 0 0 -45 0 -34 0 0 -35 0 0 -29 -29 0 -40 0 -9 0 0 -13 0 0 0 -40 0 0 0 0 0 0 0 0 -46 0 0 -34 
0 -15 0 0 45 10 0 0 0 0 0 43 -8 -31 0 0 -18 15 8 -2 0 12 -34 0 0 0 0 0 0 0 0 0 0 0 0 -38 0 0 38 0 
0 -26 0 0 10 21 0 -8 -15 0 0 -49 -49 -17 0 -35 -49 -26 0 18 0 0 0 -49 0 0 -26 0 0 0 -46 0 0 0 0 -1 0 0 2 0 
14 -47 0 0 0 0 -29 0 0 0 0 0 12 0 0 0 0 0 0 -43 0 0 11 -4 0 0 0 0 0 44 -17 45 -6 0 0 -47 12 0 0 0 
25 0 0 -45 0 -8 0 0 0 0 -46 0 0 0 -18 11 0 4 0 0 0 15 0 0 0 -10 0 0 0 -47 -21 0 -41 16 0 0 0 -1 0 0 
43 0 15 0 0 -15 0 0 0 0 26 0 0 0 -5 5 0 0 0 0 0 0 0 0 38 22 -35 0 0 -45 -1 0 -37 14 0 -17 0 0 0 -18 
-36 -15 42 -34 0 0 0 0 0 20 0 -2 0 0 0 0 -47 0 27 0 0 0 -1 24 48 11 0 0 -48 0 -34 0 -35 0 0 0 43 0 41 -13 
-21 0 0 0 0 0 0 -46 26 0 0 0 13 0 -6 0 0 0 0 0 0 -13 21 0 28 18 0 0 0 0 0 0 9 0 0 0 0 0 0 0 
11 0 0 0 43 -49 0 0 0 -2 0 0 0 0 -21 0 23 -9 0 0 39 -37 0 0 -8 -3 0 0 -4 0 0 0 0 -12 0 0 0 0 34 -31 
0 0 0 -35 -8 -49 12 0 0 0 13 0 -37 0 -40 0 0 0 0 0 0 0 -18 0 -44 -27 0 0 11 0 27 0 0 0 0 17 0 0 0 0 
0 0 -32 0 -31 -17 0 0 0 0 0 0 0 -35 0 0 -35 0 0 8 -1 0 0 0 0 0 -49 0 0 17 0 0 0 1 -14 9 0 0 0 -17 
0 -17 0 0 0 0 0 -18 -5 0 -6 -21 -40 0 0 39 -20 0 3 0 -49 0 0 -43 0 37 48 0 0 0 0 0 -16 0 42 0 0 0 0 0 
-43 0 48 -29 0 -35 0 11 5 0 0 0 0 0 39 0 13 0 -37 24 23 0 2 0 0 0 0 0 0 0 0 16 0 0 0 0 0 -6 0 -14 
0 11 -24 -29 -18 -49 0 0 0 -47 0 23 0 -35 -20 13 0 0 29 0 -27 0 2 0 0 0 46 0 0 0 -12 0 40 0 12 -16 -8 -10 0 0 
0 36 -45 0 15 -26 0 4 0 0 0 -9 0 0 0 0 0 -34 0 0 0 0 0 0 19 16 0 29 14 13 -2 11 -10 -17 -17 0 -8 -16 0 0 
0 0 40 -40 8 0 0 0 0 27 0 0 0 0 3 -37 29 0 0 0 8 0 31 39 0 4 45 0 0 0 0 0 0 -34 21 0 0 6 0 0 
0 0 0 0 -2 18 -43 0 0 0 0 0 0 8 0 24 0 0 0 -25 0 -48 -8 0 0 0 0 -8 0 -43 0 8 0 0 26 34 -17 0 0 0 
-34 0 -42 -9 0 0 0 0 0 0 0 39 0 -1 -49 23 -27 0 8 0 0 0 0 0 -23 0 0 0 -40 0 0 0 0 -42 0 0 0 0 0 -17 
0 -21 45 0 12 0 0 15 0 0 -13 -37 0 0 0 0 0 0 0 -48 0 0 0 0 24 0 -31 24 0 25 0 -36 -47 -26 0 0 0 0 0 0 
0 0 -39 0 -34 0 11 0 0 -1 21 0 -18 0 0 2 2 0 31 -8 0 0 0 14 0 0 0 0 0 26 6 0 -16 -19 0 -44 0 -26 0 15 
3 41 20 -13 0 -49 -4 0 0 24 0 0 0 0 -43 0 0 0 39 0 0 0 14 -10 0 0 0 0 0 -29 -36 -32 -39 0 0 -20 0 0 -26 0 
0 44 0 0 0 0 0 0 38 48 28 -8 -44 0 0 0 0 19 0 0 -23 24 0 0 0 0 0 -3 0 9 0 0 -22 36 0 -41 0 0 0 16 
-48 0 0 0 0 0 0 -10 22 11 18 -3 -27 0 37 0 0 16 4 0 0 0 0 0 0 0 0 -10 0 -24 0 0 0 0 -35 35 -16 0 -39 0 
43 0 -37 0 0 -26 0 0 -35 0 0 0 0 -49 48 0 46 0 45 0 0 -31 0 0 0 0 0 -35 0 0 0 0 -29 -21 44 0 0 0 32 -39 
0 -41 0 -40 0 0 0 0 0 0 0 0 0 0 0 0 0 29 0 -8 0 24 0 0 -3 -10 -35 0 0 16 0 4 0 0 28 0 0 0 -47 -44 
0 0 0 0 0 0 0 0 0 -48 0 -4 11 0 0 0 0 14 0 0 -40 0 0 0 0 0 0 0 -30 0 0 0 0 0 11 -13 34 13 39 0 
0 13 -8 0 0 0 44 -47 -45 0 0 0 0 17 0 0 0 13 0 -43 0 25 26 -29 9 -24 0 16 0 0 48 -23 13 0 0 0 0 43 -6 0 
0 0 -1 0 0 -46 -17 -21 -1 -34 0 0 27 0 0 0 -12 -2 0 0 0 0 6 -36 0 0 0 0 0 48 -21 0 25 -43 0 0 0 -33 0 0 
0 0 14 0 0 0 45 0 0 0 0 0 0 0 0 16 0 11 0 8 0 -36 0 -32 0 0 0 4 0 -23 0 0 0 0 0 38 0 0 -21 20 
16 0 0 0 0 0 -6 -41 -37 -35 9 0 0 0 -16 0 40 -10 0 0 0 -47 -16 -39 -22 0 -29 0 0 13 25 0 -15 0 -33 0 31 45 -14 0 
0 0 -28 0 0 0 0 16 14 0 0 -12 0 1 0 0 0 -17 -34 0 -42 -26 -19 0 36 0 -21 0 0 0 -43 0 0 14 0 10 0 0 37 0 
41 -26 0 0 0 0 0 0 0 0 0 0 0 -14 42 0 12 -17 21 26 0 0 0 0 0 -35 44 28 11 0 0 0 -33 0 0 0 36 31 0 -29 
0 3 29 0 -38 -1 -47 0 -17 0 0 0 17 9 0 0 -16 0 0 34 0 0 -44 -20 -41 35 0 0 -13 0 0 38 0 10 0 -10 0 -20 0 44 
-35 29 -41 -46 0 0 12 0 0 43 0 0 0 0 0 0 -8 -8 0 -17 0 0 0 0 0 -16 0 0 34 0 0 0 31 0 36 0 0 0 0 0 
0 0 33 0 0 0 0 -1 0 0 0 0 0 0 0 -6 -10 -16 6 0 0 0 -26 0 0 0 0 0 13 43 -33 0 45 0 31 -20 0 0 0 0 
-20 -8 -42 0 38 2 0 0 0 41 0 34 0 0 0 0 0 0 0 0 0 0 0 -26 0 -39 32 -47 39 -6 0 -21 -14 37 0 0 0 0 0 -36 
0 0 0 -34 0 0 0 0 -18 -13 0 -31 0 -17 0 -14 0 0 0 0 -17 0 15 0 16 0 -39 -44 0 0 0 20 0 0 -29 44 0 0 -36 15 
