40
13 -27 0 36 -34 -43 0 -16 0 -11 31 36 0 0 0 -17 -11 0 35 -6 0 34 0 3 22 0 -29 0 20 7 6 16 16 -34 0 -36 -21 11 -29 -43 
0 21 -34 0 0 3 0 -48 43 10 0 0 16 -10 -26 -32 2 0 39 0 0 -15 -26 -47 -23 0 23 -7 -13 11 36 26 -21 0 41 44 -13 -26 13 0 
21 0 -11 45 -20 -49 -8 -42 -22 44 0 28 26 -38 0 -32 -24 39 -39 -14 35 0 40 31 0 20 0 11 0 0 0 -8 -1 14 0 -28 -40 -29 0 33 
-34 -11 -42 0 0 -27 -45 0 -34 0 0 -35 -6 -38 -7 -40 -9 0 0 49 0 27 -40 0 -20 24 0 -46 -25 22 -12 35 0 -28 0 -26 -11 0 -31 0 
0 45 0 33 0 15 8 -2 0 12 -34 -2 0 13 35 -5 3 22 -44 -5 -8 -15 0 0 -49 -49 -17 0 -35 -49 -26 30 19 0 -49 41 38 0 0 -46 
0 -20 0 0 0 -6 -1 7 10 -29 0 0 0 2 15 0 20 -15 -34 11 -4 0 0 0 -19 37 -38 0 9 47 -47 12 0 0 45 37 14 0 -18 11 
3 -49 -27 15 -6 -4 -47 0 15 0 0 -27 -17 -13 -15 0 37 -20 0 0 0 0 -1 48 -14 -45 0 -5 5 0 0 0 0 0 0 0 0 38 22 -35 
0 -8 -45 8 -1 -47 3 -45 0 -17 -47 0 -37 -37 0 19 2 18 36 0 19 0 8 -35 33 -1 0 -26 0 11 0 0 -48 0 -34 27 -11 34 0 -22 
-48 -42 0 -2 7 0 -45 -41 0 41 0 0 0 -6 12 0 -23 -16 0 -3 0 -48 -21 -48 44 24 -10 -20 0 0 -21 0 23 -9 0 0 39 -37 0 0 
43 -22 -34 0 10 15 0 0 -8 -3 -18 29 0 10 0 -29 0 0 34 -31 -37 -49 11 12 8 44 -44 -27 0 0 11 0 27 0 0 9 0 38 -10 -37 
10 44 0 12 -29 0 -17 41 -3 25 41 8 -1 0 0 0 18 0 0 -21 0 28 0 1 -14 9 44 -17 -6 0 -20 0 3 0 -49 40 0 22 -47 0 
0 0 0 -34 0 0 -47 0 -18 41 -2 -41 -16 0 42 0 0 38 6 43 -16 0 0 23 20 0 -31 -1 0 0 16 0 -2 0 -6 0 -14 -28 0 -37 
0 28 -35 -2 0 -27 0 0 29 8 -41 -14 2 0 -40 15 45 49 40 0 12 -16 -8 -10 0 41 0 -36 0 0 0 19 16 0 29 14 13 -2 11 -10 
16 26 -6 0 0 -17 -37 0 0 -1 -16 2 -17 -17 0 -8 -16 0 0 -4 0 0 18 -46 20 39 -12 -21 -35 12 0 0 -16 42 0 -25 7 -35 40 -40 
-10 -38 -38 13 2 -13 -37 -6 10 0 0 0 -17 37 -43 0 -43 26 34 -17 0 6 -17 0 -27 0 -6 -40 0 -43 -42 0 -49 -23 -42 28 -19 0 -30 0 
-26 0 -7 35 15 -15 0 12 0 0 42 -40 0 -43 0 25 41 -3 37 0 0 -32 32 0 0 14 -13 -42 22 33 -16 -19 -33 8 6 15 -10 0 26 0 
-32 -32 -40 -5 0 0 19 0 -29 0 0 15 -8 0 25 -29 -36 -32 -39 0 -33 -35 -26 0 20 -3 26 0 0 0 -22 36 -35 5 0 16 -40 9 -24 0 
2 -24 -9 3 20 37 2 -23 0 18 0 45 -16 -43 41 -36 -6 -35 35 -16 35 0 0 0 -35 -19 15 0 -21 44 0 19 0 -49 48 16 -24 -46 28 10 
0 39 0 22 -15 -20 18 -16 0 0 38 49 0 26 -3 -32 -35 -47 -44 -30 -47 0 0 11 -13 34 13 39 -10 5 0 -41 0 -49 -10 36 -21 0 25 -43 
39 -39 0 -44 -34 0 36 0 34 0 6 40 0 34 37 -39 35 -44 -30 -33 39 -45 38 -30 -33 0 0 -15 29 0 -6 6 0 -14 0 14 0 10 0 38 
0 -14 49 -5 11 0 0 -3 -31 -21 43 0 -4 -17 0 0 -16 -30 -33 0 17 36 31 0 -29 -10 17 -38 26 27 -28 0 -36 15 -27 45 -3 -28 0 0 
0 35 0 -8 -4 0 19 0 -37 0 -16 12 0 0 0 -33 35 -47 39 17 -35 -32 0 0 -2 0 -47 0 0 26 44 0 0 14 -33 0 0 30 -45 -1 
-15 0 27 -15 0 0 0 -48 -49 28 0 -16 0 6 -32 -35 0 0 -45 36 -32 -8 -47 27 28 -39 6 0 -21 -49 17 49 2 0 -34 0 0 0 -32 0 
-26 40 -40 0 0 -1 8 -21 11 0 0 -8 18 -17 32 -26 0 0 38 31 0 -47 44 -30 42 -11 17 -11 1 0 49 49 37 40 0 0 46 -17 -10 0 
-47 31 0 0 0 48 -35 -48 12 1 23 -10 -46 0 0 0 0 11 -30 0 0 27 -30 23 45 -3 0 -32 40 -39 0 37 0 41 -7 34 0 26 15 -23 
-23 0 -20 -49 -19 -14 33 44 8 -14 20 0 20 -27 0 20 -35 -13 -33 -29 -2 28 42 45 -5 44 0 0 37 0 -11 6 44 41 -28 -39 0 8 -25 0 
0 20 24 -49 37 -45 -1 24 44 9 0 41 39 0 14 -3 -19 34 0 -10 0 -39 -11 -3 44 -23 19 0 26 0 13 30 0 -17 0 0 -24 20 25 -17 
23 0 0 -17 -38 0 0 -10 -44 44 -31 0 -12 -6 -13 26 15 13 0 17 -47 6 17 0 0 19 18 0 0 46 0 0 0 47 1 -13 -24 -10 -43 17 
-7 11 -46 0 0 -5 -26 -20 -27 -17 -1 -36 -21 -40 -42 0 0 39 -15 -38 0 0 -11 -32 0 0 0 -30 30 0 -9 -4 0 -14 0 41 -42 49 0 0 
-13 0 -25 -35 9 5 0 0 0 -6 0 0 -35 0 22 0 -21 -10 29 26 0 -21 1 40 37 26 0 30 -49 0 49 1 0 0 -28 27 0 -39 -18 28 
11 0 22 -49 47 0 11 0 0 0 0 0 12 -43 33 0 44 5 0 27 26 -49 0 -39 0 0 46 0 0 19 38 -16 0 46 0 25 0 10 0 22 
36 0 -12 -26 -47 0 0 -21 11 -20 16 0 0 -42 -16 -22 0 0 -6 -28 44 17 49 0 -11 13 0 -9 49 38 -2 0 -13 -47 0 -27 -4 13 44 -26 
26 -8 35 30 12 0 0 0 0 0 0 19 0 0 -19 36 19 -41 6 0 0 49 49 37 6 30 0 -4 1 -16 0 -21 -6 0 -46 0 -16 0 2 -17 
-21 -1 0 19 0 0 -48 23 27 3 -2 16 -16 -49 -33 -35 0 0 0 -36 0 2 37 0 44 0 0 0 0 0 -13 -6 -48 23 0 18 31 42 -6 0 
0 14 -28 0 0 0 0 -9 0 0 0 0 42 -23 8 5 -49 -49 -14 15 14 0 40 41 41 -17 47 -14 0 46 -47 0 23 -32 0 37 33 15 0 0 
41 0 0 -49 45 0 -34 0 0 -49 -6 29 0 -42 6 0 48 -10 0 -27 -33 -34 0 -7 -28 0 1 0 -28 0 0 -46 0 0 0 0 -38 -7 43 35 
44 -28 -26 41 37 0 27 0 9 40 0 14 -25 28 15 16 16 36 14 45 0 0 0 34 -39 0 -13 41 27 25 -27 0 18 37 0 -8 -16 10 0 37 
-13 -40 -11 38 14 0 -11 39 0 0 -14 13 7 -19 -10 -40 -24 -21 0 -3 0 0 46 0 0 -24 -24 -42 0 0 -4 -16 31 33 -38 -16 -12 9 0 10 
-26 -29 0 0 0 38 34 -37 38 22 -28 -2 -35 0 0 9 -46 0 10 -28 30 0 -17 26 8 20 -10 49 -39 10 13 0 42 15 -7 10 9 -23 0 -15 
13 0 -31 0 -18 22 0 0 -10 -47 0 11 40 -30 26 -24 28 25 0 0 -45 -32 -10 15 -25 25 -43 0 -18 0 44 2 -6 0 43 0 0 0 -11 -48 
0 33 0 -46 11 -35 -22 0 -37 0 -37 -10 -40 0 0 0 10 -43 38 0 -1 0 0 -23 0 -17 17 0 28 22 -26 -17 0 0 35 37 10 -15 -48 -44 
