40
-39 -45 -2 -1 -45 -34 -18 20 16 -42 -20 0 -38 35 2 -42 -17 40 23 47 -25 -40 -33 25 -47 -42 33 -25 -14 17 -7 -44 -21 23 39 -16 7 21 48 37 
3 -17 -7 24 -41 0 22 -22 -9 -6 13 0 1 35 -16 -25 -5 47 -48 9 22 -1 -47 -21 32 -49 5 10 27 22 -21 -12 -42 2 13 35 -47 -4 49 21 
-17 39 21 16 -25 41 -11 -46 -24 -18 31 -13 -17 7 27 -37 15 41 -11 -11 -27 -10 6 -35 35 -44 0 -6 19 -19 28 -2 -48 7 -27 -2 -36 35 4 21 
-7 21 46 -26 -38 44 1 15 -41 15 -16 -29 42 23 35 -20 40 6 23 -49 9 46 36 -44 18 -3 20 24 33 47 -23 40 47 -25 -12 -34 -25 -5 38 41 
24 16 -26 39 33 -47 31 -38 23 12 -16 -38 -36 12 41 -7 23 -46 -18 -48 38 -8 5 8 -39 -43 15 34 24 5 -19 40 30 11 36 9 47 25 -48 -25 
-41 -25 -38 33 12 0 46 -28 -41 -25 8 38 11 20 -18 25 47 -38 13 -33 40 31 32 9 19 27 5 37 -36 41 -11 -8 -45 -4 -17 28 25 20 18 -17 
0 41 44 -47 0 22 -44 -21 9 22 45 6 -36 -2 -24 -33 40 -24 -7 -5 -45 33 -35 -20 43 42 -6 -37 -19 -37 43 22 -49 10 -9 -21 -9 -1 -2 38 
22 -11 1 31 46 -44 -4 -47 36 -41 -10 -47 -20 -12 25 3 12 41 -27 32 -44 23 -35 34 -34 27 40 -47 -5 40 -42 42 -32 -28 40 1 -26 -47 9 0 
-22 -46 15 -38 -28 -21 -47 -25 -41 -16 -4 -20 5 26 -22 29 38 37 -7 20 -44 -3 -49 45 -18 33 -49 -12 38 -34 21 -3 -15 -7 6 -8 10 -19 -26 2 
-9 -24 -41 23 -41 9 36 -41 1 -9 35 16 -10 -15 45 -26 -39 7 30 -20 10 -35 -25 -1 10 -38 21 -19 13 5 21 30 -42 -22 25 35 -32 29 40 10 
-6 -18 15 12 -25 22 -41 -16 -9 40 -30 -34 31 -18 -27 -2 28 29 -47 -41 24 6 -14 -20 28 -12 -14 -9 -7 16 48 32 -38 -16 -12 -48 -12 -45 -11 22 
13 31 -16 -16 8 45 -10 -4 35 -30 34 36 2 44 20 47 -10 25 -48 -35 13 48 -13 -43 -36 22 -13 -8 42 -40 -44 -28 47 28 -44 36 -47 0 -34 -22 
0 -13 -29 -38 38 6 -47 -20 16 -34 36 21 22 43 13 -24 15 -14 38 42 30 -6 26 -12 27 12 -8 -31 39 13 -38 8 30 21 38 6 49 36 -24 47 
1 -17 42 -36 11 -36 -20 5 -10 31 2 22 9 -1 -47 -41 -42 -49 2 42 -8 13 -11 13 35 -8 17 -41 3 47 -14 -37 49 41 -27 22 23 2 28 24 
35 7 23 12 20 -2 -12 26 -15 -18 44 43 -1 -23 -23 37 11 18 -19 -29 5 -14 32 -25 2 38 8 -10 16 -6 49 -29 -16 -40 17 32 13 -28 -49 -30 
-16 27 35 41 -18 -24 25 -22 45 -27 20 13 -47 -23 44 -39 16 -41 -13 8 38 -12 -35 -21 -45 -35 -39 -7 28 35 -10 22 9 9 49 -32 -30 -10 -31 31 
-25 -37 -20 -7 25 -33 3 29 -26 -2 47 -24 -41 37 -39 -44 12 6 -3 25 -41 30 -8 -22 -24 47 17 -49 -8 -29 -47 48 30 -19 27 33 -23 -41 -45 -17 
-5 15 40 23 47 40 12 38 -39 28 -10 15 -42 11 16 12 1 48 -31 8 35 -44 -23 5 -11 34 -20 -14 -6 19 31 48 8 35 -14 -31 14 0 -46 48 
47 41 6 -46 -38 -24 41 37 7 29 25 -14 -49 18 -41 6 48 -15 33 42 25 8 28 39 -37 12 22 -41 42 -4 -46 16 -13 -13 -41 -9 -49 -46 26 -13 
-48 -11 23 -18 13 -7 -27 -7 30 -47 -48 38 2 -19 -13 -3 -31 33 9 28 28 -44 -33 8 16 46 2 39 -49 44 24 -37 1 -43 -47 -39 -2 -20 2 -27 
9 -11 -49 -48 -33 -5 32 20 -20 -41 -35 42 42 -29 8 25 8 42 28 -36 38 40 -28 -1 34 -19 -13 -31 -20 11 27 26 -22 -7 -34 -31 -15 -43 -23 -1 
22 -27 9 38 40 -45 -44 -44 10 24 13 30 -8 5 38 -41 35 25 28 38 37 -38 27 -8 -41 12 27 -6 -24 -40 23 -14 43 27 9 23 -11 1 0 10 
-1 -10 46 -8 31 33 23 -3 -35 6 48 -6 13 -14 -12 30 -44 8 -44 40 -38 -25 -29 46 41 46 -26 1 -6 17 41 17 32 -13 -29 45 7 -22 -20 -26 
-47 6 36 5 32 -35 -35 -49 -25 -14 -13 26 -11 32 -35 -8 -23 28 -33 -28 27 -29 -8 43 33 3 -8 27 -5 -49 7 8 -11 -6 -40 -32 -14 15 -1 -34 
-21 -35 -44 8 9 -20 34 45 -1 -20 -43 -12 13 -25 -21 -22 5 39 8 -1 -8 46 43 37 23 3 23 35 28 39 48 -16 28 -21 -26 -46 -44 5 19 14 
32 35 18 -39 19 43 -34 -18 10 28 -36 27 35 2 -45 -24 -11 -37 16 34 -41 41 33 23 -23 28 -11 28 -6 -37 5 -37 -44 -23 -31 -17 7 -46 37 8 
-49 -44 -3 -43 27 42 27 33 -38 -12 22 12 -8 38 -35 47 34 12 46 -19 12 46 3 3 28 -45 -13 -36 -8 -43 6 -34 38 44 -17 42 -23 4 47 -14 
5 0 20 15 5 -6 40 -49 21 -14 -13 -8 17 8 -39 17 -20 22 2 -13 27 -26 -8 23 -11 -13 5 13 13 47 33 42 10 41 20 1 11 12 -16 -8 
10 -6 24 34 37 -37 -47 -12 -19 -9 -8 -31 -41 -10 -7 -49 -14 -41 39 -31 -6 1 27 35 28 -36 13 47 -8 29 -18 38 38 12 -21 -41 -47 -8 34 -30 
27 19 33 24 -36 -19 -5 38 13 -7 42 39 3 16 28 -8 -6 42 -49 -20 -24 -6 -5 28 -6 -8 13 -8 -25 3 1 -42 37 -27 28 -49 -42 37 14 1 
22 -19 47 5 41 -37 40 -34 5 16 -40 13 47 -6 35 -29 19 -4 44 11 -40 17 -49 39 -37 -43 47 29 3 35 -43 -6 17 -1 41 23 3 31 -11 21 
-21 28 -23 -19 -11 43 -42 21 21 48 -44 -38 -14 49 -10 -47 31 -46 24 27 23 41 7 48 5 6 33 -18 1 -43 -16 4 -18 -47 -25 18 -28 -49 -41 23 
-12 -2 40 40 -8 22 42 -3 30 32 -28 8 -37 -29 22 48 48 16 -37 26 -14 17 8 -16 -37 -34 42 38 -42 -6 4 29 41 -32 34 33 -36 -4 -46 -40 
-42 -48 47 30 -45 -49 -32 -15 -42 -38 47 30 49 -16 9 30 8 -13 1 -22 43 32 -11 28 -44 38 10 38 37 17 -18 41 -4 -48 5 24 48 -5 -24 27 
2 7 -25 11 -4 10 -28 -7 -22 -16 28 21 41 -40 9 -19 35 -13 -43 -7 27 -13 -6 -21 -23 44 41 12 -27 -1 -47 -32 -48 -22 -48 -45 21 -39 28 -4 
13 -27 -12 36 -17 -9 40 6 25 -12 -44 38 -27 17 49 27 -14 -41 -47 -34 9 -29 -40 -26 -31 -17 20 -21 28 41 -25 34 5 -48 42 18 -20 -25 -18 -32 
35 -2 -34 9 28 -21 1 -8 35 -48 36 6 22 32 -32 33 -31 -9 -39 -31 23 45 -32 -46 -17 42 1 -41 -49 23 18 33 24 -45 18 -7 41 30 38 40 
-47 -36 -25 47 25 -9 -26 10 -32 -12 -47 49 23 13 -30 -23 14 -49 -2 -15 -11 7 -14 -44 7 -23 11 -47 -42 3 -28 -36 48 21 -20 41 -36 -39 -46 39 
-4 35 -5 25 20 -1 -47 -19 29 -45 0 36 2 -28 -10 -41 0 -46 -20 -43 1 -22 15 5 -46 4 12 -8 37 31 -49 -4 -5 -39 -25 30 -39 -16 48 -5 
49 4 38 -48 18 -2 9 -26 40 -11 -34 -24 28 -49 -31 -45 -46 26 2 -23 0 -20 -1 19 37 47 -16 34 14 -11 -41 -46 -24 28 -18 38 -46 48 9 42 
21 21 41 -25 -17 38 0 2 10 22 -22 47 24 -30 31 -17 48 -13 -27 -1 10 -26 -34 14 8 -14 -8 -30 1 21 23 -40 27 -4 -32 40 39 -5 42 -6 
