40
-15 46 -42 0 33 -30 19 -20 26 27 7 4 0 -13 43 0 0 0 0 -31 49 -9 -6 0 -34 42 0 32 -17 12 44 -45 24 27 -44 0 34 45 -4 -6 
-14 48 0 -8 29 49 -44 -25 -1 0 0 0 -29 -45 42 9 -20 22 -27 0 10 36 -32 48 -30 -7 0 0 30 -21 5 0 37 0 29 22 0 22 -7 0 
48 0 -24 0 20 0 40 16 0 27 40 -31 -16 0 -33 0 -5 17 36 -1 21 -10 0 4 0 0 -39 17 -6 17 0 -23 -12 -37 0 36 0 -37 -30 -18 
0 -24 0 -16 35 41 -16 48 6 37 12 11 0 0 -45 -41 10 0 -19 29 0 -43 30 -37 0 13 -4 0 -16 6 0 39 0 0 0 30 16 -7 21 -23 
-8 0 -16 0 12 -32 0 -19 0 43 -11 -49 37 0 48 17 29 -4 8 0 34 0 0 5 41 -47 3 0 1 0 47 13 -23 0 31 11 29 39 -23 0 
29 20 35 12 27 0 5 8 37 0 9 0 0 -9 17 0 19 43 33 -22 12 6 18 0 48 26 -39 24 46 0 19 29 9 0 -2 2 22 49 14 0 
49 0 41 -32 0 6 29 -2 0 0 13 18 -19 0 0 38 0 -45 49 -41 17 -33 2 -20 -25 -30 0 -25 -8 -40 -12 -18 0 -48 35 0 -8 -1 20 43 
-44 40 -16 0 5 29 18 0 0 -19 -6 -41 25 0 0 2 -23 44 -44 -11 20 0 48 27 0 0 -8 -26 16 0 -42 -43 0 -16 0 0 36 10 -31 11 
-25 16 48 -19 8 -2 0 30 -46 0 0 -35 40 34 0 27 40 -8 31 31 0 13 29 -14 33 -42 0 0 0 46 -17 27 -31 0 1 17 44 30 -18 34 
-1 0 6 0 37 0 0 -46 -19 -11 46 46 0 29 28 -8 0 -44 1 -49 0 0 13 -17 14 0 0 18 -41 14 0 0 0 3 -36 0 34 -43 -11 -30 
0 27 37 43 0 0 -19 0 -11 44 -44 0 -48 8 0 2 7 -8 39 -42 0 0 -3 0 0 0 0 49 -5 1 0 3 10 0 0 -45 38 44 -33 -21 
0 40 12 -11 9 13 -6 0 46 -44 11 19 0 -30 0 -44 48 9 13 -28 -43 0 19 -39 -38 -49 10 0 40 23 -32 9 -47 12 0 40 -19 -26 0 -5 
0 -31 11 -49 0 18 -41 -35 46 0 19 0 0 10 0 -26 0 0 0 -29 -47 -18 2 41 3 -32 -33 -45 0 -12 -37 0 0 -48 44 15 -43 40 2 -33 
-29 -16 0 37 0 -19 25 40 0 -48 0 0 -32 0 -24 0 39 -20 0 0 3 48 0 -19 0 -26 11 -37 -28 -26 0 -43 0 49 -22 44 25 0 0 35 
-45 0 0 0 -9 0 0 34 29 8 -30 10 0 40 36 7 17 10 -5 -11 -31 0 15 0 0 41 -21 0 0 -23 36 0 -42 47 25 -29 0 -15 -38 0 
42 -33 -45 48 17 0 0 0 28 0 0 0 -24 36 -41 -30 8 -6 33 0 1 0 49 38 0 0 0 0 -39 0 -9 9 42 25 31 27 44 -40 12 0 
9 0 -41 17 0 38 2 27 -8 2 -44 -26 0 7 -30 -5 33 0 -1 0 43 -12 22 0 0 0 0 0 -14 0 -37 -13 0 -18 -12 0 -11 0 -11 11 
-20 -5 10 29 19 0 -23 40 0 7 48 0 39 17 8 33 0 16 0 22 33 0 35 41 -22 -9 29 5 10 -41 17 -34 13 0 0 -14 -26 14 40 0 
22 17 0 -4 43 -45 44 -8 -44 -8 9 0 -20 10 -6 0 16 10 -19 26 0 43 -10 -31 36 44 -41 32 43 0 0 0 -41 13 0 -3 0 -44 -13 12 
-27 36 -19 8 33 49 -44 31 1 39 13 0 0 -5 33 -1 0 -19 0 0 39 -32 -21 -18 40 1 1 14 14 -4 0 10 0 -10 -8 -25 -21 0 28 -14 
0 -1 29 0 -22 -41 -11 31 -49 -42 -28 -29 0 -11 0 0 22 26 0 0 -32 -39 0 7 0 0 -34 22 -16 0 -42 11 38 0 0 0 -31 43 0 8 
10 21 0 34 12 17 20 0 0 0 -43 -47 3 -31 1 43 33 0 39 -32 13 -37 0 36 -39 -2 0 35 -26 0 49 -6 -8 -12 -26 0 42 -38 3 42 
36 -10 -43 0 6 -33 0 13 0 0 0 -18 48 0 0 -12 0 43 -32 -39 -37 0 -35 0 26 20 0 -17 0 0 0 1 0 15 -21 19 0 -14 -1 4 
-32 0 30 0 18 2 48 29 13 -3 19 2 0 15 49 22 35 -10 -21 0 0 -35 3 45 36 49 34 9 11 -27 -30 -1 -7 -2 0 -15 -15 0 0 38 
48 4 -37 5 0 -20 27 -14 -17 0 -39 41 -19 0 38 0 41 -31 -18 7 36 0 45 0 -40 27 -3 0 37 0 -46 0 -44 21 0 36 2 0 42 0 
-30 0 0 41 48 -25 0 33 14 0 -38 3 0 0 0 0 -22 36 40 0 -39 26 36 -40 -34 -16 13 10 18 29 41 -30 0 -42 42 20 -47 0 9 0 
-7 0 13 -47 26 -30 0 -42 0 0 -49 -32 -26 41 0 0 -9 44 1 0 -2 20 49 27 -16 -31 0 47 -28 -47 0 0 -20 3 -2 0 -1 28 20 21 
0 -39 -4 3 -39 0 -8 0 0 0 10 -33 11 -21 0 0 29 -41 1 -34 0 0 34 -3 13 0 -45 -17 0 9 0 0 0 0 0 7 -19 -22 17 13 
0 17 0 0 24 -25 -26 0 18 49 0 -45 -37 0 0 0 5 32 14 22 35 -17 9 0 10 47 -17 -14 23 26 18 1 -29 0 12 0 0 -14 0 0 
30 -6 -16 1 46 -8 16 0 -41 -5 40 0 -28 0 -39 -14 10 43 14 -16 -26 0 11 37 18 -28 0 23 0 -24 0 32 -24 0 0 32 -33 -11 11 0 
-21 17 6 0 0 -40 0 46 14 1 23 -12 -26 -23 0 0 -41 0 -4 0 0 0 -27 0 29 -47 9 26 -24 41 0 0 0 6 0 41 28 13 0 16 
5 0 0 47 19 -12 -42 -17 0 0 -32 -37 0 36 -9 -37 17 0 0 -42 49 0 -30 -46 41 0 0 18 0 0 -12 -23 -31 0 -39 -6 39 0 0 -30 
0 -23 39 13 29 -18 -43 27 0 3 9 0 -43 0 9 -13 -34 0 10 11 -6 1 -1 0 -30 0 0 1 32 0 -23 -18 -46 0 -47 0 -8 31 4 38 
37 -12 0 -23 9 0 0 -31 0 10 -47 0 0 -42 42 0 13 -41 0 38 -8 0 -7 -44 0 -20 0 -29 -24 0 -31 -46 22 -2 0 0 0 0 0 48 
0 -37 0 0 0 -48 -16 0 3 0 12 -48 49 47 25 -18 0 13 -10 0 -12 15 -2 21 -42 3 0 0 0 6 0 0 -2 0 1 0 -43 -24 -17 31 
29 0 0 31 -2 35 0 1 -36 0 0 44 -22 25 31 -12 0 0 -8 0 -26 -21 0 0 42 -2 0 12 0 0 -39 -47 0 1 3 0 -2 -18 -21 48 
22 36 30 11 2 0 0 17 0 -45 40 15 44 -29 27 0 -14 -3 -25 0 0 19 -15 36 20 0 7 0 32 41 -6 0 0 0 0 25 0 19 3 0 
0 0 16 29 22 -8 36 44 34 38 -19 -43 25 0 44 -11 -26 0 -21 -31 42 0 -15 2 -47 -1 -19 0 -33 28 39 -8 0 -43 -2 0 0 -43 0 7 
22 -37 -7 39 49 -1 10 30 -43 44 -26 40 0 -15 -40 0 14 -44 0 43 -38 -14 0 0 0 28 -22 -14 -11 13 0 31 0 -24 -18 19 -43 0 0 1 
-7 -30 21 -23 14 20 -31 -18 -11 -33 0 2 0 -38 12 -11 40 -13 28 0 3 -1 0 42 9 20 17 0 11 0 0 4 0 -17 -21 3 0 0 -21 23 
0 -18 -23 0 0 43 11 34 -30 -21 -5 -33 35 0 0 11 0 12 -14 8 42 4 38 0 0 21 13 0 0 16 -30 38 48 31 48 0 7 1 23 0 
