40
-15 46 -42 0 33 -30 19 -20 26 27 7 4 49 -38 0 23 0 -31 49 -9 -6 -31 18 0 0 32 -17 12 44 -45 24 27 -44 0 34 45 -4 -6 -14 48 
0 -8 29 49 -44 -25 -1 0 0 -15 -11 -20 26 -29 -24 -15 -4 12 40 35 39 16 -1 38 -27 -4 34 -42 0 -7 20 22 -7 0 23 -25 36 40 16 0 
-8 27 40 -31 -16 0 -33 0 -5 17 36 -1 21 -10 0 4 0 0 -39 17 -6 17 35 -29 -47 46 0 -37 -34 48 5 -16 35 41 -16 48 6 37 12 11 
29 40 0 0 -45 -41 10 3 -36 -25 -8 8 -2 13 -4 -39 -32 0 0 39 0 0 0 30 16 -7 21 -23 0 12 -32 5 17 0 -21 43 0 37 20 -36 
49 -31 0 0 29 -4 8 0 34 0 36 38 45 -24 -35 -20 47 13 -23 32 -18 -44 46 33 -38 -24 5 8 37 38 32 -9 17 0 19 43 33 -22 12 6 
-44 -16 -45 29 18 0 48 26 -39 24 46 0 19 29 9 0 -2 2 22 49 14 -20 -14 0 -2 0 0 13 18 -19 -17 5 -45 49 -41 17 -33 2 -20 -25 
-25 0 -41 -4 0 -30 0 -25 -8 -40 -12 -18 -29 -2 39 32 0 -14 -14 20 7 -19 -6 -41 25 -21 0 39 -14 -29 0 -11 20 0 48 27 6 46 43 0 
-1 -33 10 8 48 0 -22 44 -35 -16 0 48 4 -29 24 14 7 -17 -35 40 34 0 27 40 -8 31 31 0 13 29 -14 33 -42 36 46 -17 27 -31 0 1 
0 0 3 0 26 -25 44 17 44 30 -18 34 -19 -11 46 46 16 -38 -29 19 0 -24 -13 -47 13 -17 14 0 0 18 -41 14 0 0 0 3 -36 0 34 -43 
0 -5 -36 34 -39 -8 -35 44 -11 -30 44 -44 0 -48 8 6 0 7 -8 39 -42 0 0 -3 0 -48 -27 -35 0 -34 -13 -46 1 0 -45 38 44 -33 -21 11 
-15 17 -25 0 24 -40 -16 30 -30 19 0 -30 0 -44 48 9 13 -28 -43 0 19 -39 -38 -49 10 0 40 23 -32 9 -47 12 0 40 -19 -26 0 -5 -18 41 
-11 36 -8 36 46 -12 0 -18 44 0 -26 0 0 17 0 -47 -18 2 41 3 -32 -33 -45 0 -12 -37 -18 19 28 -6 0 2 0 2 -33 -32 0 -24 -6 1 
-20 -1 8 38 0 -18 48 34 -44 -30 0 0 0 0 3 48 0 -19 0 -26 11 -37 -28 -26 0 -43 42 0 -22 44 25 0 0 35 40 36 7 17 10 -5 
26 21 -2 45 19 -29 4 -19 0 0 0 0 -11 -31 0 15 0 0 41 -21 0 0 -23 36 0 -42 47 25 -29 1 3 -16 -36 0 48 0 -6 33 0 1 
-29 -10 13 -24 29 -2 -29 -11 -48 -44 17 0 -31 -22 -40 0 0 0 0 0 -39 -37 -8 22 2 36 0 27 44 -40 12 -37 18 19 -27 43 -12 22 0 0 
-24 0 -4 -35 9 39 24 46 8 48 0 3 0 -40 10 -14 0 -37 -13 19 31 3 0 28 -41 -41 16 0 22 33 0 35 41 -22 -9 29 5 10 -41 17 
-15 4 -39 -20 0 32 14 46 6 9 -47 48 15 0 -14 -34 13 40 22 44 39 33 10 -19 26 0 43 -10 -31 36 44 -41 32 43 15 -41 13 0 -3 39 
-4 0 -32 47 -2 0 7 16 0 13 -18 0 0 0 0 13 -29 -8 -6 39 -32 -21 -18 40 1 1 14 14 -4 0 10 0 -10 -8 -25 -21 0 28 -14 49 
12 0 0 13 2 -14 -17 -38 7 -28 2 -19 0 0 -37 40 -8 -49 -34 -41 -29 22 -35 -25 5 -24 17 -15 -40 -20 8 13 -37 0 36 -39 -2 0 35 -26 
40 -39 0 -23 22 -14 -35 -29 -8 -43 41 0 41 0 -13 22 -6 -34 0 49 -6 -8 -12 -26 -38 0 -38 3 42 9 23 1 49 -17 0 0 0 1 32 -49 
35 17 39 32 49 20 40 19 39 0 3 -26 -21 0 19 44 39 -41 49 -6 -25 34 0 -44 40 26 -14 -32 -4 0 9 11 -27 -30 -1 -7 -2 -35 -43 3 
39 -6 0 -18 14 7 34 0 -42 19 -32 11 0 -39 31 39 -32 -29 -6 -25 38 0 -40 27 -3 16 0 0 -46 1 2 36 36 32 42 0 -34 -16 13 10 
16 17 0 -44 -20 -19 0 -24 0 -39 -33 -37 0 -37 3 33 -21 22 -8 34 0 18 29 41 -30 1 0 42 20 -47 0 9 21 36 -1 34 0 46 -20 3 
-1 35 0 46 -14 -6 27 -13 0 -38 -45 -28 -23 -8 0 10 -18 -35 -12 0 -40 29 -2 -49 -46 0 20 21 -45 -17 0 33 0 18 0 -27 0 -22 17 13 
38 -29 30 33 0 -41 40 -47 -3 -49 0 -26 36 22 28 -19 40 -25 -26 -44 27 41 -49 -14 23 26 18 1 -29 0 12 37 0 -49 -43 39 0 37 1 32 
-27 -47 16 -38 -2 25 -8 13 0 10 -12 0 0 2 -41 26 1 5 -38 40 -3 -30 -46 23 -33 -11 11 0 41 30 6 0 41 28 13 0 16 -12 -23 -31 
-4 46 -7 -24 0 -21 31 -17 -48 0 -37 -43 -42 36 -41 0 1 -24 0 26 16 1 0 26 -11 0 -39 -6 39 -42 18 25 38 -47 0 -8 31 4 38 22 
34 0 21 5 0 0 31 14 -27 40 -18 42 47 0 16 43 14 17 -38 -14 0 0 20 18 11 -39 -2 0 31 0 48 0 1 0 -43 -24 -17 31 3 0 
-42 -37 -23 8 13 39 0 0 -35 23 19 0 25 27 0 -10 14 -15 3 -32 0 42 21 1 0 -6 0 -2 -18 -21 48 25 -28 -42 -31 -43 18 7 48 -34 
0 -34 0 37 18 -14 13 0 0 -32 28 -22 -29 44 22 -31 -4 -40 42 -4 -46 20 -45 -29 41 39 31 -18 -39 -34 40 24 15 0 -15 -10 12 -1 0 0 
-7 48 12 38 -19 -29 29 18 -34 9 -6 44 1 -40 33 36 0 -20 9 0 1 -47 -17 0 30 -42 0 -21 -34 0 -9 5 47 -25 34 33 -41 -27 15 20 
20 5 -32 32 -17 0 -14 -41 -13 -47 0 25 3 12 0 44 10 8 23 9 2 0 0 12 6 18 48 48 40 -9 26 22 37 -12 -24 -15 -27 34 -38 -22 
22 -16 5 -9 5 -11 33 14 -46 12 2 0 -16 -37 35 -41 0 13 1 11 36 9 33 37 0 25 0 25 24 5 22 34 0 -2 3 28 -38 -14 0 -48 
-7 35 17 17 -45 20 -42 0 1 0 0 0 -36 18 41 32 -10 -37 49 -27 36 21 0 0 41 38 1 -28 15 47 37 0 -11 10 0 -32 -21 -39 -2 -6 
0 41 0 0 49 0 36 0 0 40 2 35 0 19 -22 43 -8 0 -17 -30 32 36 18 -49 28 -47 0 -42 0 -25 -12 -2 10 9 9 44 0 24 -8 -4 
23 -16 -21 19 -41 48 46 0 -45 -19 -33 40 48 -27 -9 15 -25 36 0 -1 42 -1 0 -43 13 0 -43 -31 -15 34 -24 3 0 9 2 16 -21 -17 -39 32 
-25 48 43 43 17 27 -17 3 38 -26 -32 36 0 43 29 -41 -21 -39 0 -7 0 34 -27 39 0 -8 -24 -43 -10 33 -15 28 -32 44 16 -34 0 -14 0 16 
36 6 0 33 -33 6 27 -36 44 0 0 7 -6 -12 5 13 0 -2 0 -2 -34 0 0 0 16 31 -17 18 12 -41 -27 -38 -21 0 -21 0 40 -19 -29 3 
40 37 37 -22 2 46 -31 0 -33 -5 -24 17 33 22 10 0 28 0 1 -35 -16 46 -22 37 -12 4 31 7 -1 -27 34 -14 -39 24 -17 -14 -19 41 10 -17 
16 12 20 12 -20 43 0 34 -21 -18 -6 10 0 0 -41 -3 -14 35 32 -43 13 -20 17 1 -23 38 3 48 0 15 -38 0 -2 -8 -39 0 -29 10 15 37 
0 11 -36 6 -25 0 1 -43 11 41 1 -5 1 0 17 39 49 -26 -49 3 10 3 13 32 -31 22 0 -34 0 20 -22 -48 -6 -4 32 16 3 -17 37 -26 
